200,'65040',611,4,8011,1,,,0,31,4,8012,1,,,0,63,,8013,1,,,0,29,5,8014,1,,,0,75,5,8015,1,,,0,34,6,8016,1,,,0,73,5,8017,1,,,0,114,4,8018,1,,,0,100,4,8019,1,,,0,101,4,8020,1,,,0,100,4,8021,1,,,0,104,4,8022,1,,,0,100,5,8023,1,,,0,70,5,8024,1,,,0,33,5,8025,1,,,0,70,5,8026,1,,,0,30,5,8027,1,,,0,69,4,8028,1,,,0,28,4,8029,1,,,0,67,44,8030,1,,,0,99,44,8031,1,,,0,100,44,8032,1,,,0,109,3,8033,1,,,0,99,6,8034,1,,,0,104,7,8035,1,,,0
200,'65041',705,3,8045,1,,,0,95,50,8046,1,,,0,55,3,8036,1,,,0,88,2,8037,1,,,0,97,3,8038,1,,,0,100,3,8039,1,,,0,100,3,8040,1,,,0,100,3,8041,1,,,0,100,3,8042,1,,,0,102,3,8043,1,,,0,99,3,8044,1,,,0,100,3,8047,1,,,0,86,3,8048,1,,,0,83,4,8049,1,,,0,98,3,8051,1,,,0,99,3,8052,1,,,0,99,3,8050,1,,,0,100,6,8053,1,,,0
200,'65042',705,3,8063,1,,,0,95,50,8064,1,,,0,55,3,8054,1,,,0,88,2,8055,1,,,0,97,3,8056,1,,,0,100,3,8057,1,,,0,100,3,8058,1,,,0,100,3,8059,1,,,0,100,3,8060,1,,,0,102,3,8061,1,,,0,99,3,8062,1,,,0,100,3,8065,1,,,0,86,3,8066,1,,,0,83,4,8067,1,,,0,98,3,8069,1,,,0,99,3,8070,1,,,0,99,3,8068,1,,,0,100,6,8071,1,,,0
201,'65040',654,,8072,30,4,,0,85,,8073,30,4,,0,65,,8074,30,4,,0,33,,8075,30,4,,0,74,,8076,30,4,,0,102,,8077,30,4,,0,99,,8078,30,4,,0,99,,8079,30,4,,0,100,,8080,30,4,,0,101,,8081,30,4,,0,99,,8082,30,4,,0,27,,8083,30,4,,0,70,,8084,30,4,,0,31,,8085,30,4,,0,70,,8086,30,4,,0,33,,8087,30,4,,0,72,,8094,30,4,,0,31,,8088,30,4,,0,74,,8089,30,4,,0,39,,8095,30,4,,0,100,,8090,30,4,,0,145,,8091,30,4,,0,50,,8092,30,4,,0,100,,8093,30,4,,0
201,'65041',750,,8104,30,4,,0,102,,8105,30,4,,0,89,,8096,30,4,,0,69,,8097,30,4,,0,100,,8098,30,4,,0,100,,8099,30,4,,0,100,,8100,30,4,,0,100,,8101,30,4,,0,100,,8102,30,4,,0,100,,8103,30,4,,0,30,,8106,30,4,,0,113,,8107,30,4,,0,100,,8108,30,4,,0,100,,8109,30,4,,0,100,,8110,30,4,,0,100,,8111,30,4,,0,100,,8112,30,4,,0,100,,8113,30,4,,0
201,'65042',750,,8122,30,4,,0,102,,8123,30,4,,0,89,,8114,30,4,,0,69,,8115,30,4,,0,100,,8116,30,4,,0,100,,8117,30,4,,0,100,,8118,30,4,,0,100,,8119,30,4,,0,100,,8120,30,4,,0,100,,8121,30,4,,0,30,,8124,30,4,,0,113,,8125,30,4,,0,100,,8126,30,4,,0,100,,8127,30,4,,0,100,,8128,30,4,,0,100,,8129,30,4,,0,100,,8130,30,4,,0,100,,8131,30,4,,0
1100,'65040',658,4,9345,1,,,0,86,5,9346,1,,,0,65,5,9347,1,,,0,107,5,9348,1,,,0,101,4,9349,1,,,0,99,4,9350,1,,,0,99,4,9351,1,,,0,100,4,9352,1,,,0,101,4,9353,1,,,0,99,4,9354,1,,,0,27,4,9355,1,,,0,71,5,9356,1,,,0,31,5,9357,1,,,0,70,5,9358,1,,,0,33,5,9359,1,,,0,71,4,9376,1,0,22 23 2 67,0,31,4,9360,1,,,0,74,4,9377,1,0,22 23 2 67,0,79,44,9361,1,,,0,100,44,9362,1,,,0,105,4,9363,1,,,0,101,55,9364,1,0,57,0,51,6,9379,1,0,22 23 2 67,0
1100,'65041',753,3,9396,1,,,0,102,3,9380,1,,,0,70,3,9381,1,,,0,87,2,9382,1,,,0,100,2,9383,1,,,0,100,2,9384,1,,,0,100,2,9385,1,,,0,100,2,9386,1,,,0,100,2,9387,1,,,0,100,2,9398,1,,,0,30,2,9399,1,,,0,113,2,9401,1,,,0,100,2,9402,1,,,0,100,2,9403,1,,,0,100,2,9404,1,,,0,100,2,9405,1,,,0,100,2,9406,1,,,0,100,2,9407,1,0,22 23 2 67,0
1100,'65042',753,3,9424,1,,,0,102,3,9408,1,,,0,70,3,9409,1,,,0,87,2,9410,1,,,0,100,2,9411,1,,,0,100,2,9412,1,,,0,100,2,9413,1,,,0,100,2,9414,1,,,0,100,2,9415,1,,,0,100,2,9426,1,,,0,30,2,9427,1,,,0,113,2,9429,1,,,0,100,2,9430,1,,,0,100,2,9431,1,,,0,100,2,9432,1,,,0,100,2,9433,1,,,0,100,2,9434,1,,,0,100,2,9435,1,0,22 23 2 67,0
1101,'65040',607,,9457,45,4,,0,31,,9458,45,4,,0,91,,9436,78,4,,0,75,,9437,78,4,,0,107,,9438,78,4,,0,115,,9439,78,4,,0,100,,9440,78,4,,0,101,,9441,78,4,,0,100,,9442,78,4,,0,104,,9443,78,4,,0,99,,9444,78,4,,0,70,,9445,78,4,,0,33,,9446,78,4,,0,70,,9447,78,4,,0,30,,9448,78,4,,0,70,,9449,78,4,,0,28,,9450,78,4,,0,27,,9451,78,4,,0,99,,9452,78,4,,0,100,,9453,78,4,,0,150,,9454,78,4,,0,96,,9455,78,4,,0,103,,9456,78,4,,0
1101,'65041',702,,9495,45,4,,0,48,,9496,45,4,,0,102,,9494,78,4,,0,70,,9477,56,4,,0,115,,9478,78,4,,0,100,,9479,78,4,,0,100,,9480,78,4,,0,100,,9481,78,4,,0,100,,9482,78,4,,0,102,,9483,78,4,,0,99,,9484,78,4,,0,100,,9485,78,4,,0,86,,9498,78,4,,0,82,,9500,78,4,,0,99,,9501,78,4,,0,99,,9502,78,4,,0,99,,9503,78,4,,0,97,,9504,78,4,,0,59,,9505,78,4,,0
1101,'65042',702,,9525,45,4,,0,48,,9526,45,4,,0,102,,9524,78,4,,0,70,,9507,56,4,,0,115,,9508,78,4,,0,100,,9509,78,4,,0,100,,9510,78,4,,0,100,,9511,78,4,,0,100,,9512,78,4,,0,102,,9513,78,4,,0,99,,9514,78,4,,0,100,,9515,78,4,,0,86,,9528,78,4,,0,82,,9530,78,4,,0,99,,9531,78,4,,0,99,,9532,78,4,,0,99,,9533,78,4,,0,97,,9534,78,4,,0,59,,9535,78,4,,0
2800,'65040',715,,10630,1,0,26 3 27,2,19,5,10632,1,0,28,2,16,2,10642,1,0,26 3 27,2,59,5,10633,1,0,28,2,20,5,10631,1,0,26 3 27,2,687,,10634,1,0,28,2,25,11,10641,1,0,26 3 27,2,16,2,10636,1,0,28,2,56,2,10635,1,0,26 3 27,2,16,2,10637,1,0,28,2,21,6,10640,1,0,26 3 27,2,56,2,10638,1,0,29 30,2,14,4,10639,1,0,26 3 27,2
2801,'65040',729,,10643,7,4,,2,19,,10645,3,4,,2,56,,10654,7,4,,2,20,,10646,3,4,,2,19,,10644,7,4,,2,687,,10647,3,4,,2,25,,10655,7,4,,2,56,,10648,3,4,,2,16,,10649,7,4,,2,17,,10651,3,4,,2,60,,10652,7,4,,2,12,,10650,3,4,,2,18,,10653,7,4,,2
60600,'65040',705,,11437,4,4,,0
60601,'65041',2359,,11438,1,,,0
60601,'65042',2359,,11439,1,,,0
