201,'65040',634,,8072,3,,,0,85,,8073,3,,,0,25,,8074,3,,,0,72,,8075,3,,,0,34,,8076,3,,,0,102,,8077,3,,,0,99,,8078,3,,,0,98,,8079,3,,,0,100,,8080,3,,,0,100,,8081,3,,,0,99,,8082,3,,,0,67,,8083,3,,,0,30,,8084,3,,,0,71,,8085,3,,,0,31,,8086,3,,,0,73,,8087,3,,,0,33,,8094,3,,,0,71,,8088,3,,,0,34,,8089,3,,,0,79,,8095,3,,,0,100,,8090,3,,,0,107,,8091,3,,,0,91,,8092,3,,,0,100,,8093,3,,,0
201,'65041',731,,8104,3,,,0,102,,8105,3,,,0,88,,8096,3,,,0,29,,8097,3,,,0,100,,8098,3,,,0,99,,8099,3,,,0,99,,8100,3,,,0,100,,8101,3,,,0,100,,8102,3,,,0,100,,8103,3,,,0,70,,8106,3,,,0,114,,8107,3,,,0,100,,8108,3,,,0,102,,8109,3,,,0,100,,8110,3,,,0,100,,8111,3,,,0,101,,8112,3,,,0,100,,8113,3,,,0
201,'65042',731,,8122,3,,,0,102,,8123,3,,,0,88,,8114,3,,,0,29,,8115,3,,,0,100,,8116,3,,,0,99,,8117,3,,,0,99,,8118,3,,,0,100,,8119,3,,,0,100,,8120,3,,,0,100,,8121,3,,,0,70,,8124,3,,,0,114,,8125,3,,,0,100,,8126,3,,,0,102,,8127,3,,,0,100,,8128,3,,,0,100,,8129,3,,,0,101,,8130,3,,,0,100,,8131,3,,,0
401,'65040',636,,8500,3,,,0,19,,8456,35,,,0,61,,8457,35,,,0,17,,8458,35,,,0,19,,8482,3,,,0,56,,8459,35,,,0,34,,8460,35,,,0,62,,8461,35,,,0,34,,8462,35,,,0,15,,8483,3,,,0,55,,8484,3,,,0,21,,8463,35,,,0,16,,8485,3,,,0,63,,8486,3,,,0,20,,8464,35,,,0,18,,8487,3,,,0,60,,8488,3,,,0,23,,8480,35,,,0,15,,8489,3,,,0,62,,8490,3,,,0,23,,8479,35,,,0,17,,8491,3,,,0,63,,8478,35,,,0,24,,8492,3,,,0,19,,8493,3,,,0,72,,8494,3,,,0,15,,8476,35,,,0,70,,8475,35,,,0,15,,8495,3,,,0,15,,8474,35,,,0,13,,8499,3,,,0,55,,8473,35,,,0,19,,8472,35,,,0,31,,8471,35,,,0,73,,8470,35,,,0,80,,8469,35,,,0,45,,8468,35,,,0,69,,8467,35,,,0,31,,8466,35,,,0,72,,8465,35,,,0,25,,8498,3,,,0,84,,8497,3,,,0,101,,8496,3,,,0
401,'65041',707,,8517,3,,,0,24,,8518,3,,,0,76,,8519,3,,,0,22,,8516,35,,,0,78,,8530,35,,,0,16,,8531,3,,,0,29,,8508,35,,,0,71,,8501,3,,,0,29,,8509,35,,,0,71,,8502,3,,,0,29,,8510,35,,,0,71,,8503,3,,,0,29,,8511,35,,,0,71,,8504,3,,,0,30,,8512,35,,,0,70,,8505,3,,,0,30,,8513,35,,,0,70,,8506,3,,,0,29,,8514,35,,,0,70,,8507,3,,,0,30,,8515,35,,,0,70,,8523,3,,,0,29,,8529,35,,,0,61,,8520,35,,,0,22,,8521,35,,,0,99,,8524,3,,,0,100,,8525,3,,,0,99,,8526,3,,,0,100,,8527,3,,,0,100,,8528,3,,,0
401,'65042',707,,8548,3,,,0,24,,8549,3,,,0,76,,8550,3,,,0,22,,8547,35,,,0,78,,8561,35,,,0,16,,8562,3,,,0,29,,8539,35,,,0,71,,8532,3,,,0,29,,8540,35,,,0,71,,8533,3,,,0,29,,8541,35,,,0,71,,8534,3,,,0,29,,8542,35,,,0,71,,8535,3,,,0,30,,8543,35,,,0,70,,8536,3,,,0,30,,8544,35,,,0,70,,8537,3,,,0,29,,8545,35,,,0,70,,8538,3,,,0,30,,8546,35,,,0,70,,8554,3,,,0,29,,8560,35,,,0,61,,8551,35,,,0,22,,8552,35,,,0,99,,8555,3,,,0,100,,8556,3,,,0,99,,8557,3,,,0,100,,8558,3,,,0,100,,8559,3,,,0
901,'65040',714,,9289,33,,,0,25,,9290,33,,,0,70,,9291,33,,,0,115,,9292,33,,,0,100,,9293,33,,,0,100,,9294,33,,,0,102,,9295,33,,,0,31,,9296,33,,,0,101,,9297,33,,,0,100,,9298,33,,,0,70,,9299,33,,,0,28,,9300,33,,,0,174,,9301,33,,,0
901,'65041',1020,,9313,33,,,0,101,,9314,33,,,0,101,,9320,33,,,0,100,,9319,33,,,0,100,,9318,33,,,0,100,,9317,33,,,0,101,,9316,33,,,0,101,,9315,33,,,0
901,'65042',1020,,9329,33,,,0,101,,9330,33,,,0,101,,9336,33,,,0,100,,9335,33,,,0,100,,9334,33,,,0,100,,9333,33,,,0,101,,9332,33,,,0,101,,9331,33,,,0
1701,'65040',830,,10125,3,,,0,678,,10132,3,,,0,45,,10133,3,,,0,186,,10136,3,,,0,71,,10137,3,,,0,31,,10138,3,,,0,85,,10139,3,,,0
2000,'65040',655,,10301,3,,,2,68,,10302,3,,,2,29,,10303,3,,,2,77,,10304,3,,,2,371,,10305,3,,,2,30,,10306,3,,,2,301,,10311,3,,,2,70,,10312,3,,,2,30,,10307,3,,,2,69,,10309,3,,,2,30,,10310,3,,,2,71,,10308,3,,,2
5100,'65040',636,,10823,3,,,0,81,,10824,3,,,0,15,,10825,3,,,0,109,,10826,3,,,0,100,,10827,3,,,0,100,,10828,3,,,0,102,,10829,3,,,0,99,,10830,3,,,0,101,,10831,3,,,0,100,,10832,3,,,0,69,,10833,3,,,0,29,,10834,3,,,0,69,,10835,3,,,0,26,,10836,3,,,0,65,,10837,3,,,0,29,,10838,3,,,0,71,,10839,3,,,0,29,,10840,3,,,0,85,,10841,3,,,0,87,,10842,3,,,0,98,,10843,3,,,0,40,,10844,3,,,0,97,,10845,3,,,0
5100,'65041',830,,10857,3,,,2,97,,10859,3,,,2,98,,10858,3,,,2,100,,10860,3,,,2,100,,10856,3,,,2,100,,10855,3,,,2,100,,10854,3,,,2,100,,10853,3,,,2,100,,10852,3,,,2,111,,10851,3,,,2,99,,10846,3,,,2,100,,10848,3,,,2,100,,10849,3,,,2,100,,10850,3,,,2,100,,10847,3,,,2
5100,'65042',830,,10872,3,,,2,97,,10874,3,,,2,98,,10873,3,,,2,100,,10875,3,,,2,100,,10871,3,,,2,100,,10870,3,,,2,100,,10869,3,,,2,100,,10868,3,,,2,100,,10867,3,,,2,111,,10866,3,,,2,99,,10861,3,,,2,100,,10863,3,,,2,100,,10864,3,,,2,100,,10865,3,,,2,100,,10862,3,,,2
5501,'65040',740,,10979,43,,,2,160,,10972,43,,,2,116,,10980,43,,,2,113,,10973,43,,,2,117,,10981,43,,,2,158,,10974,43,,,2,113,,10977,43,,,2,123,,10975,43,,,2,115,,10978,43,,,2
5501,'65041',840,,10989,43,,,2,110,,10988,43,,,2,150,,10987,43,,,2,110,,10986,43,,,2,110,,10985,43,,,2,110,,10984,43,,,2,109,,10982,43,,,2
5501,'65042',840,,10997,43,,,2,110,,10996,43,,,2,150,,10995,43,,,2,110,,10994,43,,,2,110,,10993,43,,,2,110,,10992,43,,,2,109,,10990,43,,,2
