700,'65040',646,,8806,44,,,0,77,,8807,44,,,0,23,,8808,52,,,0,75,,8809,52,,,0,29,,8810,44,,,0,75,,8811,52,,,0,23,,8812,44,,,0,65,,8813,44,,,0,42,,8814,44,,,0,56,,8815,44,,,0,40,,8816,52,,,0,60,,8817,52,,,0,37,,8818,44,,,0,64,,8819,52,,,0,36,,8820,44,,,0,63,,8821,52,,,0,16,,8822,44,,,0,23,,8823,44,,,0,66,,8824,52,,,0,18,,8825,44,,,0,20,,8826,44,,,0,67,,8827,44,,,0,19,,8828,44,,,0,66,,8829,44,,,0,35,,8830,52,,,0,66,,8831,44,,,0,31,,8832,52,,,0,68,,8833,44,,,0,27,,8834,44,,,0,71,,8835,44,,,0,34,,8836,44,,,0,65,,8837,44,,,0,29,,8838,44,,,0,81,,8839,52,,,0,30,,8840,44,,,0,104,,8850,52,,,0
700,'65041',743,,8866,44,,,0,101,,8877,52,,,0,94,,8878,44,,,0,100,,8851,44,,,0,100,,8852,44,,,0,101,,8853,44,,,0,100,,8854,44,,,0,100,,8855,44,,,0,100,,8856,44,,,0,309,,8872,52,,,0,98,,8874,44,,,0,100,,8873,52,,,0,100,,8869,52,,,0,100,,8870,52,,,0,98,,8871,52,,,0
700,'65042',743,,8894,44,,,0,101,,8905,52,,,0,94,,8906,44,,,0,100,,8879,44,,,0,100,,8880,44,,,0,101,,8881,44,,,0,100,,8882,44,,,0,100,,8883,44,,,0,100,,8884,44,,,0,309,,8900,52,,,0,98,,8902,44,,,0,100,,8901,52,,,0,100,,8897,52,,,0,100,,8898,52,,,0,98,,8899,52,,,0
800,'65040',651,,9013,51,,,1,69,,9014,51,,,1,16,,9065,51,,,1,16,,9015,51,,,1,55,,9016,51,,,1,16,,9017,51,,,1,14,,9018,51,,,1,16,,9019,51,,,1,50,,9020,51,,,1,17,,9021,51,,,1,20,,9022,51,,,1,62,,9023,51,,,1,20,,9024,51,,,1,19,,9025,51,,,1,60,,9026,51,,,1,21,,9027,51,,,1,20,,9028,51,,,1,60,,9029,51,,,1,20,,9030,51,,,1,20,,9031,51,,,1,60,,9032,51,,,1,20,,9033,51,,,1,20,,9034,51,,,1,60,,9035,51,,,1,19,,9036,51,,,1,22,,9037,51,,,1,11,,9038,51,,,1,53,,9039,51,,,1,22,,9040,51,,,1,15,,9041,51,,,1,13,,9042,51,,,1,56,,9043,51,,,1,15,,9044,51,,,1,10,,9045,51,,,1,15,,9046,51,,,1,50,,9047,51,,,1,8,,9048,51,,,1,15,,9049,51,,,1,12,,9050,51,,,1,15,,9051,51,,,1,54,,9052,51,,,1,18,,9053,51,,,1,20,,9054,51,,,1,59,,9055,51,,,1,18,,9056,51,,,1,30,,9057,51,,,1,70,,9058,51,,,1,31,,9059,51,,,1,71,,9060,51,,,1,78,,9061,51,,,1,20,,9062,51,,,1,27,,9063,51,,,1,100,,9064,51,,,1
800,'65041',649,,9082,51,,,1,100,,9083,51,,,1,68,,9084,51,,,1,28,,9085,51,,,1,64,,9086,51,,,1,30,,9066,51,,,1,72,,9067,51,,,1,30,,9068,51,,,1,70,,9069,51,,,1,30,,9070,51,,,1,71,,9071,51,,,1,30,,9072,51,,,1,69,,9073,51,,,1,31,,9074,51,,,1,70,,9075,51,,,1,30,,9076,51,,,1,70,,9077,51,,,1,30,,9078,51,,,1,70,,9079,51,,,1,30,,9080,51,,,1,70,,9081,51,,,1,29,,9087,51,,,1,71,,9088,51,,,1,30,,9094,51,,,1,71,,9089,51,,,1,37,,9095,51,,,1,100,,9090,51,,,1,100,,9091,51,,,1,99,,9092,51,,,1,100,,9093,51,,,1
800,'65042',649,,9112,51,,,1,100,,9113,51,,,1,68,,9114,51,,,1,28,,9115,51,,,1,64,,9116,51,,,1,30,,9096,51,,,1,72,,9097,51,,,1,30,,9098,51,,,1,70,,9099,51,,,1,30,,9100,51,,,1,71,,9101,51,,,1,30,,9102,51,,,1,69,,9103,51,,,1,31,,9104,51,,,1,70,,9105,51,,,1,30,,9106,51,,,1,70,,9107,51,,,1,30,,9108,51,,,1,70,,9109,51,,,1,30,,9110,51,,,1,70,,9111,51,,,1,29,,9117,51,,,1,71,,9118,51,,,1,30,,9124,51,,,1,71,,9119,51,,,1,37,,9125,51,,,1,100,,9120,51,,,1,100,,9121,51,,,1,99,,9122,51,,,1,100,,9123,51,,,1
801,'65040',607,,9126,2,,,1,28,,9127,2,,,1,70,,9129,2,,,1,14,,9130,2,,,1,85,,9132,2,,,1,749,,9157,2,,,1
801,'65041',732,,9204,2,,,1
801,'65042',732,,9234,2,,,1
40100,'65040',646,,11036,7,,,0,69,,11037,7,,,0,30,,11038,7,,,0,70,,11039,7,,,0,32,,11040,7,,,0
40101,'65040',1512,,11041,2,,,0,30,,11042,2,,,0,70,,11043,2,,,0,30,,11044,2,,,0,70,,11045,2,,,0
45300,'65040',747,,11094,6,,,2,99,,11095,6,,,2,399,,11096,6,,,2,275,,11098,6,,,2,112,,11097,6,,,2,94,,11099,6,,,2,90,,11100,6,,,2
45400,'65040',648,,11107,5,,,2,69,,11109,5,,,2,22,,11108,5,,,2,72,,11110,5,,,2,36,,11111,5,,,2,697,,11112,5,,,2
45401,'65040',1510,,11113,2,,,2,29,,11115,2,,,2,67,,11117,2,,,2,40,,11116,2,,,2,64,,11114,2,,,2
90801,'65040',2420,,11509,2,,,0
90801,'65041',2420,,11510,2,,,0
90801,'65042',2420,,11511,2,,,0
