600,'65040',715,,8668,22,,,0,44,,8669,22,,,0,78,,8670,22,,,0,66,,8671,22,,,0,27,,8672,22,,,0,29,,8673,22,,,0,70,,8674,22,,,0,30,,8675,22,,,0,70,,8676,22,,,0,30,,8677,22,,,0,72,,8678,22,,,0,69,,8679,22,,,0,33,,8680,22,,,0,26,,8681,22,,,0,72,,8682,22,,,0,70,,8683,22,,,0,23,,8684,22,,,0,25,,8685,22,,,0,73,,8686,22,,,0,21,,8687,22,,,0,57,,8688,22,,,0,29,,8689,22,,,0,30,,8690,22,,,0,73,,8691,22,,,0,92,,8692,22,,,0,93,,8693,22,,,0,100,,8694,22,,,0,39,,8695,22,,,0,70,,8696,22,,,0,28,,8697,22,,,0,66,,8698,22,,,0
600,'65041',703,,8708,22,,,0,48,,8709,22,,,0,65,,8710,22,,,0,97,,8700,22,,,0,94,,8701,22,,,0,97,,8702,22,,,0,100,,8703,22,,,0,100,,8704,22,,,0,100,,8705,22,,,0,100,,8706,22,,,0,100,,8707,22,,,0,100,,8718,22,,,0,109,,8716,22,,,0,89,,8715,22,,,0,103,,8714,22,,,0,101,,8713,22,,,0,100,,8712,22,,,0,100,,8711,22,,,0
600,'65042',703,,8727,22,,,0,48,,8728,22,,,0,65,,8729,22,,,0,97,,8719,22,,,0,94,,8720,22,,,0,97,,8721,22,,,0,100,,8722,22,,,0,100,,8723,22,,,0,100,,8724,22,,,0,100,,8725,22,,,0,100,,8726,22,,,0,100,,8737,22,,,0,109,,8735,22,,,0,89,,8734,22,,,0,103,,8733,22,,,0,101,,8732,22,,,0,100,,8731,22,,,0,100,,8730,22,,,0
801,'65040',645,,9126,53,,,1,71,,9127,53,,,1,17,,9128,48,,,1,16,,9129,53,,,1,55,,9130,53,,,1,15,,9175,48,,,1,17,,9131,48,,,1,13,,9132,53,,,1,61,,9133,48,,,1,18,,9134,48,,,1,20,,9135,48,,,1,61,,9136,48,,,1,19,,9137,48,,,1,23,,9138,48,,,1,61,,9139,48,,,1,19,,9140,48,,,1,20,,9141,48,,,1,61,,9142,48,,,1,20,,9143,48,,,1,20,,9144,48,,,1,61,,9145,48,,,1,20,,9146,48,,,1,20,,9147,48,,,1,60,,9148,48,,,1,20,,9149,48,,,1,20,,9150,48,,,1,61,,9151,48,,,1,13,,9152,48,,,1,17,,9153,48,,,1,57,,9154,48,,,1,12,,9155,48,,,1,17,,9156,48,,,1,14,,9157,53,,,1,14,,9158,48,,,1,56,,9159,48,,,1,12,,9160,48,,,1,15,,9161,48,,,1,15,,9162,48,,,1,55,,9163,48,,,1,19,,9164,48,,,1,21,,9165,48,,,1,62,,9166,48,,,1,26,,9167,48,,,1,70,,9168,48,,,1,30,,9169,48,,,1,70,,9170,48,,,1,30,,9171,48,,,1,68,,9172,48,,,1,37,,9173,48,,,1,99,,9174,48,,,1
801,'65041',744,,9193,48,,,1,67,,9204,53,,,1,29,,9194,48,,,1,60,,9195,48,,,1,30,,9176,48,,,1,70,,9177,48,,,1,31,,9178,48,,,1,70,,9179,48,,,1,31,,9180,48,,,1,70,,9181,48,,,1,30,,9182,48,,,1,70,,9183,48,,,1,30,,9184,48,,,1,70,,9185,48,,,1,30,,9186,48,,,1,70,,9187,48,,,1,30,,9188,48,,,1,70,,9189,48,,,1,29,,9190,48,,,1,70,,9191,48,,,1,30,,9192,48,,,1,69,,9196,48,,,1,32,,9197,48,,,1,80,,9198,48,,,1,32,,9199,48,,,1,69,,9200,48,,,1,30,,9205,48,,,1,100,,9201,48,,,1,98,,9202,48,,,1,100,,9203,48,,,1
801,'65042',744,,9223,48,,,1,67,,9234,53,,,1,29,,9224,48,,,1,60,,9225,48,,,1,30,,9206,48,,,1,70,,9207,48,,,1,31,,9208,48,,,1,70,,9209,48,,,1,31,,9210,48,,,1,70,,9211,48,,,1,30,,9212,48,,,1,70,,9213,48,,,1,30,,9214,48,,,1,70,,9215,48,,,1,30,,9216,48,,,1,70,,9217,48,,,1,30,,9218,48,,,1,70,,9219,48,,,1,29,,9220,48,,,1,70,,9221,48,,,1,30,,9222,48,,,1,69,,9226,48,,,1,32,,9227,48,,,1,80,,9228,48,,,1,32,,9229,48,,,1,69,,9230,48,,,1,30,,9235,48,,,1,100,,9231,48,,,1,98,,9232,48,,,1,100,,9233,48,,,1
901,'65040',733,,9289,56,,,0,68,,9290,56,,,0,28,,9291,56,,,0,115,,9292,56,,,0,100,,9293,56,,,0,100,,9294,56,,,0,103,,9295,56,,,0,71,,9296,56,,,0,101,,9297,56,,,0,100,,9298,56,,,0,30,,9299,56,,,0,68,,9300,56,,,0,133,,9301,56,,,0
901,'65041',1039,,9313,56,,,0,101,,9314,56,,,0,102,,9320,56,,,0,100,,9319,56,,,0,100,,9318,56,,,0,100,,9317,56,,,0,101,,9316,56,,,0,100,,9315,56,,,0
901,'65042',1039,,9329,56,,,0,101,,9330,56,,,0,102,,9336,56,,,0,100,,9335,56,,,0,100,,9334,56,,,0,100,,9333,56,,,0,101,,9332,56,,,0,100,,9331,56,,,0
1100,'65040',611,,9378,25,0,22 23 2 67,0,43,,9365,25,,,0,72,,9345,46,,,0,14,,9366,25,,,0,18,,9371,25,0,22 23 2 67,0,58,,9346,46,,,0,25,,9347,46,,,0,72,,9367,25,,,0,33,,9348,46,,,0,63,,9368,25,,,0,36,,9349,46,,,0,67,,9372,25,0,22 23 2 67,0,32,,9350,46,,,0,63,,9373,25,0,22 23 2 67,0,40,,9351,46,,,0,61,,9374,25,0,22 23 2 67,0,39,,9352,46,,,0,60,,9369,25,,,0,38,,9353,46,,,0,68,,9370,25,,,0,31,,9354,46,,,0,69,,9355,46,,,0,32,,9356,46,,,0,69,,9357,46,,,0,30,,9358,46,,,0,70,,9359,46,,,0,30,,9376,46,0,22 23 2 67,0,71,,9360,46,,,0,34,,9377,46,0,22 23 2 67,0,79,,9361,46,,,0,25,,9375,25,0,22 23 2 67,0,75,,9362,46,,,0,104,,9363,46,,,0,100,,9364,46,0,57,0,90,,9379,46,0,22 23 2 67,0
1100,'65041',720,,9395,25,,,0,100,,9396,46,,,0,32,,9397,25,,,0,69,,9380,46,,,0,31,,9381,46,,,0,56,,9388,25,,,0,31,,9382,46,,,0,69,,9389,25,,,0,30,,9383,46,,,0,71,,9390,25,,,0,30,,9384,46,,,0,70,,9391,25,,,0,30,,9385,46,,,0,70,,9392,25,,,0,30,,9386,46,,,0,70,,9393,25,,,0,30,,9387,46,,,0,70,,9394,25,,,0,30,,9398,46,,,0,70,,9399,46,,,0,91,,9400,25,0,22 23 2 67,0,22,,9401,46,,,0,99,,9402,46,,,0,100,,9403,46,,,0,98,,9404,46,,,0,100,,9405,46,,,0,99,,9406,46,,,0,100,,9407,46,0,22 23 2 67,0
1100,'65042',720,,9423,25,,,0,100,,9424,46,,,0,32,,9425,25,,,0,69,,9408,46,,,0,31,,9409,46,,,0,56,,9416,25,,,0,31,,9410,46,,,0,69,,9417,25,,,0,30,,9411,46,,,0,71,,9418,25,,,0,30,,9412,46,,,0,70,,9419,25,,,0,30,,9413,46,,,0,70,,9420,25,,,0,30,,9414,46,,,0,70,,9421,25,,,0,30,,9415,46,,,0,70,,9422,25,,,0,30,,9426,46,,,0,70,,9427,46,,,0,91,,9428,25,0,22 23 2 67,0,22,,9429,46,,,0,99,,9430,46,,,0,100,,9431,46,,,0,98,,9432,46,,,0,100,,9433,46,,,0,99,,9434,46,,,0,100,,9435,46,0,22 23 2 67,0
1101,'65040',639,,9472,32,0,54,0,20,,9436,32,,,0,74,,9437,32,,,0,70,,9459,32,0,54,0,36,,9438,32,,,0,18,,9460,32,0,54,0,71,,9461,32,0,54,0,27,,9439,32,,,0,70,,9462,32,0,54,0,30,,9440,32,,,0,80,,9463,32,0,54,0,20,,9441,32,,,0,79,,9473,10,0,54,0,20,,9442,32,,,0,79,,9464,10,0,54,0,23,,9443,32,,,0,70,,9465,10,0,54,0,29,,9444,32,,,0,70,,9445,32,,,0,31,,9446,32,,,0,54,,9466,10,0,54,0,16,,9447,32,,,0,31,,9448,32,,,0,71,,9449,32,,,0,15,,9475,32,0,54,0,14,,9450,32,,,0,69,,9451,32,,,0,30,,9467,32,0,54,0,69,,9452,32,,,0,30,,9476,10,0,54,0,70,,9453,32,,,0,30,,9468,10,0,54,0,55,,9471,32,0,54,0,26,,9454,32,,,0,11,,9469,10,0,54,0,53,,9470,10,0,54,0,33,,9455,32,,,0,104,,9456,32,,,0,75,,9474,32,0,54,0
1101,'65041',822,,9494,32,,,0,29,,9477,10,,,0,85,,9486,32,0,54,0,70,,9478,32,,,0,30,,9487,32,0,54,0,70,,9479,32,,,0,29,,9488,32,0,54,0,70,,9480,32,,,0,30,,9489,32,0,54,0,70,,9481,32,,,0,30,,9490,32,0,54,0,70,,9482,32,,,0,30,,9491,32,0,54,0,69,,9483,32,,,0,30,,9492,32,0,54,0,70,,9484,32,,,0,30,,9493,32,0,54,0,70,,9485,32,,,0,22,,9497,32,0,54,0,24,,9498,32,,,0,68,,9499,32,0,54,0,16,,9500,32,,,0,100,,9501,32,,,0,100,,9502,32,,,0,99,,9503,32,,,0,98,,9504,32,,,0,99,,9505,32,,,0,100,,9506,32,0,54,0
1101,'65042',822,,9524,32,,,0,29,,9507,10,,,0,85,,9516,32,0,54,0,70,,9508,32,,,0,30,,9517,32,0,54,0,70,,9509,32,,,0,29,,9518,32,0,54,0,70,,9510,32,,,0,30,,9519,32,0,54,0,70,,9511,32,,,0,30,,9520,32,0,54,0,70,,9512,32,,,0,30,,9521,32,0,54,0,69,,9513,32,,,0,30,,9522,32,0,54,0,70,,9514,32,,,0,30,,9523,32,0,54,0,70,,9515,32,,,0,22,,9527,32,0,54,0,24,,9528,32,,,0,68,,9529,32,0,54,0,16,,9530,32,,,0,100,,9531,32,,,0,100,,9532,32,,,0,99,,9533,32,,,0,98,,9534,32,,,0,99,,9535,32,,,0,100,,9536,32,0,54,0
1401,'65040',558,,9776,39,,,0,100,,9777,39,,,0,92,,9778,39,,,0,52,,9812,39,,,0,16,,9779,39,,,0,30,,9780,39,,,0,63,,9781,39,,,0,16,,9782,39,,,0,17,,9783,39,,,0,75,,9784,39,,,0,25,,9785,39,,,0,80,,9786,39,,,0,21,,9787,39,,,0,76,,9788,39,,,0,23,,9789,39,,,0,76,,9790,39,,,0,25,,9791,39,,,0,77,,9792,39,,,0,17,,9793,39,,,0,20,,9813,39,,,0,60,,9794,39,,,0,25,,9795,39,,,0,66,,9796,39,,,0,28,,9797,39,,,0,70,,9798,39,,,0,29,,9799,39,,,0,14,,9800,39,,,0,61,,9801,39,,,0,32,,9802,39,,,0,62,,9803,39,,,0,44,,9804,39,,,0,80,,9805,39,,,0,23,,9806,39,,,0,77,,9807,39,,,0,71,,9808,39,,,0,57,,9809,39,,,0,98,,9810,39,,,0,56,,9811,39,,,0
1401,'65041',754,,9821,39,,,0,96,,9822,39,,,0,96,,9814,39,,,0,68,,9815,39,,,0,100,,9816,39,,,0,100,,9817,39,,,0,100,,9830,39,,,0,99,,9818,39,,,0,100,,9819,39,,,0,101,,9820,39,,,0,101,,9832,39,,,0,98,,9831,39,,,0,38,,9823,39,,,0,104,,9824,39,,,0,101,,9825,39,,,0,98,,9826,39,,,0,99,,9827,39,,,0,99,,9828,39,,,0,61,,9829,39,,,0
1401,'65042',754,,9840,39,,,0,96,,9841,39,,,0,96,,9833,39,,,0,68,,9834,39,,,0,100,,9835,39,,,0,100,,9836,39,,,0,100,,9849,39,,,0,99,,9837,39,,,0,100,,9838,39,,,0,101,,9839,39,,,0,101,,9851,39,,,0,98,,9850,39,,,0,38,,9842,39,,,0,104,,9843,39,,,0,101,,9844,39,,,0,98,,9845,39,,,0,99,,9846,39,,,0,99,,9847,39,,,0,61,,9848,39,,,0
1501,'65040',739,,9912,11,,,0,74,,9897,11,,,0,27,,9913,11,,,0,63,,9910,11,,,0,103,,9909,11,,,0,104,,9908,11,,,0,97,,9907,11,,,0,95,,9906,11,,,0,48,,9905,11,,,0,152,,9904,11,,,0,31,,9903,11,,,0,72,,9902,11,,,0,27,,9911,11,,,0,72,,9901,11,,,0,99,,9900,11,,,0,98,,9899,11,,,0,100,,9898,11,,,0
1501,'65041',826,,9921,11,,,0,110,,9914,11,,,0,86,,9915,11,,,0,100,,9916,11,,,0,100,,9917,11,,,0,100,,9918,11,,,0,100,,9919,11,,,0,101,,9920,11,,,0,101,,9922,11,,,0,111,,9923,11,,,0,97,,9927,11,,,0,93,,9924,11,,,0,103,,9925,11,,,0,98,,9926,11,,,0
1501,'65042',826,,9935,11,,,0,110,,9928,11,,,0,86,,9929,11,,,0,100,,9930,11,,,0,100,,9931,11,,,0,100,,9932,11,,,0,100,,9933,11,,,0,101,,9934,11,,,0,101,,9936,11,,,0,111,,9937,11,,,0,97,,9941,11,,,0,93,,9938,11,,,0,103,,9939,11,,,0,98,,9940,11,,,0
1601,'65040',641,,10008,19,,,0,71,,10009,19,,,0,30,,10010,19,,,0,63,,10011,19,,,0,27,,10036,19,,,0,73,,10012,19,,,0,31,,10013,19,,,0,73,,10014,19,,,0,98,,10015,19,,,0,95,,10016,19,,,0,34,,10017,19,,,0,74,,10018,19,,,0,99,,10019,19,,,0,94,,10020,19,,,0,26,,10021,19,,,0,29,,10022,19,,,0,61,,10023,19,,,0,22,,10024,19,,,0,65,,10033,19,,,0,25,,10025,19,,,0,75,,10026,19,,,0,28,,10027,19,,,0,85,,10028,19,,,0,25,,10029,19,,,0,73,,10030,19,,,0,27,,10031,19,,,0,83,,10037,19,,,0,78,,10032,19,,,0,44,,10034,19,,,0,70,,10035,19,,,0
1601,'65041',713,,10047,19,,,0,95,,10048,19,,,0,97,,10046,19,,,0,98,,10054,19,,,0,31,,10038,19,,,0,100,,10039,19,,,0,100,,10040,19,,,0,100,,10041,19,,,0,101,,10042,19,,,0,100,,10043,19,,,0,99,,10044,19,,,0,102,,10045,19,,,0,97,,10053,19,,,0,80,,10049,19,,,0,99,,10050,19,,,0,99,,10052,19,,,0,98,,10051,19,,,0,35,,10055,19,,,0
1601,'65042',713,,10065,19,,,0,95,,10066,19,,,0,97,,10064,19,,,0,98,,10072,19,,,0,31,,10056,19,,,0,100,,10057,19,,,0,100,,10058,19,,,0,100,,10059,19,,,0,101,,10060,19,,,0,100,,10061,19,,,0,99,,10062,19,,,0,102,,10063,19,,,0,97,,10071,19,,,0,80,,10067,19,,,0,99,,10068,19,,,0,99,,10070,19,,,0,98,,10069,19,,,0,35,,10073,19,,,0
1800,'65040',707,,10171,40,,,0,37,,10172,40,,,0,73,,10173,40,,,0,90,,10174,40,,,0,100,,10175,40,,,0,100,,10176,40,,,0,41,,10177,40,,,0,101,,10178,40,,,0,101,,10179,40,,,0,101,,10180,40,,,0,100,,10181,40,,,0,88,,10182,40,,,0,89,,10183,40,,,0,81,,10184,40,,,0,106,,10185,40,,,0,91,,10186,40,,,0,46,,10187,40,,,0,67,,10188,40,,,0,98,,10189,40,,,0
1800,'65041',808,,10199,40,,,0,113,,10190,40,,,0,99,,10191,40,,,0,100,,10192,40,,,0,95,,10193,40,,,0,100,,10194,40,,,0,101,,10195,40,,,0,100,,10196,40,,,0,99,,10197,40,,,0,101,,10198,40,,,0,100,,10200,40,,,0,93,,10201,40,,,0,101,,10202,40,,,0,100,,10203,40,,,0,99,,10204,40,,,0
1800,'65042',808,,10214,40,,,0,113,,10205,40,,,0,99,,10206,40,,,0,100,,10207,40,,,0,95,,10208,40,,,0,100,,10209,40,,,0,101,,10210,40,,,0,100,,10211,40,,,0,99,,10212,40,,,0,101,,10213,40,,,0,100,,10215,40,,,0,93,,10216,40,,,0,101,,10217,40,,,0,100,,10218,40,,,0,99,,10219,40,,,0
2400,'65040',634,,10399,23,,,2,71,,10398,23,,,2,31,,10400,23,,,2,66,,10401,23,,,2,12,,10397,23,,,2,26,,10402,23,,,2,75,,10403,23,,,2,31,,10404,23,,,2,71,,10405,23,,,2,31,,10406,23,,,2,71,,10408,23,,,2,31,,10407,23,,,2,71,,10409,23,,,2,31,,10412,23,,,2,71,,10411,23,,,2,31,,10413,23,,,2,71,,10410,23,,,2,31,,10415,23,,,2,73,,10414,23,,,2,73,,10416,23,,,2,36,,10417,23,,,2,75,,10418,23,,,2,38,,10419,23,,,2,74,,10420,23,,,2,75,,10421,23,,,2,35,,10422,23,,,2,75,,10426,23,,,2,35,,10423,23,,,2,80,,10424,23,,,2,32,,10425,23,,,2
2400,'65041',802,,10443,23,,,2,41,,10439,23,,,2,78,,10440,23,,,2,96,,10442,23,,,2,100,,10441,23,,,2,100,,10438,23,,,2,100,,10437,23,,,2,100,,10436,23,,,2,100,,10435,23,,,2,100,,10432,23,,,2,105,,10429,23,,,2,99,,10428,23,,,2,84,,10431,23,,,2,46,,10434,23,,,2,100,,10427,23,,,2,98,,10433,23,,,2,100,,10430,23,,,2
2400,'65042',802,,10460,23,,,2,41,,10456,23,,,2,78,,10457,23,,,2,96,,10459,23,,,2,100,,10458,23,,,2,100,,10455,23,,,2,100,,10454,23,,,2,100,,10453,23,,,2,100,,10452,23,,,2,100,,10449,23,,,2,105,,10446,23,,,2,99,,10445,23,,,2,84,,10448,23,,,2,46,,10451,23,,,2,100,,10444,23,,,2,98,,10450,23,,,2,100,,10447,23,,,2
45301,'65040',817,,11101,10,,,2,505,,11102,11,,,2,226,,11103,10,,,2,153,,11105,10,,,2,53,,11106,10,,,2,98,,11104,11,,,2
91800,'65041',2305,,11528,42,,,0
91800,'65042',2305,,11529,42,,,0
