700,'65040',635,,8806,34,,,0,75,,8807,34,,,0,23,,8808,42,,,0,75,,8809,42,,,0,29,,8810,34,,,0,75,,8811,42,,,0,23,,8812,34,,,0,65,,8813,34,,,0,42,,8814,34,,,0,58,,8815,34,,,0,40,,8816,42,,,0,60,,8817,42,,,0,37,,8818,34,,,0,64,,8819,42,,,0,36,,8820,34,,,0,63,,8821,42,,,0,16,,8822,34,,,0,21,,8823,34,,,0,66,,8824,42,,,0,18,,8825,34,,,0,20,,8826,34,,,0,67,,8827,34,,,0,19,,8828,34,,,0,28,,8829,34,,,0,76,,8830,42,,,0,26,,8831,34,,,0,71,,8832,42,,,0,28,,8833,34,,,0,67,,8834,34,,,0,31,,8835,34,,,0,74,,8836,34,,,0,25,,8837,34,,,0,70,,8838,34,,,0,81,,8839,42,,,0,29,,8840,34,,,0,104,,8850,42,,,0
700,'65041',732,,8866,34,,,0,100,,8877,42,,,0,94,,8878,34,,,0,100,,8851,34,,,0,100,,8852,34,,,0,101,,8853,34,,,0,100,,8854,34,,,0,100,,8855,34,,,0,100,,8856,34,,,0,311,,8872,42,,,0,98,,8874,34,,,0,100,,8873,42,,,0,100,,8869,42,,,0,100,,8870,42,,,0,98,,8871,42,,,0
700,'65042',732,,8894,34,,,0,100,,8905,42,,,0,94,,8906,34,,,0,100,,8879,34,,,0,100,,8880,34,,,0,101,,8881,34,,,0,100,,8882,34,,,0,100,,8883,34,,,0,100,,8884,34,,,0,311,,8900,42,,,0,98,,8902,34,,,0,100,,8901,42,,,0,100,,8897,42,,,0,100,,8898,42,,,0,98,,8899,42,,,0
800,'65040',641,,9013,41,,,1,68,,9014,41,,,1,16,,9065,41,,,1,16,,9015,41,,,1,15,,9016,41,,,1,56,,9017,41,,,1,14,,9018,41,,,1,16,,9019,41,,,1,10,,9020,41,,,1,57,,9021,41,,,1,20,,9022,41,,,1,22,,9023,41,,,1,60,,9024,41,,,1,19,,9025,41,,,1,20,,9026,41,,,1,61,,9027,41,,,1,20,,9028,41,,,1,20,,9029,41,,,1,60,,9030,41,,,1,20,,9031,41,,,1,20,,9032,41,,,1,60,,9033,41,,,1,20,,9034,41,,,1,20,,9035,41,,,1,59,,9036,41,,,1,22,,9037,41,,,1,11,,9038,41,,,1,13,,9039,41,,,1,62,,9040,41,,,1,15,,9041,41,,,1,11,,9042,41,,,1,56,,9043,41,,,1,15,,9044,41,,,1,10,,9045,41,,,1,15,,9046,41,,,1,10,,9047,41,,,1,9,,9048,41,,,1,55,,9049,41,,,1,13,,9050,41,,,1,15,,9051,41,,,1,14,,9052,41,,,1,59,,9053,41,,,1,20,,9054,41,,,1,20,,9055,41,,,1,58,,9056,41,,,1,30,,9057,41,,,1,70,,9058,41,,,1,31,,9059,41,,,1,71,,9060,41,,,1,38,,9061,41,,,1,60,,9062,41,,,1,27,,9063,41,,,1,100,,9064,41,,,1
800,'65041',638,,9082,41,,,1,100,,9083,41,,,1,68,,9084,41,,,1,28,,9085,41,,,1,24,,9086,41,,,1,70,,9066,41,,,1,72,,9067,41,,,1,30,,9068,41,,,1,70,,9069,41,,,1,30,,9070,41,,,1,71,,9071,41,,,1,30,,9072,41,,,1,69,,9073,41,,,1,31,,9074,41,,,1,70,,9075,41,,,1,30,,9076,41,,,1,70,,9077,41,,,1,30,,9078,41,,,1,70,,9079,41,,,1,30,,9080,41,,,1,70,,9081,41,,,1,29,,9087,41,,,1,71,,9088,41,,,1,30,,9094,41,,,1,71,,9089,41,,,1,37,,9095,41,,,1,100,,9090,41,,,1,100,,9091,41,,,1,99,,9092,41,,,1,100,,9093,41,,,1
800,'65042',638,,9112,41,,,1,100,,9113,41,,,1,68,,9114,41,,,1,28,,9115,41,,,1,24,,9116,41,,,1,70,,9096,41,,,1,72,,9097,41,,,1,30,,9098,41,,,1,70,,9099,41,,,1,30,,9100,41,,,1,71,,9101,41,,,1,30,,9102,41,,,1,69,,9103,41,,,1,31,,9104,41,,,1,70,,9105,41,,,1,30,,9106,41,,,1,70,,9107,41,,,1,30,,9108,41,,,1,70,,9109,41,,,1,30,,9110,41,,,1,70,,9111,41,,,1,29,,9117,41,,,1,71,,9118,41,,,1,30,,9124,41,,,1,71,,9119,41,,,1,37,,9125,41,,,1,100,,9120,41,,,1,100,,9121,41,,,1,99,,9122,41,,,1,100,,9123,41,,,1
5500,'65040',825,,10946,113,,,2,116,,10952,113,,,2,111,,10948,113,,,2,155,,10955,113,,,2,120,,10949,113,,,2,113,,10953,113,,,2,164,,10950,113,,,2,116,,10954,113,,,2,115,,10947,113,,,2
5500,'65041',916,,10961,113,,,2,111,,10963,113,,,2,111,,10962,113,,,2,110,,10960,113,,,2,153,,10959,113,,,2,110,,10958,113,,,2,113,,10957,113,,,2
5500,'65042',916,,10969,113,,,2,111,,10971,113,,,2,111,,10970,113,,,2,110,,10968,113,,,2,153,,10967,113,,,2,110,,10966,113,,,2,113,,10965,113,,,2
90400,'65040',2511,,11477,52,,,0
90400,'65041',2510,,11478,52,,,0
90400,'65042',2510,,11485,52,,,0
