'65009',1500,73210,,'',0,7400,,'',0,2700,,'',0,2300,,'',0,10100,,'',0,14800,,'',0,9700,,'',0,5500,,'',0,8900,,'',0,11100,,'',0,7000,,'',0,3000,,'',0,6800,,'',0,3200,,'',0,10000,,'',0,9900,,'',0,9710,,'',0
'65010',1500,82320,,'',0,10000,,'',0,9400,,'',0,12700,,'',0,10000,,'',0,10100,,'',0,9900,,'',0
'65011',1500,82320,,'',0,10000,,'',0,9400,,'',0,12700,,'',0,10000,,'',0,10100,,'',0,9900,,'',0,10300,,'',0,9900,,'',0,9900,,'',0
'65012',1500,154720,,'',0,9900,,'',0,9900,,'',0
'65013',1500,154720,,'',0,9900,,'',0,9900,,'',0
'65009',60100,75900,4,'',0,8600,4,'',0,700,4,'',0,6200,4,'',0,2100,4,'',0,8300,4,'',0,12200,4,'',0,7400,4,'',0,1400,4,'',0,2000,4,'',0,5200,4,'',0,1100,4,'',0,900,4,'',0,800,4,'',0,7600,4,'',0,1700,4,'',0,8700,4,'',0,2800,4,'',0,6500,4,'',0,900,4,'',0,1200,4,'',0,900,4,'',0,1500,4,'',0,16500,4,'',0,24600,4,'',0,15800,4,'',0,13700,4,'',0
'65010',60100,120800,4,'',0,4500,4,'',0,8600,4,'',0,1400,4,'',0,5600,4,'',0,14400,4,'',0,5600,4,'',0,1400,4,'',0,1600,4,'',0,1500,4,'',0,15100,4,'',0,11000,4,'',0
'65011',60100,120800,4,'',0,4500,4,'',0,8600,4,'',0,1400,4,'',0,5600,4,'',0,14400,4,'',0,5600,4,'',0,1400,4,'',0,1600,4,'',0,1500,4,'',0,15100,4,'',0,11000,4,'',0,2000,4,'',0,8700,4,'',0,28000,4,'',0,1100,4,'',0
'65012',60100,193500,4,'',0,8700,4,'',0,28000,4,'',0,1100,4,'',0
'65009',60201,83000,4,'',0,1600,4,'',0,1100,4,'',0,4800,4,'',0,1700,4,'',0,19100,4,'',0,1600,4,'',0,1700,4,'',0,8700,4,'',0,11400,4,'',0,27700,4,'',0,1300,4,'',0,7900,4,'',0,500,4,'',0,3600,4,'',0,5800,4,'',0,700,4,'',0,900,4,'',0,700,4,'',0,17600,4,'',0,20100,4,'',0,23400,4,'',0
'65010',60201,135300,4,'',0,55800,4,'',0
'65011',60201,135300,4,'',0,55800,4,'',0,12800,4,'',0,29700,4,'',0
'65012',60201,203900,4,'',0,29700,4,'',0
'65009',60301,81800,4,'',0,800,4,'',0,900,4,'',0,30600,4,'',0,600,4,'',0,5500,4,'',0,4000,4,'',0,7900,4,'',0,2600,4,'',0,5500,4,'',0,24400,4,'',0,10000,4,'',0,8100,4,'',0,8900,4,'',0,2500,4,'',0,20800,4,'',0,8900,4,'',0,7900,4,'',0,9200,4,'',0,4300,4,'',0
'65010',60301,125300,4,'',0,25500,4,'',0,12000,4,'',0,1000,4,'',0,19400,4,'',0
'65011',60301,125300,4,'',0,25500,4,'',0,12000,4,'',0,1000,4,'',0,19400,4,'',0,20800,4,'',0,11900,4,'',0,24900,4,'',0
'65012',60301,204000,4,'',0,11900,4,'',0,24900,4,'',0
'65009',60401,83600,4,'',0,1800,4,'',0,6500,4,'',0,90200,4,'',0,11300,4,'',0,31500,4,'',0,16300,4,'',0
'65011',60401,240900,4,'',0
'65012',60401,240900,4,'',0
'65009',60501,92800,4,'',0,2900,4,'',0,55100,4,'',0,2000,4,'',0,17400,4,'',0,10000,4,'',0,1400,4,'',0,21200,4,'',0,11400,4,'',0,6100,4,'',0,2800,4,'',0,17500,4,'',0,3700,4,'',0,7700,4,'',0
'65010',60501,131000,4,'',0,3000,4,'',0,7000,4,'',0,30500,4,'',0,10900,4,'',0,1800,4,'',0
'65011',60501,131000,4,'',0,3000,4,'',0,7000,4,'',0,30500,4,'',0,10900,4,'',0,1800,4,'',0,51700,4,'',0,15800,4,'',0
'65012',60501,235900,4,'',0,15800,4,'',0
'65009',60601,114500,4,'',0,10000,4,'',0
'65010',60601,170900,4,'',0
'65011',60601,170900,4,'',0,70200,4,'',0,1200,4,'',0
'65012',60601,241100,4,'',0,1200,4,'',0
'65009',60700,93100,4,'',0,89700,4,'',0,2700,4,'',0
'65009',60801,92600,4,'',0,47400,4,'',0,43200,4,'',0,2400,4,'',0
