300,'65040',602,,8132,6,,,0,25,,8133,6,,,0,15,,8134,6,,,0,16,,8135,6,,,0,52,,8136,6,,,0,13,,8137,6,,,0,16,,8138,6,,,0,15,,8139,6,,,0,52,,8140,6,,,0,17,,8141,6,,,0,20,,8142,6,,,0,60,,8143,6,,,0,20,,8144,6,,,0,20,,8145,6,,,0,60,,8146,6,,,0,20,,8147,6,,,0,20,,8148,6,,,0,60,,8149,6,,,0,20,,8150,6,,,0,16,,8151,6,,,0,61,,8152,6,,,0,20,,8153,6,,,0,20,,8154,6,,,0,60,,8155,6,,,0,21,,8156,6,,,0,20,,8157,6,,,0,16,,8158,6,,,0,53,,8159,6,,,0,17,,8181,6,,,0,15,,8160,6,,,0,15,,8161,6,,,0,52,,8162,6,,,0,20,,8163,6,,,0,15,,8164,6,,,0,60,,8165,6,,,0,25,,8166,6,,,0,25,,8167,6,,,0,71,,8168,6,,,0,23,,8169,6,,,0,60,,8170,6,,,0,20,,8171,6,,,0,25,,8172,6,,,0,69,,8173,6,,,0,34,,8174,6,,,0,67,,8175,6,,,0,28,,8180,6,,,0,61,,8176,6,,,0,20,,8177,6,,,0,77,,8178,6,,,0
300,'65041',659,,8198,6,,,0,60,,8199,6,,,0,29,,8200,6,,,0,69,,8211,6,,,0,29,,8182,6,,,0,70,,8183,6,,,0,29,,8184,6,,,0,70,,8185,6,,,0,30,,8186,6,,,0,70,,8187,6,,,0,30,,8188,6,,,0,69,,8189,6,,,0,30,,8190,6,,,0,70,,8191,6,,,0,29,,8192,6,,,0,70,,8193,6,,,0,29,,8194,6,,,0,70,,8195,6,,,0,30,,8196,6,,,0,70,,8197,6,,,0,31,,8201,6,,,0,15,,8202,6,,,0,59,,8203,6,,,0,32,,8204,6,,,0,74,,8205,6,,,0,78,,8206,6,,,0,31,,8212,6,,,0,70,,8207,6,,,0,101,,8208,6,,,0,100,,8209,6,,,0,99,,8210,6,,,0
300,'65042',659,,8229,6,,,0,60,,8230,6,,,0,29,,8231,6,,,0,69,,8242,6,,,0,29,,8213,6,,,0,70,,8214,6,,,0,29,,8215,6,,,0,70,,8216,6,,,0,30,,8217,6,,,0,70,,8218,6,,,0,30,,8219,6,,,0,69,,8220,6,,,0,30,,8221,6,,,0,70,,8222,6,,,0,29,,8223,6,,,0,70,,8224,6,,,0,29,,8225,6,,,0,70,,8226,6,,,0,30,,8227,6,,,0,70,,8228,6,,,0,31,,8232,6,,,0,15,,8233,6,,,0,59,,8234,6,,,0,32,,8235,6,,,0,74,,8236,6,,,0,78,,8237,6,,,0,31,,8243,6,,,0,70,,8238,6,,,0,101,,8239,6,,,0,100,,8240,6,,,0,99,,8241,6,,,0
5001,'65040',655,,10766,6,,,2,67,,10782,6,0,31 32,2,29,,10767,6,,,2,71,,10786,6,0,31 32,2,31,,10768,6,,,2,75,,10790,6,,,2,76,,10777,6,,,2,99,,10773,6,,,2,100,,10778,6,,,2,100,,10774,6,,,2,100,,10779,6,,,2,100,,10787,6,0,31 32,2,35,,10771,6,,,2,81,,10785,6,0,31 32,2,30,,10769,6,,,2,69,,10784,6,0,31 32,2,31,,10772,6,,,2,69,,10783,6,0,31 32,2,29,,10770,6,,,2,56,,10780,6,,,2,48,,10775,6,,,2,86,,10789,6,,,2,86,,10781,6,,,2,86,,10776,6,,,2,47,,10788,6,,,2
5001,'65041',853,,10804,6,,,2,106,,10805,6,,,2,100,,10806,6,,,2,100,,10803,6,,,2,100,,10802,6,,,2,99,,10801,6,,,2,100,,10800,6,,,2,100,,10799,6,,,2,95,,10798,6,,,2,93,,10796,6,,,2,97,,10797,6,,,2,89,,10794,6,,,2,92,,10795,6,,,2,91,,10793,6,,,2,94,,10792,6,,,2,94,,10791,6,,,2
5001,'65042',853,,10820,6,,,2,106,,10821,6,,,2,100,,10822,6,,,2,100,,10819,6,,,2,100,,10818,6,,,2,99,,10817,6,,,2,100,,10816,6,,,2,100,,10815,6,,,2,95,,10814,6,,,2,93,,10812,6,,,2,97,,10813,6,,,2,89,,10810,6,,,2,92,,10811,6,,,2,91,,10809,6,,,2,94,,10808,6,,,2,94,,10807,6,,,2
90300,'65040',2312,,11467,13,,,0,107,,11468,13,,,0
90300,'65041',2419,,11471,13,,,0
90300,'65042',2419,,11473,13,,,0
91301,'65040',2509,,11520,38,,,0
91301,'65041',2509,,11521,38,,,0
91301,'65042',2509,,11522,38,,,0
