301,'65040',541,,8244,2,,,0,67,,8245,2,,,0,15,,8246,2,,,0,24,,8247,2,,,0,55,,8251,2,,,0,15,,8248,2,,,0,15,,8249,2,,,0,15,,8250,2,,,0,57,,8252,2,,,0,13,,8260,2,,,0,20,,8253,2,,,0,20,,8254,2,,,0,59,,8255,2,,,0,21,,8256,2,,,0,19,,8257,2,,,0,62,,8258,2,,,0,20,,8259,2,,,0,19,,8261,2,,,0,60,,8262,2,,,0,21,,8263,2,,,0,20,,8264,2,,,0,60,,8265,2,,,0,21,,8266,2,,,0,20,,8267,2,,,0,60,,8268,2,,,0,20,,8269,2,,,0,19,,8270,2,,,0,61,,8271,2,,,0,19,,8272,2,,,0,13,,8294,2,,,0,56,,8273,2,,,0,17,,8274,2,,,0,12,,8275,2,,,0,16,,8276,2,,,0,54,,8277,2,,,0,15,,8278,2,,,0,15,,8279,2,,,0,15,,8293,2,,,0,55,,8280,2,,,0,16,,8281,2,,,0,19,,8282,2,,,0,17,,8283,2,,,0,69,,8284,2,,,0,15,,8285,2,,,0,70,,8286,2,,,0,30,,8287,2,,,0,71,,8288,2,,,0,33,,8289,2,,,0,67,,8290,2,,,0,30,,8295,2,,,0,64,,8291,2,,,0,100,,8292,2,,,0
301,'65041',611,,8313,2,,,0,30,,8314,2,,,0,71,,8315,2,,,0,29,,8316,2,,,0,69,,8317,2,,,0,25,,8312,2,,,0,69,,8296,2,,,0,30,,8297,2,,,0,70,,8298,2,,,0,30,,8299,2,,,0,70,,8300,2,,,0,30,,8301,2,,,0,70,,8302,2,,,0,30,,8303,2,,,0,70,,8304,2,,,0,30,,8305,2,,,0,70,,8306,2,,,0,30,,8307,2,,,0,69,,8308,2,,,0,32,,8309,2,,,0,70,,8310,2,,,0,30,,8311,2,,,0,70,,8318,2,,,0,31,,8319,2,,,0,72,,8320,2,,,0,34,,8326,2,,,0,70,,8321,2,,,0,30,,8327,2,,,0,70,,8322,2,,,0,100,,8323,2,,,0,100,,8324,2,,,0,100,,8325,2,,,0
301,'65042',611,,8345,2,,,0,30,,8346,2,,,0,71,,8347,2,,,0,29,,8348,2,,,0,69,,8349,2,,,0,25,,8344,2,,,0,69,,8328,2,,,0,30,,8329,2,,,0,70,,8330,2,,,0,30,,8331,2,,,0,70,,8332,2,,,0,30,,8333,2,,,0,70,,8334,2,,,0,30,,8335,2,,,0,70,,8336,2,,,0,30,,8337,2,,,0,70,,8338,2,,,0,30,,8339,2,,,0,69,,8340,2,,,0,32,,8341,2,,,0,70,,8342,2,,,0,30,,8343,2,,,0,70,,8350,2,,,0,31,,8351,2,,,0,72,,8352,2,,,0,34,,8358,2,,,0,70,,8353,2,,,0,30,,8359,2,,,0,70,,8354,2,,,0,100,,8355,2,,,0,100,,8356,2,,,0,100,,8357,2,,,0
2500,'65040',634,,10524,2,0,48 49 50,2,14,,10534,2,0,46 3 47,2,69,,10526,2,0,48 49 50,2,31,,10528,2,0,46 3 47,2,52,,10533,2,0,48 49 50,2,31,,10531,2,0,46 3 47,2,12,,10532,2,0,48 49 50,2,657,,10535,2,0,46 3 47,2,12,,10540,2,0,48 49 50,2,31,,10537,2,0,48 49 50,2,71,,10539,2,0,46 3 47,2,12,,10544,2,0,48 49 50,2,31,,10548,2,0,46 3 47,2,52,,10545,2,0,48 49 50,2,31,,10542,2,0,46 3 47,2,12,,10547,2,0,48 49 50,2,54,,10541,2,0,46 3 47,2
5501,'65040',715,,10979,2,,,2,123,,10972,2,,,2,115,,10980,2,,,2,153,,10973,2,,,2,117,,10981,2,,,2,118,,10974,2,,,2,113,,10977,2,,,2,163,,10975,2,,,2,115,,10978,2,,,2,116,,10976,2,0,5 6 2 65,2
5501,'65041',815,,10989,2,,,2,111,,10988,2,,,2,110,,10987,2,,,2,110,,10986,2,,,2,110,,10985,2,,,2,150,,10984,2,,,2,109,,10982,2,,,2,113,,10983,2,0,5 6 2 65,2
5501,'65042',815,,10997,2,,,2,111,,10996,2,,,2,110,,10995,2,,,2,110,,10994,2,,,2,110,,10993,2,,,2,150,,10992,2,,,2,109,,10990,2,,,2,113,,10991,2,0,5 6 2 65,2
5701,'65040',851,,11020,3,,,2,163,,11022,3,,,2,103,,11018,3,,,2,123,,11021,3,,,2,105,,11019,3,,,2,160,,11023,3,,,2,105,,11017,3,,,2
5701,'65041',1115,,11029,3,,,2,102,,11028,3,,,2,113,,11027,3,,,2,102,,11026,3,,,2,111,,11025,3,,,2,113,,11024,3,0,56,2
5701,'65042',1115,,11035,3,,,2,102,,11034,3,,,2,113,,11033,3,,,2,102,,11032,3,,,2,111,,11031,3,,,2,113,,11030,3,0,56,2
