400,'65040',643,,8360,10,,,0,15,,8361,31,,,0,75,,8362,10,,,0,74,,8363,10,,,0,22,,8364,31,,,0,74,,8365,31,,,0,51,,8366,31,,,0,100,,8367,31,,,0,100,,8368,31,,,0,99,,8369,31,,,0,80,,8370,31,,,0,106,,8371,31,,,0,64,,8372,31,,,0,30,,8373,31,,,0,70,,8374,31,,,0,30,,8375,31,,,0,19,,8376,31,,,0,71,,8377,31,,,0,35,,8378,31,,,0,81,,8379,31,,,0,85,,8380,31,,,0,29,,8381,31,,,0,71,,8382,31,,,0,32,,8383,31,,,0,92,,8384,31,,,0
400,'65041',832,,8427,31,,,0,85,,8408,31,,,0,101,,8409,31,,,0,100,,8410,31,,,0,100,,8411,31,,,0,100,,8412,31,,,0,100,,8413,31,,,0,100,,8414,31,,,0,100,,8415,31,,,0,100,,8425,31,,,0,21,,8417,31,,,0,62,,8418,31,,,0,42,,8419,31,,,0
400,'65042',832,,8455,31,,,0,85,,8436,31,,,0,101,,8437,31,,,0,100,,8438,31,,,0,100,,8439,31,,,0,100,,8440,31,,,0,100,,8441,31,,,0,100,,8442,31,,,0,100,,8443,31,,,0,100,,8453,31,,,0,21,,8445,31,,,0,62,,8446,31,,,0,42,,8447,31,,,0
801,'65040',624,,9126,26,,,1,28,,9127,26,,,1,56,,9128,21,,,1,14,,9129,26,,,1,15,,9130,26,,,1,15,,9175,21,,,1,57,,9131,21,,,1,13,,9132,26,,,1,22,,9133,21,,,1,59,,9134,21,,,1,20,,9135,21,,,1,21,,9136,21,,,1,59,,9137,21,,,1,22,,9138,21,,,1,20,,9139,21,,,1,59,,9140,21,,,1,20,,9141,21,,,1,21,,9142,21,,,1,60,,9143,21,,,1,20,,9144,21,,,1,21,,9145,21,,,1,60,,9146,21,,,1,20,,9147,21,,,1,20,,9148,21,,,1,60,,9149,21,,,1,20,,9150,21,,,1,19,,9151,21,,,1,13,,9152,21,,,1,56,,9153,21,,,1,17,,9154,21,,,1,12,,9155,21,,,1,16,,9156,21,,,1,54,,9157,26,,,1,14,,9158,21,,,1,16,,9159,21,,,1,15,,9160,21,,,1,55,,9161,21,,,1,16,,9162,21,,,1,15,,9163,21,,,1,59,,9164,21,,,1,21,,9165,21,,,1,22,,9166,21,,,1,66,,9167,21,,,1,31,,9168,21,,,1,70,,9169,21,,,1,30,,9170,21,,,1,70,,9171,21,,,1,30,,9172,21,,,1,78,,9173,21,,,1,99,,9174,21,,,1
801,'65041',722,,9193,21,,,1,27,,9204,26,,,1,69,,9194,21,,,1,20,,9195,21,,,1,69,,9176,21,,,1,30,,9177,21,,,1,70,,9178,21,,,1,30,,9179,21,,,1,70,,9180,21,,,1,30,,9181,21,,,1,70,,9182,21,,,1,30,,9183,21,,,1,70,,9184,21,,,1,30,,9185,21,,,1,70,,9186,21,,,1,30,,9187,21,,,1,69,,9188,21,,,1,30,,9189,21,,,1,70,,9190,21,,,1,30,,9191,21,,,1,70,,9192,21,,,1,29,,9196,21,,,1,72,,9197,21,,,1,41,,9198,21,,,1,72,,9199,21,,,1,30,,9200,21,,,1,70,,9205,21,,,1,100,,9201,21,,,1,100,,9202,21,,,1,100,,9203,21,,,1
801,'65042',722,,9223,21,,,1,27,,9234,26,,,1,69,,9224,21,,,1,20,,9225,21,,,1,69,,9206,21,,,1,30,,9207,21,,,1,70,,9208,21,,,1,30,,9209,21,,,1,70,,9210,21,,,1,30,,9211,21,,,1,70,,9212,21,,,1,30,,9213,21,,,1,70,,9214,21,,,1,30,,9215,21,,,1,70,,9216,21,,,1,30,,9217,21,,,1,69,,9218,21,,,1,30,,9219,21,,,1,70,,9220,21,,,1,30,,9221,21,,,1,70,,9222,21,,,1,29,,9226,21,,,1,72,,9227,21,,,1,41,,9228,21,,,1,72,,9229,21,,,1,30,,9230,21,,,1,70,,9235,21,,,1,100,,9231,21,,,1,100,,9232,21,,,1,100,,9233,21,,,1
5500,'65040',810,,10946,87,,,2,118,,10952,87,,,2,111,,10948,87,,,2,115,,10955,87,,,2,159,,10949,87,,,2,114,,10953,87,,,2,122,,10950,87,,,2,157,,10954,87,,,2,116,,10947,87,,,2
5500,'65041',903,,10961,87,,,2,111,,10963,87,,,2,111,,10962,87,,,2,110,,10960,87,,,2,113,,10959,87,,,2,110,,10958,87,,,2,153,,10957,87,,,2
5500,'65042',903,,10969,87,,,2,111,,10971,87,,,2,111,,10970,87,,,2,110,,10968,87,,,2,113,,10967,87,,,2,110,,10966,87,,,2,153,,10965,87,,,2
44901,'65040',650,,11089,3,0,39 40 41,2,91,,11088,3,0,39 40 41,2,82,,11087,3,0,39 40 41,2,28,,11086,3,0,39 40 41,2,661,,11093,3,,,2,100,,11090,3,,,2,27,,11092,3,,,2,78,,11091,3,,,2
90400,'65040',2213,,11474,10,0,7 8 1 9,0,28,,11475,10,0,7 8 1 9,0,100,,11476,10,0,7 8 1 9,0,106,,11477,10,,,0
90400,'65041',734,,11484,10,0,7 8 1 9,0,1201,,11483,10,0,7 8 1 9,0,101,,11479,10,0,7 8 1 9,0,101,,11481,10,0,7 8 1 9,0,100,,11480,10,0,7 8 1 9,0,98,,11482,10,0,7 8 1 9,0,112,,11478,10,,,0
90400,'65042',734,,11491,10,0,7 8 1 9,0,1201,,11490,10,0,7 8 1 9,0,101,,11486,10,0,7 8 1 9,0,101,,11488,10,0,7 8 1 9,0,100,,11487,10,0,7 8 1 9,0,98,,11489,10,0,7 8 1 9,0,112,,11485,10,,,0
