601,'65040',659,,8769,1,,,0,80,,8738,1,,,0,79,14,8739,1,,,0,27,12,8740,1,,,0,67,6,8741,1,,,0,29,10,8742,1,,,0,70,,8743,1,,,0,30,8,8744,1,,,0,70,8,8745,1,,,0,30,26,8746,1,,,0,72,10,8747,1,,,0,29,7,8748,1,,,0,73,60,8749,1,,,0,26,18,8750,1,,,0,72,57,8751,1,,,0,29,7,8752,1,,,0,63,51,8753,1,,,0,25,8,8754,1,,,0,72,55,8755,1,,,0,20,9,8756,1,,,0,19,15,8757,1,,,0,69,63,8758,1,,,0,31,10,8759,1,,,0,74,56,8760,1,,,0,92,,8761,1,,,0,93,47,8762,1,,,0,100,45,8763,1,,,0,39,17,8764,1,,,0,71,6,8765,1,,,0,28,28,8766,1,,,0,66,3,8767,1,,,0,100,45,8768,1,,,0
601,'65041',734,,8778,1,,,0,25,5,8779,1,,,0,97,,8770,1,,,0,94,11,8771,1,,,0,97,22,8772,1,,,0,100,22,8773,1,,,0,100,15,8774,1,,,0,100,22,8775,1,,,0,99,21,8776,1,,,0,100,20,8777,1,,,0,99,,8787,1,,,0,109,16,8780,1,,,0,89,7,8781,1,,,0,106,21,8782,1,,,0,101,19,8783,1,,,0,100,21,8784,1,,,0,100,3,8785,1,,,0,108,3,8786,1,,,0
601,'65042',734,,8796,1,,,0,25,5,8797,1,,,0,97,,8788,1,,,0,94,11,8789,1,,,0,97,22,8790,1,,,0,100,22,8791,1,,,0,100,15,8792,1,,,0,100,22,8793,1,,,0,99,21,8794,1,,,0,100,20,8795,1,,,0,99,,8805,1,,,0,109,16,8798,1,,,0,89,7,8799,1,,,0,106,21,8800,1,,,0,101,19,8801,1,,,0,100,21,8802,1,,,0,100,3,8803,1,,,0,108,3,8804,1,,,0
900,'65040',711,10,9236,1,,,0,109,13,9237,1,,,0,103,9,9238,1,,,0,99,71,9239,1,,,0,100,72,9240,1,,,0,31,18,9241,1,,,0,101,,9242,1,,,0,100,,9243,1,,,0,70,12,9244,1,,,0,28,6,9245,1,,,0,169,13,9246,1,,,0,101,18,9247,1,,,0,101,20,9248,1,,,0,85,61,9249,1,,,0
900,'65041',1022,5,9260,1,,,0,100,5,9261,1,,,0,100,5,9262,1,,,0,100,5,9263,1,,,0,99,5,9264,1,,,0,100,5,9265,1,,,0,101,5,9266,1,,,0
900,'65042',1022,5,9275,1,,,0,100,5,9276,1,,,0,100,5,9277,1,,,0,100,5,9278,1,,,0,99,5,9279,1,,,0,100,5,9280,1,,,0,101,5,9281,1,,,0
1500,'65040',725,10,9867,1,,,0,34,12,9852,1,,,0,67,18,9868,1,,,0,23,6,9853,1,,,0,105,20,9854,1,,,0,104,11,9855,1,,,0,97,8,9856,1,,,0,95,11,9857,1,,,0,88,17,9858,1,,,0,112,8,9859,1,,,0,70,15,9860,1,,,0,30,,9861,1,,,0,68,,9866,1,,,0,32,9,9862,1,,,0,100,16,9863,1,,,0,99,16,9864,1,,,0,100,7,9865,1,,,0
1500,'65041',816,5,9876,1,,,0,109,17,9869,1,,,0,86,5,9870,1,,,0,100,6,9871,1,,,0,100,5,9872,1,,,0,100,5,9873,1,,,0,100,5,9874,1,,,0,100,5,9875,1,,,0,101,6,9877,1,,,0,111,5,9878,1,,,0,98,5,9882,1,,,0,94,3,9879,1,,,0,103,3,9880,1,,,0,98,3,9881,1,,,0
1500,'65042',816,5,9890,1,,,0,109,17,9883,1,,,0,86,5,9884,1,,,0,100,6,9885,1,,,0,100,5,9886,1,,,0,100,5,9887,1,,,0,100,5,9888,1,,,0,100,5,9889,1,,,0,101,6,9891,1,,,0,111,5,9892,1,,,0,98,5,9896,1,,,0,94,3,9893,1,,,0,103,3,9894,1,,,0,98,3,9895,1,,,0
60100,'65040',753,,11118,1,,,0,69,,11119,1,,,0,86,,11120,1,,,0,104,,11121,1,,,0,204,,11122,1,,,0,31,,11123,1,,,0,69,,11124,1,,,0,21,,11125,1,,,0,16,,11126,1,,,0,50,,11127,1,,,0,33,,11128,1,,,0,69,,11129,1,,,0,25,,11130,1,,,0,71,,11131,1,,,0,19,,11132,1,,,0,87,,11133,1,,,0,22,,11134,1,,,0,180,,11135,1,,,0,311,,11136,1,,,0,27,,11137,1,,,0,99,,11138,1,,,0
60100,'65041',1004,,11139,1,,,0,332,,11140,1,,,0,9,,11141,1,,,0,74,,11142,1,,,0,117,,11143,1,,,0,82,,11144,1,,,0,19,,11145,1,,,0,68,,11146,1,,,0,30,,11147,1,,,0,11,,11148,1,,,0,70,,11149,1,,,0,197,,11150,1,,,0,134,,11151,1,,,0,65,,11152,1,,,0,96,,11153,1,,,0
60100,'65042',1004,,11154,1,,,0,332,,11155,1,,,0,9,,11156,1,,,0,74,,11157,1,,,0,117,,11158,1,,,0,82,,11159,1,,,0,19,,11160,1,,,0,68,,11161,1,,,0,30,,11162,1,,,0,11,,11163,1,,,0,70,,11164,1,,,0,197,,11165,1,,,0,134,,11166,1,,,0,65,,11167,1,,,0,96,,11168,1,,,0
