200,'65040',628,,8011,31,,,0,72,,8012,31,,,0,24,,8013,31,,,0,31,,8014,31,,,0,75,,8015,31,,,0,74,,8016,31,,,0,33,,8017,31,,,0,114,,8018,31,,,0,100,,8019,31,,,0,102,,8020,31,,,0,100,,8021,31,,,0,104,,8022,31,,,0,102,,8023,31,,,0,70,,8024,31,,,0,72,,8025,31,,,0,30,,8026,31,,,0,69,,8027,31,,,0,28,,8028,31,,,0,28,,8029,31,,,0,67,,8030,31,,,0,98,,8031,31,,,0,100,,8032,31,,,0,108,,8033,31,,,0,99,,8034,31,,,0,101,,8035,31,,,0
200,'65041',724,,8045,31,,,0,96,,8046,31,,,0,95,,8036,31,,,0,89,,8037,31,,,0,97,,8038,31,,,0,100,,8039,31,,,0,101,,8040,31,,,0,99,,8041,31,,,0,100,,8042,31,,,0,102,,8043,31,,,0,99,,8044,31,,,0,99,,8047,31,,,0,46,,8048,31,,,0,83,,8049,31,,,0,98,,8051,31,,,0,99,,8052,31,,,0,99,,8050,31,,,0,98,,8053,31,,,0
200,'65042',724,,8063,31,,,0,96,,8064,31,,,0,95,,8054,31,,,0,89,,8055,31,,,0,97,,8056,31,,,0,100,,8057,31,,,0,101,,8058,31,,,0,99,,8059,31,,,0,100,,8060,31,,,0,102,,8061,31,,,0,99,,8062,31,,,0,99,,8065,31,,,0,46,,8066,31,,,0,83,,8067,31,,,0,98,,8069,31,,,0,99,,8070,31,,,0,99,,8068,31,,,0,98,,8071,31,,,0
301,'65040',551,,8244,21,,,0,68,,8245,21,,,0,16,,8246,21,,,0,24,,8247,21,,,0,55,,8251,21,,,0,15,,8248,21,,,0,15,,8249,21,,,0,15,,8250,21,,,0,57,,8252,21,,,0,13,,8260,21,,,0,21,,8253,21,,,0,60,,8254,21,,,0,19,,8255,21,,,0,21,,8256,21,,,0,59,,8257,21,,,0,22,,8258,21,,,0,20,,8259,21,,,0,59,,8261,21,,,0,20,,8262,21,,,0,21,,8263,21,,,0,60,,8264,21,,,0,20,,8265,21,,,0,21,,8266,21,,,0,60,,8267,21,,,0,20,,8268,21,,,0,20,,8269,21,,,0,59,,8270,21,,,0,21,,8271,21,,,0,19,,8272,21,,,0,53,,8294,21,,,0,16,,8273,21,,,0,17,,8274,21,,,0,12,,8275,21,,,0,56,,8276,21,,,0,14,,8277,21,,,0,15,,8278,21,,,0,15,,8279,21,,,0,55,,8293,21,,,0,15,,8280,21,,,0,16,,8281,21,,,0,19,,8282,21,,,0,56,,8283,21,,,0,29,,8284,21,,,0,15,,8285,21,,,0,70,,8286,21,,,0,30,,8287,21,,,0,70,,8288,21,,,0,33,,8289,21,,,0,67,,8290,21,,,0,30,,8295,21,,,0,64,,8291,21,,,0,100,,8292,21,,,0
301,'65041',622,,8313,21,,,0,30,,8314,21,,,0,71,,8315,21,,,0,30,,8316,21,,,0,69,,8317,21,,,0,25,,8312,21,,,0,69,,8296,21,,,0,30,,8297,21,,,0,70,,8298,21,,,0,30,,8299,21,,,0,70,,8300,21,,,0,30,,8301,21,,,0,70,,8302,21,,,0,30,,8303,21,,,0,70,,8304,21,,,0,30,,8305,21,,,0,70,,8306,21,,,0,31,,8307,21,,,0,69,,8308,21,,,0,32,,8309,21,,,0,70,,8310,21,,,0,30,,8311,21,,,0,70,,8318,21,,,0,30,,8319,21,,,0,71,,8320,21,,,0,34,,8326,21,,,0,70,,8321,21,,,0,30,,8327,21,,,0,70,,8322,21,,,0,100,,8323,21,,,0,100,,8324,21,,,0,100,,8325,21,,,0
301,'65042',622,,8345,21,,,0,30,,8346,21,,,0,71,,8347,21,,,0,30,,8348,21,,,0,69,,8349,21,,,0,25,,8344,21,,,0,69,,8328,21,,,0,30,,8329,21,,,0,70,,8330,21,,,0,30,,8331,21,,,0,70,,8332,21,,,0,30,,8333,21,,,0,70,,8334,21,,,0,30,,8335,21,,,0,70,,8336,21,,,0,30,,8337,21,,,0,70,,8338,21,,,0,31,,8339,21,,,0,69,,8340,21,,,0,32,,8341,21,,,0,70,,8342,21,,,0,30,,8343,21,,,0,70,,8350,21,,,0,30,,8351,21,,,0,71,,8352,21,,,0,34,,8358,21,,,0,70,,8353,21,,,0,30,,8359,21,,,0,70,,8354,21,,,0,100,,8355,21,,,0,100,,8356,21,,,0,100,,8357,21,,,0
400,'65040',645,,8361,21,,,0,65,,8386,21,0,5 6 2 66,0,29,,8388,21,0,5 6 2 66,0,77,,8364,21,,,0,34,,8365,21,,,0,91,,8366,21,,,0,59,,8390,21,0,5 6 2 66,0,41,,8367,21,,,0,59,,8391,21,0,5 6 2 66,0,41,,8368,21,,,0,81,,8392,21,0,5 6 2 66,0,18,,8369,21,,,0,80,,8370,21,,,0,22,,8393,21,0,5 6 2 66,0,84,,8371,21,,,0,24,,8372,21,,,0,70,,8373,21,,,0,16,,8394,21,0,5 6 2 66,0,14,,8374,21,,,0,58,,8395,21,0,5 6 2 66,0,12,,8375,21,,,0,11,,8397,21,0,5 6 2 66,0,8,,8376,21,,,0,71,,8377,21,,,0,19,,8398,21,0,5 6 2 66,0,16,,8378,21,,,0,62,,8399,21,0,5 6 2 66,0,19,,8379,21,,,0,23,,8396,21,0,5 6 2 66,0,62,,8380,21,,,0,29,,8381,21,,,0,71,,8382,21,,,0,33,,8383,21,,,0,91,,8384,21,,,0,22,,8387,21,0,5 6 2 66,0,69,,8385,21,0,5 6 2 66,0,101,,8389,21,0,5 6 2 66,0
400,'65041',724,,8416,21,0,5 6 2 66,0,28,,8426,21,0,5 6 2 66,0,73,,8427,21,,,0,85,,8408,21,,,0,29,,8400,21,0,5 6 2 66,0,72,,8409,21,,,0,28,,8401,21,0,5 6 2 66,0,72,,8410,21,,,0,29,,8402,21,0,5 6 2 66,0,71,,8411,21,,,0,29,,8403,21,0,5 6 2 66,0,71,,8412,21,,,0,28,,8404,21,0,5 6 2 66,0,71,,8413,21,,,0,29,,8405,21,0,5 6 2 66,0,71,,8414,21,,,0,30,,8406,21,0,5 6 2 66,0,70,,8415,21,,,0,30,,8407,21,0,5 6 2 66,0,70,,8425,21,,,0,21,,8417,21,,,0,23,,8418,21,,,0,82,,8419,21,,,0,89,,8420,21,0,5 6 2 66,0,98,,8421,21,0,5 6 2 66,0,99,,8422,21,0,5 6 2 66,0,100,,8423,21,0,5 6 2 66,0,98,,8424,21,0,5 6 2 66,0
400,'65042',724,,8444,21,0,5 6 2 66,0,28,,8454,21,0,5 6 2 66,0,73,,8455,21,,,0,85,,8436,21,,,0,29,,8428,21,0,5 6 2 66,0,72,,8437,21,,,0,28,,8429,21,0,5 6 2 66,0,72,,8438,21,,,0,29,,8430,21,0,5 6 2 66,0,71,,8439,21,,,0,29,,8431,21,0,5 6 2 66,0,71,,8440,21,,,0,28,,8432,21,0,5 6 2 66,0,71,,8441,21,,,0,29,,8433,21,0,5 6 2 66,0,71,,8442,21,,,0,30,,8434,21,0,5 6 2 66,0,70,,8443,21,,,0,30,,8435,21,0,5 6 2 66,0,70,,8453,21,,,0,21,,8445,21,,,0,23,,8446,21,,,0,82,,8447,21,,,0,89,,8448,21,0,5 6 2 66,0,98,,8449,21,0,5 6 2 66,0,99,,8450,21,0,5 6 2 66,0,100,,8451,21,0,5 6 2 66,0,98,,8452,21,0,5 6 2 66,0
501,'65040',627,,8622,19,,,0,96,,8615,19,,,0,85,,8614,19,,,0,39,,8632,19,,,0,99,,8631,19,,,0,100,,8630,19,,,0,100,,8629,19,,,0,98,,8628,19,,,0,102,,8627,19,,,0,100,,8626,19,,,0,101,,8625,19,,,0,81,,8624,19,,,0,72,,8623,19,,,0,100,,8621,19,,,0,29,,8620,19,,,0,83,,8619,19,,,0,45,,8618,19,,,0,100,,8617,19,,,0,155,,8616,19,,,0,107,,8633,19,,,0
501,'65041',724,,8641,19,,,0,98,,8642,19,,,0,89,,8643,19,,,0,102,,8634,19,,,0,101,,8635,19,,,0,102,,8636,19,,,0,100,,8637,19,,,0,99,,8638,19,,,0,101,,8639,19,,,0,99,,8640,19,,,0,101,,8645,19,,,0,103,,8646,19,,,0,104,,8647,19,,,0,100,,8648,19,,,0,100,,8649,19,,,0,100,,8650,19,,,0,99,,8644,19,,,0
501,'65042',724,,8658,19,,,0,98,,8659,19,,,0,89,,8660,19,,,0,102,,8651,19,,,0,101,,8652,19,,,0,102,,8653,19,,,0,100,,8654,19,,,0,99,,8655,19,,,0,101,,8656,19,,,0,99,,8657,19,,,0,101,,8662,19,,,0,103,,8663,19,,,0,104,,8664,19,,,0,100,,8665,19,,,0,100,,8666,19,,,0,100,,8667,19,,,0,99,,8661,19,,,0
701,'65040',718,,8916,13,0,54,0,23,,8917,13,0,54,0,17,,8918,13,,,0,60,,8919,13,,,0,20,,8920,13,0,54,0,66,,8921,13,0,54,0,26,,8922,13,0,54,0,15,,8923,13,0,54,0,63,,8924,13,,,0,25,,8925,13,0,54,0,82,,8926,13,0,54,0,23,,8927,13,0,54,0,78,,8928,13,0,54,0,21,,8929,13,0,54,0,78,,8930,13,0,54,0,21,,8931,13,0,54,0,74,,8932,13,0,54,0,21,,8933,13,0,54,0,73,,8934,13,0,54,0,18,,8935,13,0,54,0,30,,8936,13,,,0,55,,8937,13,,,0,15,,8938,13,0,54,0,29,,8939,13,0,54,0,73,,8940,13,0,54,0,34,,8941,13,0,54,0,68,,8942,13,0,54,0,31,,8943,13,0,54,0,76,,8944,13,0,54,0,25,,8945,13,0,54,0,71,,8946,13,0,54,0,28,,8947,13,,,0,70,,8948,13,0,54,0,30,,8949,13,0,54,0,73,,8950,13,,,0,100,,8952,13,0,54,0
701,'65041',801,,8981,13,0,54,0,101,,8969,13,0,54,0,98,,8953,13,0,54,0,58,,8954,13,0,54,0,99,,8955,13,0,54,0,100,,8956,13,0,54,0,100,,8957,13,0,54,0,100,,8958,13,0,54,0,100,,8959,13,0,54,0,364,,8982,13,,,0,102,,8973,13,,,0,100,,8974,13,,,0,100,,8975,13,,,0,100,,8976,13,0,54,0
701,'65042',801,,9011,13,0,54,0,101,,8999,13,0,54,0,98,,8983,13,0,54,0,58,,8984,13,0,54,0,99,,8985,13,0,54,0,100,,8986,13,0,54,0,100,,8987,13,0,54,0,100,,8988,13,0,54,0,100,,8989,13,0,54,0,364,,9012,13,,,0,102,,9003,13,,,0,100,,9004,13,,,0,100,,9005,13,,,0,100,,9006,13,0,54,0
900,'65040',728,,9236,25,,,0,113,,9237,25,,,0,100,,9238,25,,,0,100,,9239,25,,,0,100,,9240,25,,,0,71,,9241,25,,,0,101,,9242,25,,,0,100,,9243,25,,,0,30,,9244,25,,,0,68,,9245,25,,,0,134,,9246,25,,,0,97,,9247,25,,,0,99,,9248,25,,,0,85,,9249,25,,,0
900,'65041',1039,,9260,25,,,0,101,,9261,25,,,0,100,,9262,25,,,0,100,,9263,25,,,0,100,,9264,25,,,0,100,,9265,25,,,0,100,,9266,25,,,0
900,'65042',1039,,9275,25,,,0,101,,9276,25,,,0,100,,9277,25,,,0,100,,9278,25,,,0,100,,9279,25,,,0,100,,9280,25,,,0,100,,9281,25,,,0
1700,'65040',722,,10074,60,,,0,36,,10075,60,,,0,73,,10076,60,,,0,90,,10077,60,,,0,100,,10078,60,,,0,100,,10079,60,,,0,82,,10080,60,,,0,101,,10081,60,,,0,101,,10082,60,,,0,101,,10083,60,,,0,149,,10085,60,,,0,450,,10090,60,,,0
2001,'65040',652,,10313,6,,,2,65,,10314,6,,,2,32,,10315,6,,,2,69,,10316,6,,,2,34,,10317,6,,,2,371,,10318,6,,,2,30,,10319,6,,,2,304,,10324,6,,,2,70,,10325,6,,,2,30,,10322,6,,,2,68,,10321,6,,,2,28,,10320,6,,,2,71,,10323,6,,,2
5101,'65040',659,,10881,25,,,0,65,,10882,25,,,0,81,,10883,25,,,0,16,,10884,25,,,0,109,,10886,25,,,0,98,,10888,25,,,0,104,,10890,25,,,0,97,,10892,25,,,0,99,,10894,25,,,0,102,,10896,25,,,0,107,,10897,25,,,0,65,,10895,25,,,0,32,,10893,25,,,0,66,,10891,25,,,0,25,,10889,25,,,0,24,,10887,25,,,0,69,,10885,25,,,0,97,,10880,25,,,0,85,,10879,25,,,0,46,,10878,25,,,0,97,,10877,25,,,0,80,,10876,25,,,0
5101,'65041',821,,10912,25,,,2,92,,10910,25,,,2,97,,10909,25,,,2,99,,10911,25,,,2,100,,10908,25,,,2,100,,10907,25,,,2,100,,10906,25,,,2,100,,10905,25,,,2,100,,10904,25,,,2,100,,10903,25,,,2,111,,10898,25,,,2,99,,10899,25,,,2,100,,10900,25,,,2,100,,10901,25,,,2,100,,10902,25,,,2
5101,'65042',821,,10927,25,,,2,92,,10925,25,,,2,97,,10924,25,,,2,99,,10926,25,,,2,100,,10923,25,,,2,100,,10922,25,,,2,100,,10921,25,,,2,100,,10920,25,,,2,100,,10919,25,,,2,100,,10918,25,,,2,111,,10913,25,,,2,99,,10914,25,,,2,100,,10915,25,,,2,100,,10916,25,,,2,100,,10917,25,,,2
5500,'65040',757,,10946,77,,,2,161,,10952,77,,,2,111,,10948,77,,,2,115,,10955,77,,,2,159,,10949,77,,,2,114,,10953,77,,,2,122,,10950,77,,,2,116,,10954,77,,,2,157,,10947,77,,,2,110,,10951,77,0,5 6 2 66,2
5500,'65041',854,,10961,77,,,2,151,,10963,77,,,2,111,,10962,77,,,2,110,,10960,77,,,2,113,,10959,77,,,2,110,,10958,77,,,2,153,,10957,77,,,2,105,,10956,77,0,5 6 2 66,2
5500,'65042',854,,10969,77,,,2,151,,10971,77,,,2,111,,10970,77,,,2,110,,10968,77,,,2,113,,10967,77,,,2,110,,10966,77,,,2,153,,10965,77,,,2,105,,10964,77,0,5 6 2 66,2
60200,'65040',538,,11224,3,,,0,99,,11225,3,,,0,80,,11226,3,,,0,25,,11227,3,,,0,402,,11228,3,,,0,82,,11229,3,,,0,21,,11230,3,,,0,10,,11231,3,,,0,87,,11232,3,,,0,95,,11233,3,,,0,11,,11234,3,,,0,59,,11235,3,,,0,49,,11236,3,,,0,59,,11237,3,,,0,33,,11238,3,,,0
60200,'65041',704,,11242,3,,,0,228,,11243,3,,,0,16,,11244,3,,,0,199,,11245,3,,,0,470,,11246,3,,,0,29,,11239,3,,,0,74,,11241,3,,,0,15,,11240,3,,,0
60200,'65042',704,,11250,3,,,0,228,,11251,3,,,0,16,,11252,3,,,0,199,,11253,3,,,0,470,,11254,3,,,0,29,,11247,3,,,0,74,,11249,3,,,0,15,,11248,3,,,0
91700,'65040',623,,11523,60,,,0
