800,'65040',617,,9013,5,,,1,27,,9014,5,,,1,15,,9065,5,,,1,55,,9015,5,,,1,15,,9016,5,,,1,15,,9017,5,,,1,14,,9018,5,,,1,55,,9019,5,,,1,10,,9020,5,,,1,17,,9021,5,,,1,60,,9022,5,,,1,22,,9023,5,,,1,20,,9024,5,,,1,58,,9025,5,,,1,20,,9026,5,,,1,21,,9027,5,,,1,60,,9028,5,,,1,19,,9029,5,,,1,20,,9030,5,,,1,60,,9031,5,,,1,19,,9032,5,,,1,20,,9033,5,,,1,61,,9034,5,,,1,20,,9035,5,,,1,19,,9036,5,,,1,62,,9037,5,,,1,11,,9038,5,,,1,13,,9039,5,,,1,22,,9040,5,,,1,54,,9041,5,,,1,10,,9042,5,,,1,15,,9043,5,,,1,15,,9044,5,,,1,10,,9045,5,,,1,55,,9046,5,,,1,10,,9047,5,,,1,9,,9048,5,,,1,16,,9049,5,,,1,13,,9050,5,,,1,57,,9051,5,,,1,14,,9052,5,,,1,20,,9053,5,,,1,61,,9054,5,,,1,21,,9055,5,,,1,19,,9056,5,,,1,70,,9057,5,,,1,30,,9058,5,,,1,71,,9059,5,,,1,31,,9060,5,,,1,81,,9061,5,,,1,21,,9062,5,,,1,67,,9063,5,,,1,101,,9064,5,,,1
800,'65041',615,,9082,5,,,1,99,,9083,5,,,1,29,,9084,5,,,1,68,,9085,5,,,1,24,,9086,5,,,1,68,,9066,5,,,1,31,,9067,5,,,1,69,,9068,5,,,1,30,,9069,5,,,1,70,,9070,5,,,1,30,,9071,5,,,1,69,,9072,5,,,1,29,,9073,5,,,1,71,,9074,5,,,1,30,,9075,5,,,1,70,,9076,5,,,1,30,,9077,5,,,1,70,,9078,5,,,1,30,,9079,5,,,1,70,,9080,5,,,1,30,,9081,5,,,1,70,,9087,5,,,1,32,,9088,5,,,1,71,,9094,5,,,1,33,,9089,5,,,1,77,,9095,5,,,1,101,,9090,5,,,1,101,,9091,5,,,1,101,,9092,5,,,1,100,,9093,5,,,1
800,'65042',615,,9112,5,,,1,99,,9113,5,,,1,29,,9114,5,,,1,68,,9115,5,,,1,24,,9116,5,,,1,68,,9096,5,,,1,31,,9097,5,,,1,69,,9098,5,,,1,30,,9099,5,,,1,70,,9100,5,,,1,30,,9101,5,,,1,69,,9102,5,,,1,29,,9103,5,,,1,71,,9104,5,,,1,30,,9105,5,,,1,70,,9106,5,,,1,30,,9107,5,,,1,70,,9108,5,,,1,30,,9109,5,,,1,70,,9110,5,,,1,30,,9111,5,,,1,70,,9117,5,,,1,32,,9118,5,,,1,71,,9124,5,,,1,33,,9119,5,,,1,77,,9125,5,,,1,101,,9120,5,,,1,101,,9121,5,,,1,101,,9122,5,,,1,100,,9123,5,,,1
900,'65040',714,,9236,5,,,0,109,,9237,5,,,0,103,,9238,5,,,0,99,,9239,5,,,0,100,,9240,5,,,0,31,,9241,5,,,0,101,,9242,5,,,0,100,,9243,5,,,0,70,,9244,5,,,0,28,,9245,5,,,0,169,,9246,5,,,0,101,,9247,5,,,0,101,,9248,5,,,0,85,,9249,5,,,0
900,'65041',1025,,9260,5,,,0,100,,9261,5,,,0,100,,9262,5,,,0,100,,9263,5,,,0,99,,9264,5,,,0,100,,9265,5,,,0,101,,9266,5,,,0
900,'65042',1025,,9275,5,,,0,100,,9276,5,,,0,100,,9277,5,,,0,100,,9278,5,,,0,99,,9279,5,,,0,100,,9280,5,,,0,101,,9281,5,,,0
1101,'65040',547,,9457,5,,,0,70,,9458,5,,,0,30,,9472,38,0,54,0,60,,9436,38,,,0,34,,9437,38,,,0,70,,9459,38,0,54,0,36,,9438,38,,,0,58,,9460,38,0,54,0,31,,9461,38,0,54,0,67,,9439,38,,,0,30,,9462,38,0,54,0,70,,9440,38,,,0,40,,9463,38,0,54,0,60,,9441,38,,,0,39,,9473,16,0,54,0,60,,9442,38,,,0,39,,9464,16,0,54,0,63,,9443,38,,,0,30,,9465,16,0,54,0,69,,9444,38,,,0,30,,9445,38,,,0,71,,9446,38,,,0,14,,9466,16,0,54,0,16,,9447,38,,,0,71,,9448,38,,,0,31,,9449,38,,,0,15,,9475,38,0,54,0,54,,9450,38,,,0,29,,9451,38,,,0,70,,9467,38,0,54,0,29,,9452,38,,,0,70,,9476,16,0,54,0,30,,9453,38,,,0,70,,9468,16,0,54,0,15,,9471,38,0,54,0,26,,9454,38,,,0,11,,9469,16,0,54,0,53,,9470,16,0,54,0,33,,9455,38,,,0,104,,9456,38,,,0,75,,9474,38,0,54,0
1101,'65041',641,,9495,5,,,0,87,,9496,5,,,0,102,,9494,38,,,0,29,,9477,16,,,0,85,,9486,38,0,54,0,70,,9478,38,,,0,30,,9487,38,0,54,0,70,,9479,38,,,0,29,,9488,38,0,54,0,70,,9480,38,,,0,30,,9489,38,0,54,0,70,,9481,38,,,0,30,,9490,38,0,54,0,70,,9482,38,,,0,30,,9491,38,0,54,0,70,,9483,38,,,0,30,,9492,38,0,54,0,70,,9484,38,,,0,30,,9493,38,0,54,0,70,,9485,38,,,0,22,,9497,38,0,54,0,24,,9498,38,,,0,67,,9499,38,0,54,0,16,,9500,38,,,0,100,,9501,38,,,0,100,,9502,38,,,0,99,,9503,38,,,0,98,,9504,38,,,0,99,,9505,38,,,0,100,,9506,38,0,54,0
1101,'65042',641,,9525,5,,,0,87,,9526,5,,,0,102,,9524,38,,,0,29,,9507,16,,,0,85,,9516,38,0,54,0,70,,9508,38,,,0,30,,9517,38,0,54,0,70,,9509,38,,,0,29,,9518,38,0,54,0,70,,9510,38,,,0,30,,9519,38,0,54,0,70,,9511,38,,,0,30,,9520,38,0,54,0,70,,9512,38,,,0,30,,9521,38,0,54,0,70,,9513,38,,,0,30,,9522,38,0,54,0,70,,9514,38,,,0,30,,9523,38,0,54,0,70,,9515,38,,,0,22,,9527,38,0,54,0,24,,9528,38,,,0,67,,9529,38,0,54,0,16,,9530,38,,,0,100,,9531,38,,,0,100,,9532,38,,,0,99,,9533,38,,,0,98,,9534,38,,,0,99,,9535,38,,,0,100,,9536,38,0,54,0
1400,'65040',632,,9702,5,,,0,74,,9703,5,,,0,16,,9704,5,,,0,29,,9705,5,,,0,67,,9706,5,,,0,32,,9707,5,,,0,62,,9708,5,,,0,39,,9709,5,,,0,62,,9710,5,,,0,19,,9711,5,,,0,80,,9712,5,,,0,20,,9713,5,,,0,20,,9714,5,,,0,61,,9715,5,,,0,32,,9716,5,,,0,62,,9717,5,,,0,26,,9718,5,,,0,20,,9719,5,,,0,81,,9739,5,,,0,67,,9720,5,,,0,32,,9721,5,,,0,26,,9722,5,,,0,52,,9723,5,,,0,37,,9724,5,,,0,70,,9725,5,,,0,20,,9726,5,,,0,76,,9727,5,,,0,24,,9728,5,,,0,66,,9729,5,,,0,27,,9730,5,,,0,70,,9731,5,,,0,30,,9732,5,,,0,27,,9733,5,,,0,63,,9734,5,,,0,82,,9735,5,,,0,97,,9736,5,,,0,29,,9737,5,,,0,92,,9738,5,,,0
1400,'65041',700,,9748,5,,,0,101,,9749,5,,,0,50,,9740,5,,,0,99,,9741,5,,,0,100,,9742,5,,,0,100,,9743,5,,,0,103,,9744,5,,,0,99,,9757,5,,,0,100,,9745,5,,,0,100,,9746,5,,,0,101,,9747,5,,,0,102,,9750,5,,,0,148,,9751,5,,,0,102,,9752,5,,,0,101,,9753,5,,,0,98,,9754,5,,,0,100,,9755,5,,,0,118,,9756,5,,,0
1400,'65042',700,,9766,5,,,0,101,,9767,5,,,0,50,,9758,5,,,0,99,,9759,5,,,0,100,,9760,5,,,0,100,,9761,5,,,0,103,,9762,5,,,0,99,,9775,5,,,0,100,,9763,5,,,0,100,,9764,5,,,0,101,,9765,5,,,0,102,,9768,5,,,0,148,,9769,5,,,0,102,,9770,5,,,0,101,,9771,5,,,0,98,,9772,5,,,0,100,,9773,5,,,0,118,,9774,5,,,0
1600,'65040',612,,9966,5,,,0,31,,9965,5,,,0,67,,9971,5,,,0,23,,9964,5,,,0,26,,9963,5,,,0,72,,9962,5,,,0,72,,9961,5,,,0,34,,9960,5,,,0,98,,9959,5,,,0,95,,9958,5,,,0,74,,9957,5,,,0,34,,9956,5,,,0,99,,9955,5,,,0,91,,9954,5,,,0,26,,9953,5,,,0,69,,9952,5,,,0,21,,9951,5,,,0,60,,9950,5,,,0,26,,9967,5,,,0,25,,9949,5,,,0,77,,9948,5,,,0,68,,9947,5,,,0,47,,9946,5,,,0,66,,9945,5,,,0,33,,9944,5,,,0,68,,9943,5,,,0,43,,9970,5,,,0,78,,9942,5,,,0,86,,9968,5,,,0,30,,9969,5,,,0
1600,'65041',647,,9987,5,,,0,93,,9981,5,,,0,96,,9980,5,,,0,97,,9988,5,,,0,70,,9972,5,,,0,100,,9973,5,,,0,100,,9974,5,,,0,100,,9975,5,,,0,100,,9976,5,,,0,99,,9977,5,,,0,100,,9978,5,,,0,102,,9979,5,,,0,99,,9986,5,,,0,40,,9982,5,,,0,100,,9983,5,,,0,100,,9985,5,,,0,100,,9984,5,,,0,75,,9989,5,,,0
1600,'65042',647,,10005,5,,,0,93,,9999,5,,,0,96,,9998,5,,,0,97,,10006,5,,,0,70,,9990,5,,,0,100,,9991,5,,,0,100,,9992,5,,,0,100,,9993,5,,,0,100,,9994,5,,,0,99,,9995,5,,,0,100,,9996,5,,,0,102,,9997,5,,,0,99,,10004,5,,,0,40,,10000,5,,,0,100,,10001,5,,,0,100,,10003,5,,,0,100,,10002,5,,,0,75,,10007,5,,,0
1900,'65040',703,,10267,19,,,0,35,,10268,19,,,0,20,,10269,19,,,0,100,,10270,19,,,0,100,,10271,19,,,0,143,,10272,19,,,0,100,,10273,19,,,0,56,,10274,19,,,0,100,,10275,19,,,0,100,,10276,19,,,0,81,,10277,19,,,0,80,,10278,19,,,0,30,,10279,19,,,0,71,,10280,19,,,0,29,,10281,19,,,0,84,,10282,19,,,0
91900,'65040',602,,11539,19,,,0
