700,'65040',701,,8808,7,,,0,33,,8809,7,,,0,103,,8811,7,,,0,208,,8846,7,0,5 6 2 69,0,60,,8816,7,,,0,20,,8817,7,,,0,99,,8819,7,,,0,99,,8821,7,,,0,103,,8824,7,,,0,209,,8849,7,0,5 6 2 69,0,17,,8830,7,,,0,99,,8832,7,,,0,382,,8839,7,,,0,173,,8850,7,,,0
700,'65041',757,,8877,7,,,0,1046,,8872,7,,,0,197,,8873,7,,,0,101,,8869,7,,,0,100,,8870,7,,,0,100,,8871,7,,,0
700,'65042',757,,8905,7,,,0,1046,,8900,7,,,0,197,,8901,7,,,0,101,,8897,7,,,0,100,,8898,7,,,0,100,,8899,7,,,0
701,'65040',641,,8907,29,0,54,0,82,,8908,29,0,54,0,17,,8916,42,0,54,0,63,,8917,42,0,54,0,18,,8918,42,,,0,20,,8919,42,,,0,60,,8920,42,0,54,0,26,,8921,42,0,54,0,26,,8922,42,0,54,0,55,,8923,42,0,54,0,23,,8924,42,,,0,25,,8925,42,0,54,0,56,,8909,29,,,0,27,,8926,42,0,54,0,63,,8927,42,0,54,0,9,,8910,29,,,0,29,,8928,42,0,54,0,61,,8929,42,0,54,0,9,,8911,29,,,0,30,,8930,42,0,54,0,61,,8931,42,0,54,0,12,,8912,29,,,0,22,,8932,42,0,54,0,21,,8933,42,0,54,0,59,,8913,29,0,54,0,15,,8934,42,0,54,0,18,,8935,42,0,54,0,72,,8936,42,,,0,15,,8937,42,,,0,15,,8938,42,0,54,0,69,,8939,42,0,54,0,16,,8914,29,,,0,15,,8940,42,0,54,0,72,,8941,42,0,54,0,28,,8942,42,0,54,0,71,,8943,42,0,54,0,35,,8944,42,0,54,0,65,,8945,42,0,54,0,31,,8946,42,0,54,0,68,,8947,42,,,0,30,,8948,42,0,54,0,68,,8949,42,0,54,0,36,,8950,42,,,0,100,,8952,42,0,54,0,152,,8915,29,0,54,0
701,'65041',746,,8970,29,,,0,76,,8981,42,0,54,0,31,,8980,29,0,54,0,70,,8969,42,0,54,0,29,,8961,29,0,54,0,70,,8953,42,0,54,0,30,,8962,29,0,54,0,70,,8954,42,0,54,0,30,,8963,29,0,54,0,70,,8955,42,0,54,0,30,,8964,29,0,54,0,70,,8956,42,0,54,0,30,,8965,29,0,54,0,70,,8957,42,0,54,0,30,,8966,29,0,54,0,70,,8958,42,0,54,0,30,,8967,29,0,54,0,70,,8959,42,0,54,0,30,,8968,29,0,54,0,70,,8960,29,0,54,0,30,,8971,29,,,0,70,,8972,29,0,54,0,78,,8979,29,0,54,0,49,,8982,42,,,0,101,,8973,42,,,0,100,,8974,42,,,0,99,,8975,42,,,0,99,,8976,42,0,54,0,158,,8977,29,0,54,0
701,'65042',746,,9000,29,,,0,76,,9011,42,0,54,0,31,,9010,29,0,54,0,70,,8999,42,0,54,0,29,,8991,29,0,54,0,70,,8983,42,0,54,0,30,,8992,29,0,54,0,70,,8984,42,0,54,0,30,,8993,29,0,54,0,70,,8985,42,0,54,0,30,,8994,29,0,54,0,70,,8986,42,0,54,0,30,,8995,29,0,54,0,70,,8987,42,0,54,0,30,,8996,29,0,54,0,70,,8988,42,0,54,0,30,,8997,29,0,54,0,70,,8989,42,0,54,0,30,,8998,29,0,54,0,70,,8990,29,0,54,0,30,,9001,29,,,0,70,,9002,29,0,54,0,78,,9009,29,0,54,0,49,,9012,42,,,0,101,,9003,42,,,0,100,,9004,42,,,0,99,,9005,42,,,0,99,,9006,42,0,54,0,158,,9007,29,0,54,0
1100,'65040',706,,9345,20,,,0,47,,9346,20,,,0,65,,9347,20,,,0,107,,9348,20,,,0,101,,9349,20,,,0,99,,9350,20,,,0,99,,9351,20,,,0,100,,9352,20,,,0,101,,9353,20,,,0,99,,9354,20,,,0,27,,9355,20,,,0,71,,9356,20,,,0,31,,9357,20,,,0,70,,9358,20,,,0,32,,9359,20,,,0,71,,9376,20,0,22 23 2 67,0,31,,9360,20,,,0,74,,9377,20,0,22 23 2 67,0,79,,9361,20,,,0,100,,9362,20,,,0,104,,9363,20,,,0,101,,9364,20,0,57,0,91,,9379,20,0,22 23 2 67,0
1100,'65041',802,,9396,20,,,0,102,,9380,20,,,0,30,,9381,20,,,0,87,,9382,20,,,0,100,,9383,20,,,0,101,,9384,20,,,0,100,,9385,20,,,0,100,,9386,20,,,0,100,,9387,20,,,0,100,,9398,20,,,0,30,,9399,20,,,0,153,,9401,20,,,0,99,,9402,20,,,0,100,,9403,20,,,0,100,,9404,20,,,0,100,,9405,20,,,0,99,,9406,20,,,0,100,,9407,20,0,22 23 2 67,0
1100,'65042',802,,9424,20,,,0,102,,9408,20,,,0,30,,9409,20,,,0,87,,9410,20,,,0,100,,9411,20,,,0,101,,9412,20,,,0,100,,9413,20,,,0,100,,9414,20,,,0,100,,9415,20,,,0,100,,9426,20,,,0,30,,9427,20,,,0,153,,9429,20,,,0,99,,9430,20,,,0,100,,9431,20,,,0,100,,9432,20,,,0,100,,9433,20,,,0,99,,9434,20,,,0,100,,9435,20,0,22 23 2 67,0
1101,'65040',553,,9457,23,,,0,70,,9458,23,,,0,30,,9472,56,0,54,0,61,,9436,56,,,0,35,,9437,56,,,0,69,,9459,56,0,54,0,37,,9438,56,,,0,57,,9460,56,0,54,0,31,,9461,56,0,54,0,68,,9439,56,,,0,29,,9462,56,0,54,0,71,,9440,56,,,0,39,,9463,56,0,54,0,62,,9441,56,,,0,38,,9473,34,0,54,0,61,,9442,56,,,0,38,,9464,34,0,54,0,65,,9443,56,,,0,29,,9465,34,0,54,0,70,,9444,56,,,0,30,,9445,56,,,0,72,,9446,56,,,0,14,,9466,34,0,54,0,16,,9447,56,,,0,71,,9448,56,,,0,30,,9449,56,,,0,13,,9475,56,0,54,0,55,,9450,56,,,0,29,,9451,56,,,0,69,,9467,56,0,54,0,30,,9452,56,,,0,69,,9476,34,0,54,0,31,,9453,56,,,0,69,,9468,34,0,54,0,15,,9471,56,0,54,0,26,,9454,56,,,0,50,,9469,34,0,54,0,13,,9470,34,0,54,0,33,,9455,56,,,0,103,,9456,56,,,0,75,,9474,56,0,54,0
1101,'65041',648,,9495,23,,,0,88,,9496,23,,,0,102,,9494,56,,,0,69,,9477,34,,,0,44,,9486,56,0,54,0,71,,9478,56,,,0,29,,9487,56,0,54,0,71,,9479,56,,,0,29,,9488,56,0,54,0,71,,9480,56,,,0,29,,9489,56,0,54,0,71,,9481,56,,,0,29,,9490,56,0,54,0,71,,9482,56,,,0,29,,9491,56,0,54,0,71,,9483,56,,,0,29,,9492,56,0,54,0,71,,9484,56,,,0,29,,9493,56,0,54,0,71,,9485,56,,,0,21,,9497,56,0,54,0,65,,9498,56,,,0,26,,9499,56,0,54,0,17,,9500,56,,,0,99,,9501,56,,,0,100,,9502,56,,,0,99,,9503,56,,,0,97,,9504,56,,,0,99,,9505,56,,,0,100,,9506,56,0,54,0
1101,'65042',648,,9525,23,,,0,88,,9526,23,,,0,102,,9524,56,,,0,69,,9507,34,,,0,44,,9516,56,0,54,0,71,,9508,56,,,0,29,,9517,56,0,54,0,71,,9509,56,,,0,29,,9518,56,0,54,0,71,,9510,56,,,0,29,,9519,56,0,54,0,71,,9511,56,,,0,29,,9520,56,0,54,0,71,,9512,56,,,0,29,,9521,56,0,54,0,71,,9513,56,,,0,29,,9522,56,0,54,0,71,,9514,56,,,0,29,,9523,56,0,54,0,71,,9515,56,,,0,21,,9527,56,0,54,0,65,,9528,56,,,0,26,,9529,56,0,54,0,17,,9530,56,,,0,99,,9531,56,,,0,100,,9532,56,,,0,99,,9533,56,,,0,97,,9534,56,,,0,99,,9535,56,,,0,100,,9536,56,0,54,0
