400,'65040',644,,8361,19,,,0,65,,8386,19,0,5 6 2 66,0,29,,8388,19,0,5 6 2 66,0,77,,8364,19,,,0,34,,8365,19,,,0,91,,8366,19,,,0,19,,8390,19,0,5 6 2 66,0,81,,8367,19,,,0,19,,8391,19,0,5 6 2 66,0,81,,8368,19,,,0,81,,8392,19,0,5 6 2 66,0,18,,8369,19,,,0,80,,8370,19,,,0,22,,8393,19,0,5 6 2 66,0,84,,8371,19,,,0,24,,8372,19,,,0,70,,8373,19,,,0,16,,8394,19,0,5 6 2 66,0,14,,8374,19,,,0,58,,8395,19,0,5 6 2 66,0,12,,8375,19,,,0,11,,8397,19,0,5 6 2 66,0,8,,8376,19,,,0,71,,8377,19,,,0,19,,8398,19,0,5 6 2 66,0,16,,8378,19,,,0,62,,8399,19,0,5 6 2 66,0,19,,8379,19,,,0,23,,8396,19,0,5 6 2 66,0,62,,8380,19,,,0,29,,8381,19,,,0,71,,8382,19,,,0,33,,8383,19,,,0,91,,8384,19,,,0,22,,8387,19,0,5 6 2 66,0,69,,8385,19,0,5 6 2 66,0,101,,8389,19,0,5 6 2 66,0
400,'65041',723,,8416,19,0,5 6 2 66,0,28,,8426,19,0,5 6 2 66,0,73,,8427,19,,,0,85,,8408,19,,,0,29,,8400,19,0,5 6 2 66,0,72,,8409,19,,,0,28,,8401,19,0,5 6 2 66,0,72,,8410,19,,,0,29,,8402,19,0,5 6 2 66,0,71,,8411,19,,,0,29,,8403,19,0,5 6 2 66,0,71,,8412,19,,,0,28,,8404,19,0,5 6 2 66,0,71,,8413,19,,,0,29,,8405,19,0,5 6 2 66,0,71,,8414,19,,,0,30,,8406,19,0,5 6 2 66,0,70,,8415,19,,,0,30,,8407,19,0,5 6 2 66,0,70,,8425,19,,,0,21,,8417,19,,,0,23,,8418,19,,,0,82,,8419,19,,,0,89,,8420,19,0,5 6 2 66,0,98,,8421,19,0,5 6 2 66,0,99,,8422,19,0,5 6 2 66,0,100,,8423,19,0,5 6 2 66,0,98,,8424,19,0,5 6 2 66,0
400,'65042',723,,8444,19,0,5 6 2 66,0,28,,8454,19,0,5 6 2 66,0,73,,8455,19,,,0,85,,8436,19,,,0,29,,8428,19,0,5 6 2 66,0,72,,8437,19,,,0,28,,8429,19,0,5 6 2 66,0,72,,8438,19,,,0,29,,8430,19,0,5 6 2 66,0,71,,8439,19,,,0,29,,8431,19,0,5 6 2 66,0,71,,8440,19,,,0,28,,8432,19,0,5 6 2 66,0,71,,8441,19,,,0,29,,8433,19,0,5 6 2 66,0,71,,8442,19,,,0,30,,8434,19,0,5 6 2 66,0,70,,8443,19,,,0,30,,8435,19,0,5 6 2 66,0,70,,8453,19,,,0,21,,8445,19,,,0,23,,8446,19,,,0,82,,8447,19,,,0,89,,8448,19,0,5 6 2 66,0,98,,8449,19,0,5 6 2 66,0,99,,8450,19,0,5 6 2 66,0,100,,8451,19,0,5 6 2 66,0,98,,8452,19,0,5 6 2 66,0
900,'65040',727,,9236,23,,,0,111,,9237,23,,,0,102,,9238,23,,,0,100,,9239,23,,,0,100,,9240,23,,,0,71,,9241,23,,,0,101,,9242,23,,,0,100,,9243,23,,,0,30,,9244,23,,,0,68,,9245,23,,,0,133,,9246,23,,,0,98,,9247,23,,,0,99,,9248,23,,,0,85,,9249,23,,,0
900,'65041',1038,,9260,23,,,0,101,,9261,23,,,0,100,,9262,23,,,0,100,,9263,23,,,0,99,,9264,23,,,0,100,,9265,23,,,0,100,,9266,23,,,0
900,'65042',1038,,9275,23,,,0,101,,9276,23,,,0,100,,9277,23,,,0,100,,9278,23,,,0,99,,9279,23,,,0,100,,9280,23,,,0,100,,9281,23,,,0
1700,'65040',720,,10074,58,,,0,36,,10075,58,,,0,73,,10076,58,,,0,90,,10077,58,,,0,100,,10078,58,,,0,100,,10079,58,,,0,82,,10080,58,,,0,101,,10081,58,,,0,101,,10082,58,,,0,101,,10083,58,,,0,149,,10085,58,,,0,450,,10090,58,,,0
5101,'65040',658,,10881,23,,,0,65,,10882,23,,,0,81,,10883,23,,,0,16,,10884,23,,,0,109,,10886,23,,,0,98,,10888,23,,,0,104,,10890,23,,,0,97,,10892,23,,,0,99,,10894,23,,,0,102,,10896,23,,,0,106,,10897,23,,,0,65,,10895,23,,,0,32,,10893,23,,,0,26,,10891,23,,,0,65,,10889,23,,,0,24,,10887,23,,,0,70,,10885,23,,,0,97,,10880,23,,,0,45,,10879,23,,,0,86,,10878,23,,,0,97,,10877,23,,,0,80,,10876,23,,,0
5101,'65041',820,,10912,23,,,2,92,,10910,23,,,2,97,,10909,23,,,2,99,,10911,23,,,2,100,,10908,23,,,2,100,,10907,23,,,2,100,,10906,23,,,2,100,,10905,23,,,2,100,,10904,23,,,2,100,,10903,23,,,2,111,,10898,23,,,2,99,,10899,23,,,2,100,,10900,23,,,2,100,,10901,23,,,2,100,,10902,23,,,2
5101,'65042',820,,10927,23,,,2,92,,10925,23,,,2,97,,10924,23,,,2,99,,10926,23,,,2,100,,10923,23,,,2,100,,10922,23,,,2,100,,10921,23,,,2,100,,10920,23,,,2,100,,10919,23,,,2,100,,10918,23,,,2,111,,10913,23,,,2,99,,10914,23,,,2,100,,10915,23,,,2,100,,10916,23,,,2,100,,10917,23,,,2
91700,'65040',621,,11523,58,,,0
