600,'65040',718,,8668,24,4,,0,86,,8669,24,4,,0,38,,8670,24,4,,0,65,,8671,24,4,,0,27,,8672,24,4,,0,69,,8673,24,4,,0,30,,8674,24,4,,0,70,,8675,24,4,,0,30,,8676,24,4,,0,70,,8677,24,4,,0,32,,8678,24,4,,0,69,,8679,24,4,,0,33,,8680,24,4,,0,66,,8681,24,4,,0,32,,8682,24,4,,0,70,,8683,24,4,,0,23,,8684,24,4,,0,25,,8685,24,4,,0,73,,8686,24,4,,0,21,,8687,24,4,,0,57,,8688,24,4,,0,29,,8689,24,4,,0,70,,8690,24,4,,0,33,,8691,24,4,,0,92,,8692,24,4,,0,92,,8693,24,4,,0,100,,8694,24,4,,0,39,,8695,24,4,,0,70,,8696,24,4,,0,28,,8697,24,4,,0,66,,8698,24,4,,0
600,'65041',706,,8708,24,4,,0,48,,8709,24,4,,0,65,,8710,24,4,,0,97,,8700,24,4,,0,94,,8701,24,4,,0,97,,8702,24,4,,0,100,,8703,24,4,,0,100,,8704,24,4,,0,100,,8705,24,4,,0,100,,8706,24,4,,0,100,,8707,24,4,,0,100,,8718,24,4,,0,109,,8716,24,4,,0,89,,8715,24,4,,0,103,,8714,24,4,,0,101,,8713,24,4,,0,100,,8712,24,4,,0,100,,8711,24,4,,0
600,'65042',706,,8727,24,4,,0,48,,8728,24,4,,0,65,,8729,24,4,,0,97,,8719,24,4,,0,94,,8720,24,4,,0,97,,8721,24,4,,0,100,,8722,24,4,,0,100,,8723,24,4,,0,100,,8724,24,4,,0,100,,8725,24,4,,0,100,,8726,24,4,,0,100,,8737,24,4,,0,109,,8735,24,4,,0,89,,8734,24,4,,0,103,,8733,24,4,,0,101,,8732,24,4,,0,100,,8731,24,4,,0,100,,8730,24,4,,0
801,'65040',648,,9126,55,4,,1,71,,9127,55,4,,1,17,,9128,50,4,,1,16,,9129,55,4,,1,55,,9130,55,4,,1,15,,9175,50,4,,1,18,,9131,50,4,,1,13,,9132,55,4,,1,61,,9133,50,4,,1,17,,9134,50,4,,1,20,,9135,50,4,,1,61,,9136,50,4,,1,19,,9137,50,4,,1,23,,9138,50,4,,1,61,,9139,50,4,,1,20,,9140,50,4,,1,20,,9141,50,4,,1,61,,9142,50,4,,1,20,,9143,50,4,,1,19,,9144,50,4,,1,61,,9145,50,4,,1,20,,9146,50,4,,1,20,,9147,50,4,,1,60,,9148,50,4,,1,20,,9149,50,4,,1,20,,9150,50,4,,1,61,,9151,50,4,,1,13,,9152,50,4,,1,17,,9153,50,4,,1,57,,9154,50,4,,1,12,,9155,50,4,,1,17,,9156,50,4,,1,14,,9157,55,4,,1,54,,9158,50,4,,1,16,,9159,50,4,,1,12,,9160,50,4,,1,15,,9161,50,4,,1,15,,9162,50,4,,1,55,,9163,50,4,,1,19,,9164,50,4,,1,21,,9165,50,4,,1,62,,9166,50,4,,1,26,,9167,50,4,,1,70,,9168,50,4,,1,30,,9169,50,4,,1,70,,9170,50,4,,1,30,,9171,50,4,,1,68,,9172,50,4,,1,37,,9173,50,4,,1,99,,9174,50,4,,1
801,'65041',747,,9193,50,4,,1,67,,9204,55,4,,1,29,,9194,50,4,,1,60,,9195,50,4,,1,30,,9176,50,4,,1,71,,9177,50,4,,1,31,,9178,50,4,,1,70,,9179,50,4,,1,31,,9180,50,4,,1,70,,9181,50,4,,1,30,,9182,50,4,,1,70,,9183,50,4,,1,30,,9184,50,4,,1,70,,9185,50,4,,1,30,,9186,50,4,,1,70,,9187,50,4,,1,30,,9188,50,4,,1,70,,9189,50,4,,1,29,,9190,50,4,,1,70,,9191,50,4,,1,30,,9192,50,4,,1,69,,9196,50,4,,1,32,,9197,50,4,,1,80,,9198,50,4,,1,32,,9199,50,4,,1,69,,9200,50,4,,1,30,,9205,50,4,,1,100,,9201,50,4,,1,97,,9202,50,4,,1,100,,9203,50,4,,1
801,'65042',747,,9223,50,4,,1,67,,9234,55,4,,1,29,,9224,50,4,,1,60,,9225,50,4,,1,30,,9206,50,4,,1,71,,9207,50,4,,1,31,,9208,50,4,,1,70,,9209,50,4,,1,31,,9210,50,4,,1,70,,9211,50,4,,1,30,,9212,50,4,,1,70,,9213,50,4,,1,30,,9214,50,4,,1,70,,9215,50,4,,1,30,,9216,50,4,,1,70,,9217,50,4,,1,30,,9218,50,4,,1,70,,9219,50,4,,1,29,,9220,50,4,,1,70,,9221,50,4,,1,30,,9222,50,4,,1,69,,9226,50,4,,1,32,,9227,50,4,,1,80,,9228,50,4,,1,32,,9229,50,4,,1,69,,9230,50,4,,1,30,,9235,50,4,,1,100,,9231,50,4,,1,97,,9232,50,4,,1,100,,9233,50,4,,1
901,'65040',736,,9289,58,4,,0,69,,9290,58,4,,0,28,,9291,58,4,,0,114,,9292,58,4,,0,100,,9293,58,4,,0,100,,9294,58,4,,0,103,,9295,58,4,,0,71,,9296,58,4,,0,101,,9297,58,4,,0,100,,9298,58,4,,0,30,,9299,58,4,,0,68,,9300,58,4,,0,133,,9301,58,4,,0
901,'65041',1042,,9313,58,4,,0,101,,9314,58,4,,0,102,,9320,58,4,,0,100,,9319,58,4,,0,100,,9318,58,4,,0,100,,9317,58,4,,0,101,,9316,58,4,,0,100,,9315,58,4,,0
901,'65042',1042,,9329,58,4,,0,101,,9330,58,4,,0,102,,9336,58,4,,0,100,,9335,58,4,,0,100,,9334,58,4,,0,100,,9333,58,4,,0,101,,9332,58,4,,0,100,,9331,58,4,,0
1401,'65040',601,,9776,41,4,,0,100,,9777,41,4,,0,52,,9778,41,4,,0,52,,9812,41,4,,0,16,,9779,41,4,,0,30,,9780,41,4,,0,63,,9781,41,4,,0,16,,9782,41,4,,0,17,,9783,41,4,,0,75,,9784,41,4,,0,25,,9785,41,4,,0,80,,9786,41,4,,0,21,,9787,41,4,,0,76,,9788,41,4,,0,23,,9789,41,4,,0,76,,9790,41,4,,0,25,,9791,41,4,,0,77,,9792,41,4,,0,17,,9793,41,4,,0,60,,9813,41,4,,0,20,,9794,41,4,,0,25,,9795,41,4,,0,66,,9796,41,4,,0,28,,9797,41,4,,0,70,,9798,41,4,,0,29,,9799,41,4,,0,14,,9800,41,4,,0,61,,9801,41,4,,0,32,,9802,41,4,,0,62,,9803,41,4,,0,44,,9804,41,4,,0,80,,9805,41,4,,0,23,,9806,41,4,,0,77,,9807,41,4,,0,71,,9808,41,4,,0,97,,9809,41,4,,0,58,,9810,41,4,,0,56,,9811,41,4,,0
1401,'65041',757,,9821,41,4,,0,96,,9822,41,4,,0,96,,9814,41,4,,0,68,,9815,41,4,,0,100,,9816,41,4,,0,100,,9817,41,4,,0,100,,9830,41,4,,0,99,,9818,41,4,,0,100,,9819,41,4,,0,101,,9820,41,4,,0,101,,9832,41,4,,0,98,,9831,41,4,,0,38,,9823,41,4,,0,104,,9824,41,4,,0,101,,9825,41,4,,0,98,,9826,41,4,,0,99,,9827,41,4,,0,99,,9828,41,4,,0,61,,9829,41,4,,0
1401,'65042',757,,9840,41,4,,0,96,,9841,41,4,,0,96,,9833,41,4,,0,68,,9834,41,4,,0,100,,9835,41,4,,0,100,,9836,41,4,,0,100,,9849,41,4,,0,99,,9837,41,4,,0,100,,9838,41,4,,0,101,,9839,41,4,,0,101,,9851,41,4,,0,98,,9850,41,4,,0,38,,9842,41,4,,0,104,,9843,41,4,,0,101,,9844,41,4,,0,98,,9845,41,4,,0,99,,9846,41,4,,0,99,,9847,41,4,,0,61,,9848,41,4,,0
1501,'65040',742,,9912,13,4,,0,74,,9897,13,4,,0,27,,9913,13,4,,0,63,,9910,13,4,,0,103,,9909,13,4,,0,104,,9908,13,4,,0,97,,9907,13,4,,0,95,,9906,13,4,,0,48,,9905,13,4,,0,152,,9904,13,4,,0,31,,9903,13,4,,0,72,,9902,13,4,,0,27,,9911,13,4,,0,72,,9901,13,4,,0,99,,9900,13,4,,0,98,,9899,13,4,,0,100,,9898,13,4,,0
1501,'65041',829,,9921,13,4,,0,110,,9914,13,4,,0,86,,9915,13,4,,0,100,,9916,13,4,,0,100,,9917,13,4,,0,100,,9918,13,4,,0,100,,9919,13,4,,0,101,,9920,13,4,,0,101,,9922,13,4,,0,111,,9923,13,4,,0,97,,9927,13,4,,0,93,,9924,13,4,,0,103,,9925,13,4,,0,98,,9926,13,4,,0
1501,'65042',829,,9935,13,4,,0,110,,9928,13,4,,0,86,,9929,13,4,,0,100,,9930,13,4,,0,100,,9931,13,4,,0,100,,9932,13,4,,0,100,,9933,13,4,,0,101,,9934,13,4,,0,101,,9936,13,4,,0,111,,9937,13,4,,0,97,,9941,13,4,,0,93,,9938,13,4,,0,103,,9939,13,4,,0,98,,9940,13,4,,0
1601,'65040',643,,10008,21,4,,0,72,,10009,21,4,,0,30,,10010,21,4,,0,63,,10011,21,4,,0,27,,10036,21,4,,0,73,,10012,21,4,,0,31,,10013,21,4,,0,73,,10014,21,4,,0,98,,10015,21,4,,0,95,,10016,21,4,,0,34,,10017,21,4,,0,74,,10018,21,4,,0,99,,10019,21,4,,0,94,,10020,21,4,,0,26,,10021,21,4,,0,69,,10022,21,4,,0,21,,10023,21,4,,0,22,,10024,21,4,,0,65,,10033,21,4,,0,25,,10025,21,4,,0,75,,10026,21,4,,0,28,,10027,21,4,,0,85,,10028,21,4,,0,25,,10029,21,4,,0,73,,10030,21,4,,0,27,,10031,21,4,,0,83,,10037,21,4,,0,78,,10032,21,4,,0,44,,10034,21,4,,0,70,,10035,21,4,,0
1601,'65041',716,,10047,21,4,,0,95,,10048,21,4,,0,97,,10046,21,4,,0,98,,10054,21,4,,0,31,,10038,21,4,,0,100,,10039,21,4,,0,100,,10040,21,4,,0,100,,10041,21,4,,0,101,,10042,21,4,,0,100,,10043,21,4,,0,99,,10044,21,4,,0,102,,10045,21,4,,0,97,,10053,21,4,,0,80,,10049,21,4,,0,99,,10050,21,4,,0,99,,10052,21,4,,0,98,,10051,21,4,,0,35,,10055,21,4,,0
1601,'65042',716,,10065,21,4,,0,95,,10066,21,4,,0,97,,10064,21,4,,0,98,,10072,21,4,,0,31,,10056,21,4,,0,100,,10057,21,4,,0,100,,10058,21,4,,0,100,,10059,21,4,,0,101,,10060,21,4,,0,100,,10061,21,4,,0,99,,10062,21,4,,0,102,,10063,21,4,,0,97,,10071,21,4,,0,80,,10067,21,4,,0,99,,10068,21,4,,0,99,,10070,21,4,,0,98,,10069,21,4,,0,35,,10073,21,4,,0
1800,'65040',710,,10171,42,4,,0,37,,10172,42,4,,0,73,,10173,42,4,,0,90,,10174,42,4,,0,100,,10175,42,4,,0,100,,10176,42,4,,0,41,,10177,42,4,,0,101,,10178,42,4,,0,101,,10179,42,4,,0,101,,10180,42,4,,0,100,,10181,42,4,,0,88,,10182,42,4,,0,89,,10183,42,4,,0,81,,10184,42,4,,0,106,,10185,42,4,,0,91,,10186,42,4,,0,46,,10187,42,4,,0,67,,10188,42,4,,0,98,,10189,42,4,,0
1800,'65041',811,,10199,42,4,,0,113,,10190,42,4,,0,99,,10191,42,4,,0,100,,10192,42,4,,0,95,,10193,42,4,,0,100,,10194,42,4,,0,101,,10195,42,4,,0,100,,10196,42,4,,0,99,,10197,42,4,,0,101,,10198,42,4,,0,100,,10200,42,4,,0,93,,10201,42,4,,0,101,,10202,42,4,,0,100,,10203,42,4,,0,99,,10204,42,4,,0
1800,'65042',811,,10214,42,4,,0,113,,10205,42,4,,0,99,,10206,42,4,,0,100,,10207,42,4,,0,95,,10208,42,4,,0,100,,10209,42,4,,0,101,,10210,42,4,,0,100,,10211,42,4,,0,99,,10212,42,4,,0,101,,10213,42,4,,0,100,,10215,42,4,,0,93,,10216,42,4,,0,101,,10217,42,4,,0,100,,10218,42,4,,0,99,,10219,42,4,,0
2400,'65040',637,,10399,25,4,,2,71,,10398,25,4,,2,31,,10400,25,4,,2,66,,10401,25,4,,2,12,,10397,25,4,,2,26,,10402,25,4,,2,75,,10403,25,4,,2,31,,10404,25,4,,2,71,,10405,25,4,,2,31,,10406,25,4,,2,71,,10408,25,4,,2,31,,10407,25,4,,2,71,,10409,25,4,,2,31,,10412,25,4,,2,71,,10411,25,4,,2,31,,10413,25,4,,2,71,,10410,25,4,,2,31,,10415,25,4,,2,73,,10414,25,4,,2,73,,10416,25,4,,2,36,,10417,25,4,,2,75,,10418,25,4,,2,38,,10419,25,4,,2,74,,10420,25,4,,2,75,,10421,25,4,,2,35,,10422,25,4,,2,75,,10426,25,4,,2,35,,10423,25,4,,2,80,,10424,25,4,,2,72,,10425,25,4,,2
2400,'65041',805,,10443,25,4,,2,41,,10439,25,4,,2,78,,10440,25,4,,2,96,,10442,25,4,,2,100,,10441,25,4,,2,100,,10438,25,4,,2,100,,10437,25,4,,2,100,,10436,25,4,,2,100,,10435,25,4,,2,100,,10432,25,4,,2,105,,10429,25,4,,2,99,,10428,25,4,,2,84,,10431,25,4,,2,46,,10434,25,4,,2,100,,10427,25,4,,2,98,,10433,25,4,,2,100,,10430,25,4,,2
2400,'65042',805,,10460,25,4,,2,41,,10456,25,4,,2,78,,10457,25,4,,2,96,,10459,25,4,,2,100,,10458,25,4,,2,100,,10455,25,4,,2,100,,10454,25,4,,2,100,,10453,25,4,,2,100,,10452,25,4,,2,100,,10449,25,4,,2,105,,10446,25,4,,2,99,,10445,25,4,,2,84,,10448,25,4,,2,46,,10451,25,4,,2,100,,10444,25,4,,2,98,,10450,25,4,,2,100,,10447,25,4,,2
2700,'65040',720,,10607,19,4,,2,94,,10608,19,4,,2,92,,10609,19,4,,2,324,,10610,19,4,,2,87,,10611,19,4,,2,283,,10612,19,4,,2,56,,10613,19,4,,2,88,,10615,19,4,,2,92,,10614,19,4,,2,87,,10616,19,4,,2
45301,'65040',820,,11101,12,4,,2,505,,11102,13,4,,2,226,,11103,12,4,,2,154,,11105,12,4,,2,52,,11106,12,4,,2,98,,11104,13,4,,2
60101,'65040',544,,11169,4,4,,0,70,,11170,4,4,,0,15,,11171,4,4,,0,11,,11172,4,4,,0,19,,11173,4,4,,0,52,,11174,4,4,,0,28,,11175,4,4,,0,272,,11176,4,4,,0,224,,11177,4,4,,0,19,,11178,4,4,,0,76,,11179,4,4,,0,14,,11180,4,4,,0,10,,11181,4,4,,0,55,,11182,4,4,,0,13,,11183,4,4,,0,22,,11184,4,4,,0,14,,11185,4,4,,0,50,,11186,4,4,,0,42,,11187,4,4,,0,61,,11188,4,4,,0,296,,11189,4,4,,0
60101,'65041',612,,11197,4,4,,0,26,,11206,4,4,,0,19,,11205,4,4,,0,77,,11192,4,4,,0,6,,11199,4,4,,0,116,,11204,4,4,,0,144,,11194,4,4,,0,300,,11193,4,4,,0,28,,11203,4,4,,0,21,,11191,4,4,,0,51,,11202,4,4,,0,28,,11198,4,4,,0,20,,11201,4,4,,0,100,,11196,4,4,,0,97,,11195,4,4,,0,106,,11190,4,4,,0,50,,11200,4,4,,0
60101,'65042',612,,11214,4,4,,0,26,,11223,4,4,,0,19,,11222,4,4,,0,77,,11209,4,4,,0,6,,11216,4,4,,0,116,,11221,4,4,,0,144,,11211,4,4,,0,300,,11210,4,4,,0,28,,11220,4,4,,0,21,,11208,4,4,,0,51,,11219,4,4,,0,28,,11215,4,4,,0,20,,11218,4,4,,0,100,,11213,4,4,,0,97,,11212,4,4,,0,106,,11207,4,4,,0,50,,11217,4,4,,0
91800,'65041',2308,,11528,44,4,,0
91800,'65042',2308,,11529,44,4,,0
