700,'65040',649,,8806,47,,,0,77,,8807,47,,,0,23,,8808,55,,,0,75,,8809,55,,,0,29,,8810,47,,,0,75,,8811,55,,,0,23,,8812,47,,,0,65,,8813,47,,,0,42,,8814,47,,,0,56,,8815,47,,,0,40,,8816,55,,,0,60,,8817,55,,,0,37,,8818,47,,,0,64,,8819,55,,,0,36,,8820,47,,,0,63,,8821,55,,,0,16,,8822,47,,,0,23,,8823,47,,,0,66,,8824,55,,,0,18,,8825,47,,,0,20,,8826,47,,,0,67,,8827,47,,,0,19,,8828,47,,,0,66,,8829,47,,,0,35,,8830,55,,,0,66,,8831,47,,,0,31,,8832,55,,,0,68,,8833,47,,,0,27,,8834,47,,,0,71,,8835,47,,,0,34,,8836,47,,,0,65,,8837,47,,,0,29,,8838,47,,,0,81,,8839,55,,,0,30,,8840,47,,,0,104,,8850,55,,,0
700,'65041',745,,8866,47,,,0,102,,8877,55,,,0,93,,8878,47,,,0,100,,8851,47,,,0,100,,8852,47,,,0,101,,8853,47,,,0,100,,8854,47,,,0,100,,8855,47,,,0,101,,8856,47,,,0,308,,8872,55,,,0,98,,8874,47,,,0,100,,8873,55,,,0,100,,8869,55,,,0,100,,8870,55,,,0,98,,8871,55,,,0
700,'65042',745,,8894,47,,,0,102,,8905,55,,,0,93,,8906,47,,,0,100,,8879,47,,,0,100,,8880,47,,,0,101,,8881,47,,,0,100,,8882,47,,,0,100,,8883,47,,,0,101,,8884,47,,,0,308,,8900,55,,,0,98,,8902,47,,,0,100,,8901,55,,,0,100,,8897,55,,,0,100,,8898,55,,,0,98,,8899,55,,,0
800,'65040',654,,9013,54,,,1,69,,9014,54,,,1,17,,9065,54,,,1,16,,9015,54,,,1,55,,9016,54,,,1,16,,9017,54,,,1,14,,9018,54,,,1,16,,9019,54,,,1,50,,9020,54,,,1,17,,9021,54,,,1,19,,9022,54,,,1,62,,9023,54,,,1,20,,9024,54,,,1,19,,9025,54,,,1,60,,9026,54,,,1,21,,9027,54,,,1,20,,9028,54,,,1,60,,9029,54,,,1,20,,9030,54,,,1,20,,9031,54,,,1,60,,9032,54,,,1,20,,9033,54,,,1,20,,9034,54,,,1,60,,9035,54,,,1,19,,9036,54,,,1,22,,9037,54,,,1,11,,9038,54,,,1,53,,9039,54,,,1,22,,9040,54,,,1,15,,9041,54,,,1,53,,9042,54,,,1,16,,9043,54,,,1,15,,9044,54,,,1,10,,9045,54,,,1,15,,9046,54,,,1,50,,9047,54,,,1,8,,9048,54,,,1,15,,9049,54,,,1,12,,9050,54,,,1,15,,9051,54,,,1,54,,9052,54,,,1,18,,9053,54,,,1,20,,9054,54,,,1,59,,9055,54,,,1,18,,9056,54,,,1,30,,9057,54,,,1,70,,9058,54,,,1,31,,9059,54,,,1,71,,9060,54,,,1,78,,9061,54,,,1,20,,9062,54,,,1,27,,9063,54,,,1,100,,9064,54,,,1
800,'65041',652,,9082,54,,,1,100,,9083,54,,,1,68,,9084,54,,,1,28,,9085,54,,,1,64,,9086,54,,,1,30,,9066,54,,,1,72,,9067,54,,,1,30,,9068,54,,,1,70,,9069,54,,,1,30,,9070,54,,,1,71,,9071,54,,,1,30,,9072,54,,,1,69,,9073,54,,,1,31,,9074,54,,,1,70,,9075,54,,,1,30,,9076,54,,,1,70,,9077,54,,,1,30,,9078,54,,,1,70,,9079,54,,,1,30,,9080,54,,,1,70,,9081,54,,,1,29,,9087,54,,,1,71,,9088,54,,,1,30,,9094,54,,,1,71,,9089,54,,,1,37,,9095,54,,,1,100,,9090,54,,,1,100,,9091,54,,,1,99,,9092,54,,,1,100,,9093,54,,,1
800,'65042',652,,9112,54,,,1,100,,9113,54,,,1,68,,9114,54,,,1,28,,9115,54,,,1,64,,9116,54,,,1,30,,9096,54,,,1,72,,9097,54,,,1,30,,9098,54,,,1,70,,9099,54,,,1,30,,9100,54,,,1,71,,9101,54,,,1,30,,9102,54,,,1,69,,9103,54,,,1,31,,9104,54,,,1,70,,9105,54,,,1,30,,9106,54,,,1,70,,9107,54,,,1,30,,9108,54,,,1,70,,9109,54,,,1,30,,9110,54,,,1,70,,9111,54,,,1,29,,9117,54,,,1,71,,9118,54,,,1,30,,9124,54,,,1,71,,9119,54,,,1,37,,9125,54,,,1,100,,9120,54,,,1,100,,9121,54,,,1,99,,9122,54,,,1,100,,9123,54,,,1
801,'65040',610,,9126,5,,,1,28,,9127,5,,,1,70,,9129,5,,,1,14,,9130,5,,,1,85,,9132,5,,,1,749,,9157,5,,,1
801,'65041',735,,9204,5,,,1
801,'65042',735,,9234,5,,,1
2100,'65040',714,,10327,5,,,2,30,,10326,5,,,2,70,,10328,5,,,2,30,,10329,5,,,2,695,,10330,5,,,2,65,,10331,5,,,2,35,,10333,5,,,2,65,,10334,5,,,2,30,,10332,5,,,2
2200,'65040',647,,10344,25,,,2,88,,10345,25,,,2,81,,10346,25,,,2,41,,10347,25,,,2,693,,10348,25,,,2,95,,10351,25,,,2,81,,10349,25,,,2,80,,10350,25,,,2
40100,'65040',649,,11036,10,,,0,69,,11037,10,,,0,30,,11038,10,,,0,70,,11039,10,,,0,32,,11040,10,,,0
40101,'65040',1515,,11041,5,,,0,30,,11042,5,,,0,70,,11043,5,,,0,30,,11044,5,,,0,70,,11045,5,,,0
45300,'65040',750,,11094,9,,,2,99,,11095,9,,,2,399,,11096,9,,,2,275,,11098,9,,,2,112,,11097,9,,,2,94,,11099,9,,,2,90,,11100,9,,,2
45400,'65040',651,,11107,8,,,2,69,,11109,8,,,2,22,,11108,8,,,2,72,,11110,8,,,2,36,,11111,8,,,2,697,,11112,8,,,2
45401,'65040',1512,,11113,5,,,2,30,,11115,5,,,2,67,,11117,5,,,2,40,,11116,5,,,2,63,,11114,5,,,2
90801,'65040',2423,,11509,5,,,0
90801,'65041',2423,,11510,5,,,0
90801,'65042',2423,,11511,5,,,0
