100,'65040',851,,7922,19,,,0,100,,7923,19,,,0,99,,7924,19,,,0,99,,7925,19,,,0,100,,7926,19,,,0,100,,7927,19,,,0,292,,7928,19,,,0,67,,7929,19,,,0,31,,7930,19,,,0,193,,7931,19,,,0,105,,7932,19,,,0,90,,7933,19,,,0,91,,7934,19,0,5 6 2 68,0,101,,7935,19,0,5 6 2 68,0
100,'65041',1727,,7951,19,0,5 6 2 68,0
100,'65042',1727,,7962,19,0,5 6 2 68,0
300,'65040',617,,8132,34,,,0,25,,8133,34,,,0,15,,8134,34,,,0,58,,8135,34,,,0,12,,8136,34,,,0,14,,8137,34,,,0,16,,8138,34,,,0,55,,8139,34,,,0,13,,8140,34,,,0,17,,8141,34,,,0,60,,8142,34,,,0,20,,8143,34,,,0,20,,8144,34,,,0,60,,8145,34,,,0,20,,8146,34,,,0,20,,8147,34,,,0,60,,8148,34,,,0,20,,8149,34,,,0,20,,8150,34,,,0,58,,8151,34,,,0,22,,8152,34,,,0,20,,8153,34,,,0,60,,8154,34,,,0,20,,8155,34,,,0,20,,8156,34,,,0,60,,8157,34,,,0,15,,8158,34,,,0,13,,8159,34,,,0,17,,8181,34,,,0,55,,8160,34,,,0,15,,8161,34,,,0,13,,8162,34,,,0,22,,8163,34,,,0,55,,8164,34,,,0,20,,8165,34,,,0,25,,8166,34,,,0,65,,8167,34,,,0,30,,8168,34,,,0,60,,8169,34,,,0,20,,8170,34,,,0,20,,8171,34,,,0,65,,8172,34,,,0,28,,8173,34,,,0,73,,8174,34,,,0,27,,8175,34,,,0,67,,8180,34,,,0,20,,8176,34,,,0,20,,8177,34,,,0,77,,8178,34,,,0
300,'65041',713,,8198,34,,,0,20,,8199,34,,,0,71,,8200,34,,,0,28,,8211,34,,,0,70,,8182,34,,,0,30,,8183,34,,,0,70,,8184,34,,,0,30,,8185,34,,,0,70,,8186,34,,,0,30,,8187,34,,,0,70,,8188,34,,,0,30,,8189,34,,,0,70,,8190,34,,,0,30,,8191,34,,,0,69,,8192,34,,,0,31,,8193,34,,,0,70,,8194,34,,,0,30,,8195,34,,,0,70,,8196,34,,,0,30,,8197,34,,,0,70,,8201,34,,,0,15,,8202,34,,,0,18,,8203,34,,,0,72,,8204,34,,,0,34,,8205,34,,,0,77,,8206,34,,,0,31,,8212,34,,,0,70,,8207,34,,,0,100,,8208,34,,,0,100,,8209,34,,,0,98,,8210,34,,,0
300,'65042',713,,8229,34,,,0,20,,8230,34,,,0,71,,8231,34,,,0,28,,8242,34,,,0,70,,8213,34,,,0,30,,8214,34,,,0,70,,8215,34,,,0,30,,8216,34,,,0,70,,8217,34,,,0,30,,8218,34,,,0,70,,8219,34,,,0,30,,8220,34,,,0,70,,8221,34,,,0,30,,8222,34,,,0,69,,8223,34,,,0,31,,8224,34,,,0,70,,8225,34,,,0,30,,8226,34,,,0,70,,8227,34,,,0,30,,8228,34,,,0,70,,8232,34,,,0,15,,8233,34,,,0,18,,8234,34,,,0,72,,8235,34,,,0,34,,8236,34,,,0,77,,8237,34,,,0,31,,8243,34,,,0,70,,8238,34,,,0,100,,8239,34,,,0,100,,8240,34,,,0,98,,8241,34,,,0
90300,'65040',2325,,11467,41,,,0,106,,11468,41,,,0
90300,'65041',2432,,11471,41,,,0
90300,'65042',2432,,11473,41,,,0
2400080000,'65040',614,,11542,7,,,1,26,,11546,7,,,1,66,,11540,7,,,1,26,,11541,7,,,1,21,,11545,7,,,1,63,,11543,7,,,1,22,,11547,7,,,1,15,,11552,7,,,1,60,,11549,7,,,1,30,,11548,7,,,1,70,,11551,7,,,1,31,,11544,7,,,1,70,,11550,7,,,1,31,,11555,7,,,1,70,,11554,7,,,1,30,,11562,7,,,1,70,,11556,7,,,1,30,,11557,7,,,1,71,,11560,7,,,1,25,,11553,7,,,1,75,,11563,7,,,1,21,,11558,7,,,1,20,,11561,7,,,1,60,,11569,7,,,1,20,,11559,7,,,1,20,,11564,7,,,1,60,,11566,7,,,1,19,,11565,7,,,1,20,,11567,7,,,1,63,,11568,7,,,1
