700,'65040',650,,8806,48,4,,0,77,,8807,48,4,,0,23,,8808,56,4,,0,75,,8809,56,4,,0,29,,8810,48,4,,0,75,,8811,56,4,,0,23,,8812,48,4,,0,65,,8813,48,4,,0,42,,8814,48,4,,0,56,,8815,48,4,,0,40,,8816,56,4,,0,60,,8817,56,4,,0,37,,8818,48,4,,0,64,,8819,56,4,,0,36,,8820,48,4,,0,63,,8821,56,4,,0,16,,8822,48,4,,0,23,,8823,48,4,,0,66,,8824,56,4,,0,18,,8825,48,4,,0,20,,8826,48,4,,0,67,,8827,48,4,,0,19,,8828,48,4,,0,66,,8829,48,4,,0,35,,8830,56,4,,0,66,,8831,48,4,,0,31,,8832,56,4,,0,68,,8833,48,4,,0,27,,8834,48,4,,0,71,,8835,48,4,,0,34,,8836,48,4,,0,65,,8837,48,4,,0,29,,8838,48,4,,0,81,,8839,56,4,,0,30,,8840,48,4,,0,104,,8850,56,4,,0
700,'65041',746,,8866,48,4,,0,102,,8877,56,4,,0,93,,8878,48,4,,0,100,,8851,48,4,,0,100,,8852,48,4,,0,101,,8853,48,4,,0,100,,8854,48,4,,0,100,,8855,48,4,,0,101,,8856,48,4,,0,308,,8872,56,4,,0,98,,8874,48,4,,0,100,,8873,56,4,,0,100,,8869,56,4,,0,100,,8870,56,4,,0,98,,8871,56,4,,0
700,'65042',746,,8894,48,4,,0,102,,8905,56,4,,0,93,,8906,48,4,,0,100,,8879,48,4,,0,100,,8880,48,4,,0,101,,8881,48,4,,0,100,,8882,48,4,,0,100,,8883,48,4,,0,101,,8884,48,4,,0,308,,8900,56,4,,0,98,,8902,48,4,,0,100,,8901,56,4,,0,100,,8897,56,4,,0,100,,8898,56,4,,0,98,,8899,56,4,,0
701,'65040',706,51,8916,1,0,54,0,23,5,8917,1,0,54,0,17,5,8918,1,,,0,60,49,8919,1,,,0,20,14,8920,1,0,54,0,26,10,8921,1,0,54,0,66,10,8922,1,0,54,0,16,5,8923,1,0,54,0,23,5,8924,1,,,0,65,5,8925,1,0,54,0,82,45,8926,1,0,54,0,23,12,8927,1,0,54,0,78,50,8928,1,0,54,0,21,11,8929,1,0,54,0,78,52,8930,1,0,54,0,21,9,8931,1,0,54,0,34,7,8932,1,0,54,0,61,5,8933,1,0,54,0,32,5,8934,1,0,54,0,56,50,8935,1,0,54,0,30,5,8936,1,,,0,15,5,8937,1,,,0,55,50,8938,1,0,54,0,29,12,8939,1,0,54,0,73,53,8940,1,0,54,0,37,5,8941,1,0,54,0,68,4,8942,1,0,54,0,31,4,8943,1,0,54,0,76,12,8944,1,0,54,0,25,10,8945,1,0,54,0,71,10,8946,1,0,54,0,28,4,8947,1,,,0,71,10,8948,1,0,54,0,30,11,8949,1,0,54,0,74,4,8950,1,,,0,100,68,8952,1,0,54,0,84,52,8951,1,0,12 59,0
701,'65041',752,6,8981,1,0,54,0,101,4,8969,1,0,54,0,97,9,8953,1,0,54,0,97,6,8954,1,0,54,0,99,5,8955,1,0,54,0,100,4,8956,1,0,54,0,99,3,8957,1,0,54,0,100,3,8958,1,0,54,0,101,3,8959,1,0,54,0,365,60,8982,1,,,0,103,60,8973,1,,,0,100,60,8974,1,,,0,100,60,8975,1,,,0,100,61,8976,1,0,54,0,91,52,8978,1,0,12 59,0
701,'65042',752,6,9011,1,0,54,0,101,4,8999,1,0,54,0,97,9,8983,1,0,54,0,97,6,8984,1,0,54,0,99,5,8985,1,0,54,0,100,4,8986,1,0,54,0,99,3,8987,1,0,54,0,100,3,8988,1,0,54,0,101,3,8989,1,0,54,0,365,60,9012,1,,,0,103,60,9003,1,,,0,100,60,9004,1,,,0,100,60,9005,1,,,0,100,61,9006,1,0,54,0,91,52,9008,1,0,12 59,0
800,'65040',655,,9013,55,4,,1,69,,9014,55,4,,1,17,,9065,55,4,,1,16,,9015,55,4,,1,55,,9016,55,4,,1,16,,9017,55,4,,1,14,,9018,55,4,,1,16,,9019,55,4,,1,50,,9020,55,4,,1,17,,9021,55,4,,1,19,,9022,55,4,,1,62,,9023,55,4,,1,20,,9024,55,4,,1,19,,9025,55,4,,1,60,,9026,55,4,,1,21,,9027,55,4,,1,20,,9028,55,4,,1,60,,9029,55,4,,1,20,,9030,55,4,,1,20,,9031,55,4,,1,60,,9032,55,4,,1,20,,9033,55,4,,1,20,,9034,55,4,,1,60,,9035,55,4,,1,19,,9036,55,4,,1,22,,9037,55,4,,1,11,,9038,55,4,,1,53,,9039,55,4,,1,22,,9040,55,4,,1,15,,9041,55,4,,1,53,,9042,55,4,,1,16,,9043,55,4,,1,15,,9044,55,4,,1,10,,9045,55,4,,1,15,,9046,55,4,,1,50,,9047,55,4,,1,8,,9048,55,4,,1,15,,9049,55,4,,1,12,,9050,55,4,,1,15,,9051,55,4,,1,54,,9052,55,4,,1,18,,9053,55,4,,1,20,,9054,55,4,,1,59,,9055,55,4,,1,18,,9056,55,4,,1,30,,9057,55,4,,1,70,,9058,55,4,,1,31,,9059,55,4,,1,71,,9060,55,4,,1,78,,9061,55,4,,1,20,,9062,55,4,,1,27,,9063,55,4,,1,100,,9064,55,4,,1
800,'65041',653,,9082,55,4,,1,100,,9083,55,4,,1,68,,9084,55,4,,1,28,,9085,55,4,,1,64,,9086,55,4,,1,30,,9066,55,4,,1,72,,9067,55,4,,1,30,,9068,55,4,,1,70,,9069,55,4,,1,30,,9070,55,4,,1,71,,9071,55,4,,1,30,,9072,55,4,,1,69,,9073,55,4,,1,31,,9074,55,4,,1,70,,9075,55,4,,1,30,,9076,55,4,,1,70,,9077,55,4,,1,30,,9078,55,4,,1,70,,9079,55,4,,1,30,,9080,55,4,,1,70,,9081,55,4,,1,29,,9087,55,4,,1,71,,9088,55,4,,1,30,,9094,55,4,,1,71,,9089,55,4,,1,37,,9095,55,4,,1,100,,9090,55,4,,1,100,,9091,55,4,,1,99,,9092,55,4,,1,100,,9093,55,4,,1
800,'65042',653,,9112,55,4,,1,100,,9113,55,4,,1,68,,9114,55,4,,1,28,,9115,55,4,,1,64,,9116,55,4,,1,30,,9096,55,4,,1,72,,9097,55,4,,1,30,,9098,55,4,,1,70,,9099,55,4,,1,30,,9100,55,4,,1,71,,9101,55,4,,1,30,,9102,55,4,,1,69,,9103,55,4,,1,31,,9104,55,4,,1,70,,9105,55,4,,1,30,,9106,55,4,,1,70,,9107,55,4,,1,30,,9108,55,4,,1,70,,9109,55,4,,1,30,,9110,55,4,,1,70,,9111,55,4,,1,29,,9117,55,4,,1,71,,9118,55,4,,1,30,,9124,55,4,,1,71,,9119,55,4,,1,37,,9125,55,4,,1,100,,9120,55,4,,1,100,,9121,55,4,,1,99,,9122,55,4,,1,100,,9123,55,4,,1
801,'65040',611,,9126,6,,,1,28,,9127,6,,,1,16,5,9128,1,,,1,54,,9129,6,,,1,14,,9130,6,,,1,15,11,9175,1,,,1,17,5,9131,1,,,1,53,,9132,6,,,1,22,5,9133,1,,,1,19,21,9134,1,,,1,60,51,9135,1,,,1,21,5,9136,1,,,1,19,5,9137,1,,,1,62,5,9138,1,,,1,20,5,9139,1,,,1,19,5,9140,1,,,1,60,5,9141,1,,,1,21,5,9142,1,,,1,20,5,9143,1,,,1,60,5,9144,1,,,1,20,5,9145,1,,,1,20,5,9146,1,,,1,60,5,9147,1,,,1,20,5,9148,1,,,1,20,5,9149,1,,,1,60,5,9150,1,,,1,19,5,9151,1,,,1,13,12,9152,1,,,1,16,5,9153,1,,,1,57,5,9154,1,,,1,12,8,9155,1,,,1,15,5,9156,1,,,1,14,,9157,6,,,1,54,10,9158,1,,,1,16,10,9159,1,,,1,16,11,9160,1,,,1,16,15,9161,1,,,1,56,5,9162,1,,,1,15,15,9163,1,,,1,20,5,9164,1,,,1,61,54,9165,1,,,1,22,4,9166,1,,,1,26,10,9167,1,,,1,71,4,9168,1,,,1,70,44,9169,1,,,1,30,4,9170,1,,,1,71,44,9171,1,,,1,31,4,9172,1,,,1,78,4,9173,1,,,1,99,62,9174,1,,,1
801,'65041',709,56,9193,1,,,1,27,,9204,6,,,1,69,52,9194,1,,,1,20,4,9195,1,,,1,29,6,9176,1,,,1,70,11,9177,1,,,1,30,11,9178,1,,,1,69,8,9179,1,,,1,30,8,9180,1,,,1,70,8,9181,1,,,1,30,8,9182,1,,,1,70,7,9183,1,,,1,30,7,9184,1,,,1,70,8,9185,1,,,1,29,6,9186,1,,,1,70,6,9187,1,,,1,29,5,9188,1,,,1,70,5,9189,1,,,1,30,5,9190,1,,,1,69,4,9191,1,,,1,32,6,9192,1,,,1,69,5,9196,1,,,1,32,8,9197,1,,,1,82,19,9198,1,,,1,72,61,9199,1,,,1,30,20,9200,1,,,1,70,58,9205,1,,,1,101,59,9201,1,,,1,100,59,9202,1,,,1,100,59,9203,1,,,1
801,'65042',709,56,9223,1,,,1,27,,9234,6,,,1,69,52,9224,1,,,1,20,4,9225,1,,,1,29,6,9206,1,,,1,70,11,9207,1,,,1,30,11,9208,1,,,1,69,8,9209,1,,,1,30,8,9210,1,,,1,70,8,9211,1,,,1,30,8,9212,1,,,1,70,7,9213,1,,,1,30,7,9214,1,,,1,70,8,9215,1,,,1,29,6,9216,1,,,1,70,6,9217,1,,,1,29,5,9218,1,,,1,70,5,9219,1,,,1,30,5,9220,1,,,1,69,4,9221,1,,,1,32,6,9222,1,,,1,69,5,9226,1,,,1,32,8,9227,1,,,1,82,19,9228,1,,,1,72,61,9229,1,,,1,30,20,9230,1,,,1,70,58,9235,1,,,1,101,59,9231,1,,,1,100,59,9232,1,,,1,100,59,9233,1,,,1
2100,'65040',715,,10327,6,4,,2,30,,10326,6,4,,2,70,,10328,6,4,,2,30,,10329,6,4,,2,695,,10330,6,4,,2,65,,10331,6,4,,2,35,,10333,6,4,,2,65,,10334,6,4,,2,30,,10332,6,4,,2
2101,'65040',725,10,10335,1,,,2,30,10,10338,1,,,2,70,10,10337,1,,,2,695,,10340,1,,,2,25,5,10341,1,,,2,75,15,10339,1,,,2,25,5,10342,1,,,2,70,10,10343,1,,,2
2200,'65040',649,,10344,26,4,,2,88,,10345,26,4,,2,81,,10346,26,4,,2,41,,10347,26,4,,2,693,,10348,26,4,,2,95,,10351,26,4,,2,81,,10349,26,4,,2,80,,10350,26,4,,2
2201,'65040',700,51,10354,1,,,2,41,4,10353,1,,,2,81,4,10355,1,,,2,693,,10356,1,,,2,95,58,10357,1,,,2,41,4,10359,1,,,2,81,4,10358,1,,,2,80,4,10360,1,,,2
40100,'65040',650,,11036,11,4,,0,69,,11037,11,4,,0,30,,11038,11,4,,0,70,,11039,11,4,,0,32,,11040,11,4,,0
40101,'65040',1516,,11041,6,,,0,30,,11042,6,,,0,70,,11043,6,,,0,30,,11044,6,,,0,70,,11045,6,,,0
45300,'65040',752,,11094,10,4,,2,99,,11095,10,4,,2,399,,11096,10,4,,2,275,,11098,10,4,,2,112,,11097,10,4,,2,94,,11099,10,4,,2,90,,11100,10,4,,2
45301,'65040',754,2,11101,1,,,2,498,2,11102,1,,,2,275,2,11103,1,,,2,112,2,11105,1,,,2,94,2,11106,1,,,2,90,2,11104,1,,,2
45400,'65040',652,,11107,9,4,,2,70,,11109,9,4,,2,22,,11108,9,4,,2,72,,11110,9,4,,2,35,,11111,9,4,,2,698,,11112,9,4,,2
45401,'65040',1513,,11113,6,,,2,30,,11115,6,,,2,67,,11117,6,,,2,40,,11116,6,,,2,63,,11114,6,,,2
60401,'65040',819,,11388,1,,,0,35,,11389,1,,,0,788,,11390,1,,,0,65,,11391,1,,,0,23,,11392,1,,,0,81,,11393,1,,,0,97,,11394,1,,,0,318,,11395,1,,,0,125,,11396,1,,,0
60401,'65041',2347,,11397,1,,,0
60401,'65042',2347,,11398,1,,,0
90801,'65040',2424,,11509,6,,,0
90801,'65041',2424,,11510,6,,,0
90801,'65042',2424,,11511,6,,,0
