201,'65040',634,,8072,2,,,0,84,,8073,2,,,0,25,,8074,2,,,0,72,,8075,2,,,0,34,,8076,2,,,0,103,,8077,2,,,0,99,,8078,2,,,0,97,,8079,2,,,0,100,,8080,2,,,0,100,,8081,2,,,0,99,,8082,2,,,0,67,,8083,2,,,0,30,,8084,2,,,0,71,,8085,2,,,0,31,,8086,2,,,0,73,,8087,2,,,0,34,,8094,2,,,0,71,,8088,2,,,0,34,,8089,2,,,0,79,,8095,2,,,0,100,,8090,2,,,0,107,,8091,2,,,0,91,,8092,2,,,0,100,,8093,2,,,0
201,'65041',730,,8104,2,,,0,102,,8105,2,,,0,88,,8096,2,,,0,29,,8097,2,,,0,100,,8098,2,,,0,99,,8099,2,,,0,99,,8100,2,,,0,100,,8101,2,,,0,100,,8102,2,,,0,100,,8103,2,,,0,70,,8106,2,,,0,114,,8107,2,,,0,101,,8108,2,,,0,102,,8109,2,,,0,100,,8110,2,,,0,100,,8111,2,,,0,101,,8112,2,,,0,100,,8113,2,,,0
201,'65042',730,,8122,2,,,0,102,,8123,2,,,0,88,,8114,2,,,0,29,,8115,2,,,0,100,,8116,2,,,0,99,,8117,2,,,0,99,,8118,2,,,0,100,,8119,2,,,0,100,,8120,2,,,0,100,,8121,2,,,0,70,,8124,2,,,0,114,,8125,2,,,0,101,,8126,2,,,0,102,,8127,2,,,0,100,,8128,2,,,0,100,,8129,2,,,0,101,,8130,2,,,0,100,,8131,2,,,0
300,'65040',631,,8132,43,,,0,25,,8133,43,,,0,56,,8134,43,,,0,18,,8135,43,,,0,13,,8136,43,,,0,14,,8137,43,,,0,57,,8138,43,,,0,15,,8139,43,,,0,13,,8140,43,,,0,17,,8141,43,,,0,60,,8142,43,,,0,20,,8143,43,,,0,61,,8144,43,,,0,20,,8145,43,,,0,20,,8146,43,,,0,19,,8147,43,,,0,60,,8148,43,,,0,20,,8149,43,,,0,20,,8150,43,,,0,58,,8151,43,,,0,22,,8152,43,,,0,20,,8153,43,,,0,60,,8154,43,,,0,20,,8155,43,,,0,20,,8156,43,,,0,60,,8157,43,,,0,15,,8158,43,,,0,13,,8159,43,,,0,57,,8181,43,,,0,15,,8160,43,,,0,16,,8161,43,,,0,15,,8162,43,,,0,63,,8163,43,,,0,15,,8164,43,,,0,20,,8165,43,,,0,64,,8166,43,,,0,25,,8167,43,,,0,68,,8168,43,,,0,20,,8169,43,,,0,19,,8170,43,,,0,60,,8171,43,,,0,25,,8172,43,,,0,28,,8173,43,,,0,73,,8174,43,,,0,27,,8175,43,,,0,67,,8180,43,,,0,20,,8176,43,,,0,57,,8177,43,,,0,37,,8178,43,,,0,100,,8179,2,,,0
300,'65041',726,,8198,43,,,0,20,,8199,43,,,0,71,,8200,43,,,0,28,,8211,43,,,0,71,,8182,43,,,0,30,,8183,43,,,0,70,,8184,43,,,0,30,,8185,43,,,0,70,,8186,43,,,0,32,,8187,43,,,0,70,,8188,43,,,0,30,,8189,43,,,0,70,,8190,43,,,0,30,,8191,43,,,0,69,,8192,43,,,0,31,,8193,43,,,0,70,,8194,43,,,0,30,,8195,43,,,0,70,,8196,43,,,0,30,,8197,43,,,0,70,,8201,43,,,0,15,,8202,43,,,0,18,,8203,43,,,0,72,,8204,43,,,0,34,,8205,43,,,0,75,,8206,43,,,0,71,,8212,43,,,0,30,,8207,43,,,0,100,,8208,43,,,0,100,,8209,43,,,0,98,,8210,43,,,0
300,'65042',726,,8229,43,,,0,20,,8230,43,,,0,71,,8231,43,,,0,28,,8242,43,,,0,71,,8213,43,,,0,30,,8214,43,,,0,70,,8215,43,,,0,30,,8216,43,,,0,70,,8217,43,,,0,32,,8218,43,,,0,70,,8219,43,,,0,30,,8220,43,,,0,70,,8221,43,,,0,30,,8222,43,,,0,69,,8223,43,,,0,31,,8224,43,,,0,70,,8225,43,,,0,30,,8226,43,,,0,70,,8227,43,,,0,30,,8228,43,,,0,70,,8232,43,,,0,15,,8233,43,,,0,18,,8234,43,,,0,72,,8235,43,,,0,34,,8236,43,,,0,75,,8237,43,,,0,71,,8243,43,,,0,30,,8238,43,,,0,100,,8239,43,,,0,100,,8240,43,,,0,98,,8241,43,,,0
401,'65040',635,,8500,2,,,0,19,,8456,34,,,0,61,,8457,34,,,0,17,,8458,34,,,0,19,,8482,2,,,0,56,,8459,34,,,0,34,,8460,34,,,0,62,,8461,34,,,0,34,,8462,34,,,0,15,,8483,2,,,0,55,,8484,2,,,0,21,,8463,34,,,0,16,,8485,2,,,0,63,,8486,2,,,0,20,,8464,34,,,0,18,,8487,2,,,0,60,,8488,2,,,0,23,,8480,34,,,0,15,,8489,2,,,0,62,,8490,2,,,0,23,,8479,34,,,0,17,,8491,2,,,0,63,,8478,34,,,0,24,,8492,2,,,0,19,,8493,2,,,0,72,,8494,2,,,0,15,,8476,34,,,0,70,,8475,34,,,0,15,,8495,2,,,0,15,,8474,34,,,0,13,,8499,2,,,0,56,,8473,34,,,0,19,,8472,34,,,0,31,,8471,34,,,0,73,,8470,34,,,0,80,,8469,34,,,0,45,,8468,34,,,0,69,,8467,34,,,0,31,,8466,34,,,0,72,,8465,34,,,0,25,,8498,2,,,0,84,,8497,2,,,0,101,,8496,2,,,0
401,'65041',706,,8517,2,,,0,24,,8518,2,,,0,76,,8519,2,,,0,22,,8516,34,,,0,78,,8530,34,,,0,16,,8531,2,,,0,29,,8508,34,,,0,71,,8501,2,,,0,29,,8509,34,,,0,71,,8502,2,,,0,29,,8510,34,,,0,71,,8503,2,,,0,29,,8511,34,,,0,71,,8504,2,,,0,30,,8512,34,,,0,70,,8505,2,,,0,30,,8513,34,,,0,70,,8506,2,,,0,29,,8514,34,,,0,70,,8507,2,,,0,30,,8515,34,,,0,70,,8523,2,,,0,29,,8529,34,,,0,61,,8520,34,,,0,22,,8521,34,,,0,99,,8524,2,,,0,100,,8525,2,,,0,100,,8526,2,,,0,100,,8527,2,,,0,100,,8528,2,,,0
401,'65042',706,,8548,2,,,0,24,,8549,2,,,0,76,,8550,2,,,0,22,,8547,34,,,0,78,,8561,34,,,0,16,,8562,2,,,0,29,,8539,34,,,0,71,,8532,2,,,0,29,,8540,34,,,0,71,,8533,2,,,0,29,,8541,34,,,0,71,,8534,2,,,0,29,,8542,34,,,0,71,,8535,2,,,0,30,,8543,34,,,0,70,,8536,2,,,0,30,,8544,34,,,0,70,,8537,2,,,0,29,,8545,34,,,0,70,,8538,2,,,0,30,,8546,34,,,0,70,,8554,2,,,0,29,,8560,34,,,0,61,,8551,34,,,0,22,,8552,34,,,0,99,,8555,2,,,0,100,,8556,2,,,0,100,,8557,2,,,0,100,,8558,2,,,0,100,,8559,2,,,0
500,'65040',655,,8563,2,,,0,83,,8564,2,,,0,79,,8565,2,,,0,100,,8566,2,,,0,101,,8567,2,,,0,99,,8568,2,,,0,100,,8569,2,,,0,100,,8570,2,,,0,100,,8571,2,,,0,99,,8572,2,,,0,43,,8573,2,,,0,71,,8574,2,,,0,70,,8575,2,,,0,30,,8576,2,,,0,29,,8577,2,,,0,88,,8578,2,,,0,77,,8579,2,,,0,104,,8580,2,,,0,121,,8581,2,,,0,89,,8582,2,,,0,100,,8583,2,,,0
500,'65041',847,,8591,2,,,0,100,,8584,2,,,0,100,,8585,2,,,0,100,,8586,2,,,0,100,,8587,2,,,0,100,,8588,2,,,0,99,,8589,2,,,0,101,,8590,2,,,0,100,,8592,2,,,0,89,,8593,2,,,0,99,,8594,2,,,0,100,,8596,2,,,0,100,,8595,2,,,0,100,,8598,2,,,0,100,,8597,2,,,0
500,'65042',847,,8606,2,,,0,100,,8599,2,,,0,100,,8600,2,,,0,100,,8601,2,,,0,100,,8602,2,,,0,100,,8603,2,,,0,99,,8604,2,,,0,101,,8605,2,,,0,100,,8607,2,,,0,89,,8608,2,,,0,99,,8609,2,,,0,100,,8611,2,,,0,100,,8610,2,,,0,100,,8613,2,,,0,100,,8612,2,,,0
700,'65040',633,,8806,29,,,0,75,,8807,29,,,0,23,,8808,37,,,0,75,,8809,37,,,0,29,,8810,29,,,0,75,,8811,37,,,0,23,,8812,29,,,0,25,,8813,29,,,0,82,,8814,29,,,0,18,,8815,29,,,0,80,,8816,37,,,0,20,,8817,37,,,0,77,,8818,29,,,0,24,,8819,37,,,0,76,,8820,29,,,0,23,,8821,37,,,0,56,,8822,29,,,0,21,,8823,29,,,0,66,,8824,37,,,0,17,,8825,29,,,0,20,,8826,29,,,0,67,,8827,29,,,0,19,,8828,29,,,0,28,,8829,29,,,0,76,,8830,37,,,0,26,,8831,29,,,0,72,,8832,37,,,0,28,,8833,29,,,0,67,,8834,29,,,0,31,,8835,29,,,0,74,,8836,29,,,0,25,,8837,29,,,0,70,,8838,29,,,0,81,,8839,37,,,0,29,,8840,29,,,0,104,,8850,37,,,0
700,'65041',730,,8866,29,,,0,100,,8877,37,,,0,94,,8878,29,,,0,100,,8851,29,,,0,100,,8852,29,,,0,101,,8853,29,,,0,100,,8854,29,,,0,100,,8855,29,,,0,100,,8856,29,,,0,311,,8872,37,,,0,98,,8874,29,,,0,100,,8873,37,,,0,100,,8869,37,,,0,100,,8870,37,,,0,98,,8871,37,,,0
700,'65042',730,,8894,29,,,0,100,,8905,37,,,0,94,,8906,29,,,0,100,,8879,29,,,0,100,,8880,29,,,0,101,,8881,29,,,0,100,,8882,29,,,0,100,,8883,29,,,0,100,,8884,29,,,0,311,,8900,37,,,0,98,,8902,29,,,0,100,,8901,37,,,0,100,,8897,37,,,0,100,,8898,37,,,0,98,,8899,37,,,0
901,'65040',714,,9289,32,,,0,25,,9290,32,,,0,70,,9291,32,,,0,115,,9292,32,,,0,100,,9293,32,,,0,100,,9294,32,,,0,102,,9295,32,,,0,31,,9296,32,,,0,101,,9297,32,,,0,100,,9298,32,,,0,70,,9299,32,,,0,28,,9300,32,,,0,174,,9301,32,,,0
901,'65041',1020,,9313,32,,,0,101,,9314,32,,,0,101,,9320,32,,,0,100,,9319,32,,,0,100,,9318,32,,,0,100,,9317,32,,,0,101,,9316,32,,,0,101,,9315,32,,,0
901,'65042',1020,,9329,32,,,0,101,,9330,32,,,0,101,,9336,32,,,0,100,,9335,32,,,0,100,,9334,32,,,0,100,,9333,32,,,0,101,,9332,32,,,0,101,,9331,32,,,0
1701,'65040',829,,10125,2,,,0,678,,10132,2,,,0,45,,10133,2,,,0,187,,10136,2,,,0,71,,10137,2,,,0,31,,10138,2,,,0,85,,10139,2,,,0
2000,'65040',655,,10301,2,,,2,68,,10302,2,,,2,29,,10303,2,,,2,77,,10304,2,,,2,371,,10305,2,,,2,30,,10306,2,,,2,300,,10311,2,,,2,70,,10312,2,,,2,30,,10307,2,,,2,70,,10309,2,,,2,30,,10310,2,,,2,71,,10308,2,,,2
5100,'65040',635,,10823,2,,,0,81,,10824,2,,,0,15,,10825,2,,,0,109,,10826,2,,,0,100,,10827,2,,,0,100,,10828,2,,,0,102,,10829,2,,,0,99,,10830,2,,,0,101,,10831,2,,,0,100,,10832,2,,,0,69,,10833,2,,,0,29,,10834,2,,,0,69,,10835,2,,,0,26,,10836,2,,,0,65,,10837,2,,,0,30,,10838,2,,,0,71,,10839,2,,,0,29,,10840,2,,,0,85,,10841,2,,,0,87,,10842,2,,,0,98,,10843,2,,,0,40,,10844,2,,,0,97,,10845,2,,,0
5100,'65041',830,,10857,2,,,2,97,,10859,2,,,2,98,,10858,2,,,2,100,,10860,2,,,2,100,,10856,2,,,2,100,,10855,2,,,2,100,,10854,2,,,2,100,,10853,2,,,2,100,,10852,2,,,2,111,,10851,2,,,2,99,,10846,2,,,2,100,,10848,2,,,2,100,,10849,2,,,2,100,,10850,2,,,2,100,,10847,2,,,2
5100,'65042',830,,10872,2,,,2,97,,10874,2,,,2,98,,10873,2,,,2,100,,10875,2,,,2,100,,10871,2,,,2,100,,10870,2,,,2,100,,10869,2,,,2,100,,10868,2,,,2,100,,10867,2,,,2,111,,10866,2,,,2,99,,10861,2,,,2,100,,10863,2,,,2,100,,10864,2,,,2,100,,10865,2,,,2,100,,10862,2,,,2
5501,'65040',739,,10979,42,,,2,161,,10972,42,,,2,116,,10980,42,,,2,113,,10973,42,,,2,117,,10981,42,,,2,158,,10974,42,,,2,113,,10977,42,,,2,123,,10975,42,,,2,115,,10978,42,,,2
5501,'65041',840,,10989,42,,,2,110,,10988,42,,,2,150,,10987,42,,,2,110,,10986,42,,,2,110,,10985,42,,,2,110,,10984,42,,,2,109,,10982,42,,,2
5501,'65042',840,,10997,42,,,2,110,,10996,42,,,2,150,,10995,42,,,2,110,,10994,42,,,2,110,,10993,42,,,2,110,,10992,42,,,2,109,,10990,42,,,2
