800,'65040',617,,9013,7,,,1,27,,9014,7,,,1,15,,9065,7,,,1,56,,9015,7,,,1,15,,9016,7,,,1,15,,9017,7,,,1,14,,9018,7,,,1,55,,9019,7,,,1,10,,9020,7,,,1,17,,9021,7,,,1,60,,9022,7,,,1,22,,9023,7,,,1,20,,9024,7,,,1,58,,9025,7,,,1,20,,9026,7,,,1,21,,9027,7,,,1,60,,9028,7,,,1,19,,9029,7,,,1,20,,9030,7,,,1,60,,9031,7,,,1,19,,9032,7,,,1,20,,9033,7,,,1,61,,9034,7,,,1,20,,9035,7,,,1,19,,9036,7,,,1,62,,9037,7,,,1,11,,9038,7,,,1,13,,9039,7,,,1,22,,9040,7,,,1,54,,9041,7,,,1,10,,9042,7,,,1,15,,9043,7,,,1,15,,9044,7,,,1,10,,9045,7,,,1,55,,9046,7,,,1,10,,9047,7,,,1,9,,9048,7,,,1,16,,9049,7,,,1,13,,9050,7,,,1,57,,9051,7,,,1,14,,9052,7,,,1,20,,9053,7,,,1,61,,9054,7,,,1,21,,9055,7,,,1,18,,9056,7,,,1,70,,9057,7,,,1,30,,9058,7,,,1,71,,9059,7,,,1,31,,9060,7,,,1,81,,9061,7,,,1,21,,9062,7,,,1,67,,9063,7,,,1,101,,9064,7,,,1
800,'65041',615,,9082,7,,,1,99,,9083,7,,,1,29,,9084,7,,,1,68,,9085,7,,,1,24,,9086,7,,,1,68,,9066,7,,,1,31,,9067,7,,,1,69,,9068,7,,,1,30,,9069,7,,,1,70,,9070,7,,,1,30,,9071,7,,,1,69,,9072,7,,,1,29,,9073,7,,,1,71,,9074,7,,,1,30,,9075,7,,,1,70,,9076,7,,,1,30,,9077,7,,,1,70,,9078,7,,,1,30,,9079,7,,,1,70,,9080,7,,,1,30,,9081,7,,,1,70,,9087,7,,,1,32,,9088,7,,,1,71,,9094,7,,,1,33,,9089,7,,,1,77,,9095,7,,,1,101,,9090,7,,,1,101,,9091,7,,,1,101,,9092,7,,,1,100,,9093,7,,,1
800,'65042',615,,9112,7,,,1,99,,9113,7,,,1,29,,9114,7,,,1,68,,9115,7,,,1,24,,9116,7,,,1,68,,9096,7,,,1,31,,9097,7,,,1,69,,9098,7,,,1,30,,9099,7,,,1,70,,9100,7,,,1,30,,9101,7,,,1,69,,9102,7,,,1,29,,9103,7,,,1,71,,9104,7,,,1,30,,9105,7,,,1,70,,9106,7,,,1,30,,9107,7,,,1,70,,9108,7,,,1,30,,9109,7,,,1,70,,9110,7,,,1,30,,9111,7,,,1,70,,9117,7,,,1,32,,9118,7,,,1,71,,9124,7,,,1,33,,9119,7,,,1,77,,9125,7,,,1,101,,9120,7,,,1,101,,9121,7,,,1,101,,9122,7,,,1,100,,9123,7,,,1
900,'65040',714,,9236,7,,,0,109,,9237,7,,,0,103,,9238,7,,,0,99,,9239,7,,,0,100,,9240,7,,,0,31,,9241,7,,,0,101,,9242,7,,,0,100,,9243,7,,,0,70,,9244,7,,,0,28,,9245,7,,,0,170,,9246,7,,,0,100,,9247,7,,,0,101,,9248,7,,,0,85,,9249,7,,,0
900,'65041',1025,,9260,7,,,0,100,,9261,7,,,0,100,,9262,7,,,0,100,,9263,7,,,0,99,,9264,7,,,0,100,,9265,7,,,0,101,,9266,7,,,0
900,'65042',1025,,9275,7,,,0,100,,9276,7,,,0,100,,9277,7,,,0,100,,9278,7,,,0,99,,9279,7,,,0,100,,9280,7,,,0,101,,9281,7,,,0
1101,'65040',547,,9457,7,,,0,70,,9458,7,,,0,30,,9472,40,0,54,0,60,,9436,40,,,0,34,,9437,40,,,0,70,,9459,40,0,54,0,36,,9438,40,,,0,58,,9460,40,0,54,0,31,,9461,40,0,54,0,67,,9439,40,,,0,30,,9462,40,0,54,0,70,,9440,40,,,0,40,,9463,40,0,54,0,61,,9441,40,,,0,39,,9473,18,0,54,0,60,,9442,40,,,0,39,,9464,18,0,54,0,63,,9443,40,,,0,30,,9465,18,0,54,0,69,,9444,40,,,0,30,,9445,40,,,0,71,,9446,40,,,0,14,,9466,18,0,54,0,16,,9447,40,,,0,71,,9448,40,,,0,31,,9449,40,,,0,15,,9475,40,0,54,0,54,,9450,40,,,0,29,,9451,40,,,0,70,,9467,40,0,54,0,29,,9452,40,,,0,70,,9476,18,0,54,0,30,,9453,40,,,0,70,,9468,18,0,54,0,15,,9471,40,0,54,0,26,,9454,40,,,0,10,,9469,18,0,54,0,53,,9470,18,0,54,0,33,,9455,40,,,0,104,,9456,40,,,0,75,,9474,40,0,54,0
1101,'65041',641,,9495,7,,,0,87,,9496,7,,,0,102,,9494,40,,,0,29,,9477,18,,,0,85,,9486,40,0,54,0,70,,9478,40,,,0,30,,9487,40,0,54,0,70,,9479,40,,,0,29,,9488,40,0,54,0,70,,9480,40,,,0,30,,9489,40,0,54,0,70,,9481,40,,,0,30,,9490,40,0,54,0,70,,9482,40,,,0,30,,9491,40,0,54,0,70,,9483,40,,,0,30,,9492,40,0,54,0,70,,9484,40,,,0,30,,9493,40,0,54,0,70,,9485,40,,,0,22,,9497,40,0,54,0,24,,9498,40,,,0,67,,9499,40,0,54,0,16,,9500,40,,,0,100,,9501,40,,,0,100,,9502,40,,,0,99,,9503,40,,,0,98,,9504,40,,,0,99,,9505,40,,,0,100,,9506,40,0,54,0
1101,'65042',641,,9525,7,,,0,87,,9526,7,,,0,102,,9524,40,,,0,29,,9507,18,,,0,85,,9516,40,0,54,0,70,,9508,40,,,0,30,,9517,40,0,54,0,70,,9509,40,,,0,29,,9518,40,0,54,0,70,,9510,40,,,0,30,,9519,40,0,54,0,70,,9511,40,,,0,30,,9520,40,0,54,0,70,,9512,40,,,0,30,,9521,40,0,54,0,70,,9513,40,,,0,30,,9522,40,0,54,0,70,,9514,40,,,0,30,,9523,40,0,54,0,70,,9515,40,,,0,22,,9527,40,0,54,0,24,,9528,40,,,0,67,,9529,40,0,54,0,16,,9530,40,,,0,100,,9531,40,,,0,100,,9532,40,,,0,99,,9533,40,,,0,98,,9534,40,,,0,99,,9535,40,,,0,100,,9536,40,0,54,0
1400,'65040',632,,9702,7,,,0,74,,9703,7,,,0,16,,9704,7,,,0,29,,9705,7,,,0,67,,9706,7,,,0,32,,9707,7,,,0,62,,9708,7,,,0,39,,9709,7,,,0,62,,9710,7,,,0,19,,9711,7,,,0,80,,9712,7,,,0,20,,9713,7,,,0,20,,9714,7,,,0,61,,9715,7,,,0,32,,9716,7,,,0,62,,9717,7,,,0,26,,9718,7,,,0,20,,9719,7,,,0,81,,9739,7,,,0,68,,9720,7,,,0,32,,9721,7,,,0,66,,9722,7,,,0,12,,9723,7,,,0,37,,9724,7,,,0,70,,9725,7,,,0,20,,9726,7,,,0,75,,9727,7,,,0,24,,9728,7,,,0,66,,9729,7,,,0,27,,9730,7,,,0,70,,9731,7,,,0,30,,9732,7,,,0,27,,9733,7,,,0,63,,9734,7,,,0,82,,9735,7,,,0,97,,9736,7,,,0,29,,9737,7,,,0,92,,9738,7,,,0
1400,'65041',700,,9748,7,,,0,101,,9749,7,,,0,50,,9740,7,,,0,99,,9741,7,,,0,100,,9742,7,,,0,100,,9743,7,,,0,103,,9744,7,,,0,99,,9757,7,,,0,100,,9745,7,,,0,100,,9746,7,,,0,101,,9747,7,,,0,102,,9750,7,,,0,148,,9751,7,,,0,102,,9752,7,,,0,101,,9753,7,,,0,98,,9754,7,,,0,100,,9755,7,,,0,118,,9756,7,,,0
1400,'65042',700,,9766,7,,,0,101,,9767,7,,,0,50,,9758,7,,,0,99,,9759,7,,,0,100,,9760,7,,,0,100,,9761,7,,,0,103,,9762,7,,,0,99,,9775,7,,,0,100,,9763,7,,,0,100,,9764,7,,,0,101,,9765,7,,,0,102,,9768,7,,,0,148,,9769,7,,,0,102,,9770,7,,,0,101,,9771,7,,,0,98,,9772,7,,,0,100,,9773,7,,,0,118,,9774,7,,,0
91900,'65040',603,,11539,21,,,0
