1700,'65040',640,,10074,2,,,0,74,,10075,2,,,0,33,,10076,2,,,0,90,,10077,2,,,0,100,,10078,2,,,0,100,,10079,2,,,0,81,,10080,2,,,0,101,,10081,2,,,0,101,,10082,2,,,0,101,,10083,2,,,0,100,,10084,2,0,22 23 2 70,0,88,,10085,2,,,0,49,,10086,2,0,22 23 2 70,0,82,,10087,2,0,22 23 2 70,0,106,,10088,2,0,22 23 2 70,0,91,,10089,2,0,22 23 2 70,0,87,,10090,2,,,0,28,,10091,2,0,22 23 2 70,0,97,,10092,2,0,22 23 2 70,0
1700,'65041',741,,10102,2,0,22 23 2 70,0,113,,10093,2,0,22 23 2 70,0,98,,10094,2,0,22 23 2 70,0,100,,10095,2,0,22 23 2 70,0,95,,10096,2,0,22 23 2 70,0,100,,10097,2,0,22 23 2 70,0,101,,10098,2,0,22 23 2 70,0,100,,10099,2,0,22 23 2 70,0,99,,10100,2,0,22 23 2 70,0,100,,10101,2,0,22 23 2 70,0,102,,10103,2,0,22 23 2 70,0,93,,10104,2,0,22 23 2 70,0,101,,10105,2,0,22 23 2 70,0,100,,10106,2,0,22 23 2 70,0,99,,10107,2,0,22 23 2 70,0
1700,'65042',741,,10117,2,0,22 23 2 70,0,113,,10108,2,0,22 23 2 70,0,98,,10109,2,0,22 23 2 70,0,100,,10110,2,0,22 23 2 70,0,95,,10111,2,0,22 23 2 70,0,100,,10112,2,0,22 23 2 70,0,101,,10113,2,0,22 23 2 70,0,100,,10114,2,0,22 23 2 70,0,99,,10115,2,0,22 23 2 70,0,100,,10116,2,0,22 23 2 70,0,102,,10118,2,0,22 23 2 70,0,93,,10119,2,0,22 23 2 70,0,101,,10120,2,0,22 23 2 70,0,100,,10121,2,0,22 23 2 70,0,99,,10122,2,0,22 23 2 70,0
2401,'65040',651,,10461,17,,,2,71,,10462,17,,,2,35,,10463,17,,,2,69,,10465,17,,,2,75,,10464,17,,,2,31,,10466,17,,,2,71,,10467,17,,,2,31,,10468,17,,,2,71,,10469,17,,,2,31,,10470,17,,,2,71,,10472,17,,,2,31,,10471,17,,,2,71,,10475,17,,,2,31,,10474,17,,,2,71,,10473,17,,,2,31,,10476,17,,,2,71,,10479,17,,,2,33,,10477,17,,,2,76,,10478,17,,,2,35,,10480,17,,,2,80,,10481,17,,,2,74,,10482,17,,,2,35,,10484,17,,,2,75,,10485,17,,,2,35,,10483,17,,,2,75,,10487,17,,,2,80,,10486,17,,,2,32,,10488,17,,,2,81,,10489,17,,,2
2401,'65041',829,,10506,17,,,2,78,,10502,17,,,2,96,,10503,17,,,2,56,,10505,17,,,2,100,,10504,17,,,2,100,,10501,17,,,2,100,,10500,17,,,2,100,,10499,17,,,2,100,,10494,17,,,2,100,,10492,17,,,2,148,,10495,17,,,2,44,,10497,17,,,2,86,,10498,17,,,2,100,,10496,17,,,2,98,,10493,17,,,2,100,,10490,17,,,2,75,,10491,17,,,2
2401,'65042',829,,10523,17,,,2,78,,10519,17,,,2,96,,10520,17,,,2,56,,10522,17,,,2,100,,10521,17,,,2,100,,10518,17,,,2,100,,10517,17,,,2,100,,10516,17,,,2,100,,10511,17,,,2,100,,10509,17,,,2,148,,10512,17,,,2,44,,10514,17,,,2,86,,10515,17,,,2,100,,10513,17,,,2,98,,10510,17,,,2,100,,10507,17,,,2,75,,10508,17,,,2
2700,'65040',700,,10607,7,,,2,54,,10608,7,,,2,94,,10609,7,,,2,364,,10610,7,,,2,47,,10611,7,,,2,283,,10612,7,,,2,96,,10613,7,,,2,88,,10615,7,,,2,92,,10614,7,,,2,87,,10616,7,,,2,47,,10617,7,0,44 3 45,2
91700,'65040',541,,11523,2,,,0,1705,,11524,2,0,22 23 2 70,0
91700,'65041',634,,11525,2,0,22 23 2 70,0
91700,'65042',634,,11526,2,0,22 23 2 70,0
91800,'65041',2235,,11528,2,,,0
91800,'65042',2235,,11529,2,,,0
