401,'65040',637,,8500,4,,,0,19,,8456,36,,,0,61,,8457,36,,,0,17,,8458,36,,,0,19,,8482,4,,,0,56,,8459,36,,,0,34,,8460,36,,,0,62,,8461,36,,,0,34,,8462,36,,,0,15,,8483,4,,,0,55,,8484,4,,,0,21,,8463,36,,,0,16,,8485,4,,,0,63,,8486,4,,,0,20,,8464,36,,,0,18,,8487,4,,,0,60,,8488,4,,,0,23,,8480,36,,,0,15,,8489,4,,,0,62,,8490,4,,,0,23,,8479,36,,,0,17,,8491,4,,,0,63,,8478,36,,,0,24,,8492,4,,,0,19,,8493,4,,,0,72,,8494,4,,,0,15,,8476,36,,,0,70,,8475,36,,,0,15,,8495,4,,,0,15,,8474,36,,,0,13,,8499,4,,,0,55,,8473,36,,,0,19,,8472,36,,,0,31,,8471,36,,,0,73,,8470,36,,,0,80,,8469,36,,,0,45,,8468,36,,,0,69,,8467,36,,,0,31,,8466,36,,,0,72,,8465,36,,,0,25,,8498,4,,,0,84,,8497,4,,,0,101,,8496,4,,,0
401,'65041',708,,8517,4,,,0,24,,8518,4,,,0,76,,8519,4,,,0,22,,8516,36,,,0,78,,8530,36,,,0,16,,8531,4,,,0,29,,8508,36,,,0,71,,8501,4,,,0,29,,8509,36,,,0,71,,8502,4,,,0,29,,8510,36,,,0,71,,8503,4,,,0,29,,8511,36,,,0,71,,8504,4,,,0,30,,8512,36,,,0,70,,8505,4,,,0,30,,8513,36,,,0,70,,8506,4,,,0,29,,8514,36,,,0,70,,8507,4,,,0,30,,8515,36,,,0,70,,8523,4,,,0,29,,8529,36,,,0,61,,8520,36,,,0,22,,8521,36,,,0,99,,8524,4,,,0,100,,8525,4,,,0,99,,8526,4,,,0,100,,8527,4,,,0,100,,8528,4,,,0
401,'65042',708,,8548,4,,,0,24,,8549,4,,,0,76,,8550,4,,,0,22,,8547,36,,,0,78,,8561,36,,,0,16,,8562,4,,,0,29,,8539,36,,,0,71,,8532,4,,,0,29,,8540,36,,,0,71,,8533,4,,,0,29,,8541,36,,,0,71,,8534,4,,,0,29,,8542,36,,,0,71,,8535,4,,,0,30,,8543,36,,,0,70,,8536,4,,,0,30,,8544,36,,,0,70,,8537,4,,,0,29,,8545,36,,,0,70,,8538,4,,,0,30,,8546,36,,,0,70,,8554,4,,,0,29,,8560,36,,,0,61,,8551,36,,,0,22,,8552,36,,,0,99,,8555,4,,,0,100,,8556,4,,,0,99,,8557,4,,,0,100,,8558,4,,,0,100,,8559,4,,,0
901,'65040',715,,9289,34,,,0,25,,9290,34,,,0,70,,9291,34,,,0,115,,9292,34,,,0,100,,9293,34,,,0,100,,9294,34,,,0,102,,9295,34,,,0,31,,9296,34,,,0,101,,9297,34,,,0,100,,9298,34,,,0,70,,9299,34,,,0,28,,9300,34,,,0,174,,9301,34,,,0
901,'65041',1022,,9313,34,,,0,101,,9314,34,,,0,101,,9320,34,,,0,100,,9319,34,,,0,100,,9318,34,,,0,100,,9317,34,,,0,101,,9316,34,,,0,101,,9315,34,,,0
901,'65042',1022,,9329,34,,,0,101,,9330,34,,,0,101,,9336,34,,,0,100,,9335,34,,,0,100,,9334,34,,,0,100,,9333,34,,,0,101,,9332,34,,,0,101,,9331,34,,,0
1701,'65040',831,,10125,4,,,0,678,,10132,4,,,0,45,,10133,4,,,0,186,,10136,4,,,0,71,,10137,4,,,0,31,,10138,4,,,0,85,,10139,4,,,0
5100,'65040',637,,10823,4,,,0,81,,10824,4,,,0,15,,10825,4,,,0,109,,10826,4,,,0,100,,10827,4,,,0,100,,10828,4,,,0,102,,10829,4,,,0,99,,10830,4,,,0,101,,10831,4,,,0,100,,10832,4,,,0,69,,10833,4,,,0,29,,10834,4,,,0,69,,10835,4,,,0,26,,10836,4,,,0,65,,10837,4,,,0,29,,10838,4,,,0,71,,10839,4,,,0,29,,10840,4,,,0,85,,10841,4,,,0,87,,10842,4,,,0,98,,10843,4,,,0,40,,10844,4,,,0,97,,10845,4,,,0
5100,'65041',831,,10857,4,,,2,97,,10859,4,,,2,98,,10858,4,,,2,100,,10860,4,,,2,100,,10856,4,,,2,100,,10855,4,,,2,100,,10854,4,,,2,100,,10853,4,,,2,100,,10852,4,,,2,111,,10851,4,,,2,99,,10846,4,,,2,100,,10848,4,,,2,100,,10849,4,,,2,100,,10850,4,,,2,100,,10847,4,,,2
5100,'65042',831,,10872,4,,,2,97,,10874,4,,,2,98,,10873,4,,,2,100,,10875,4,,,2,100,,10871,4,,,2,100,,10870,4,,,2,100,,10869,4,,,2,100,,10868,4,,,2,100,,10867,4,,,2,111,,10866,4,,,2,99,,10861,4,,,2,100,,10863,4,,,2,100,,10864,4,,,2,100,,10865,4,,,2,100,,10862,4,,,2
