300,'65040',610,,8132,21,,,0,25,,8133,21,,,0,15,,8134,21,,,0,57,,8135,21,,,0,12,,8136,21,,,0,13,,8137,21,,,0,16,,8138,21,,,0,55,,8139,21,,,0,13,,8140,21,,,0,17,,8141,21,,,0,20,,8142,21,,,0,60,,8143,21,,,0,20,,8144,21,,,0,20,,8145,21,,,0,60,,8146,21,,,0,20,,8147,21,,,0,20,,8148,21,,,0,60,,8149,21,,,0,20,,8150,21,,,0,17,,8151,21,,,0,61,,8152,21,,,0,20,,8153,21,,,0,20,,8154,21,,,0,60,,8155,21,,,0,20,,8156,21,,,0,20,,8157,21,,,0,56,,8158,21,,,0,13,,8159,21,,,0,17,,8181,21,,,0,15,,8160,21,,,0,55,,8161,21,,,0,13,,8162,21,,,0,22,,8163,21,,,0,15,,8164,21,,,0,60,,8165,21,,,0,25,,8166,21,,,0,65,,8167,21,,,0,31,,8168,21,,,0,20,,8169,21,,,0,60,,8170,21,,,0,20,,8171,21,,,0,65,,8172,21,,,0,29,,8173,21,,,0,74,,8174,21,,,0,27,,8175,21,,,0,67,,8180,21,,,0,21,,8176,21,,,0,20,,8177,21,,,0,77,,8178,21,,,0
300,'65041',706,,8198,21,,,0,20,,8199,21,,,0,30,,8200,21,,,0,69,,8211,21,,,0,29,,8182,21,,,0,70,,8183,21,,,0,30,,8184,21,,,0,70,,8185,21,,,0,30,,8186,21,,,0,70,,8187,21,,,0,30,,8188,21,,,0,69,,8189,21,,,0,30,,8190,21,,,0,70,,8191,21,,,0,29,,8192,21,,,0,71,,8193,21,,,0,29,,8194,21,,,0,70,,8195,21,,,0,30,,8196,21,,,0,70,,8197,21,,,0,30,,8201,21,,,0,55,,8202,21,,,0,19,,8203,21,,,0,32,,8204,21,,,0,74,,8205,21,,,0,78,,8206,21,,,0,31,,8212,21,,,0,70,,8207,21,,,0,100,,8208,21,,,0,100,,8209,21,,,0,99,,8210,21,,,0
300,'65042',706,,8229,21,,,0,20,,8230,21,,,0,30,,8231,21,,,0,69,,8242,21,,,0,29,,8213,21,,,0,70,,8214,21,,,0,30,,8215,21,,,0,70,,8216,21,,,0,30,,8217,21,,,0,70,,8218,21,,,0,30,,8219,21,,,0,69,,8220,21,,,0,30,,8221,21,,,0,70,,8222,21,,,0,29,,8223,21,,,0,71,,8224,21,,,0,29,,8225,21,,,0,70,,8226,21,,,0,30,,8227,21,,,0,70,,8228,21,,,0,30,,8232,21,,,0,55,,8233,21,,,0,19,,8234,21,,,0,32,,8235,21,,,0,74,,8236,21,,,0,78,,8237,21,,,0,31,,8243,21,,,0,70,,8238,21,,,0,100,,8239,21,,,0,100,,8240,21,,,0,99,,8241,21,,,0
5500,'65040',718,,10946,16,,,2,124,,10952,16,,,2,112,,10948,16,,,2,156,,10955,16,,,2,117,,10949,16,,,2,115,,10953,16,,,2,158,,10950,16,,,2,116,,10954,16,,,2,123,,10947,16,,,2,110,,10951,16,0,5 6 2 66,2
5500,'65041',821,,10961,16,,,2,111,,10963,16,,,2,110,,10962,16,,,2,110,,10960,16,,,2,153,,10959,16,,,2,110,,10958,16,,,2,110,,10957,16,,,2,107,,10956,16,0,5 6 2 66,2
5500,'65042',821,,10969,16,,,2,111,,10971,16,,,2,110,,10970,16,,,2,110,,10968,16,,,2,153,,10967,16,,,2,110,,10966,16,,,2,110,,10965,16,,,2,107,,10964,16,0,5 6 2 66,2
90300,'65040',2320,,11467,28,,,0,106,,11468,28,,,0
90300,'65041',2426,,11471,28,,,0
90300,'65042',2426,,11473,28,,,0
2400080000,'65040',608,,11542,5,,,1,26,,11546,5,,,1,25,,11540,5,,,1,66,,11541,5,,,1,21,,11545,5,,,1,63,,11543,5,,,1,22,,11547,5,,,1,15,,11552,5,,,1,60,,11549,5,,,1,30,,11548,5,,,1,70,,11551,5,,,1,30,,11544,5,,,1,70,,11550,5,,,1,31,,11555,5,,,1,70,,11554,5,,,1,30,,11562,5,,,1,70,,11556,5,,,1,30,,11557,5,,,1,70,,11560,5,,,1,25,,11553,5,,,1,75,,11563,5,,,1,20,,11558,5,,,1,20,,11561,5,,,1,60,,11569,5,,,1,20,,11559,5,,,1,20,,11564,5,,,1,60,,11566,5,,,1,19,,11565,5,,,1,20,,11567,5,,,1,64,,11568,5,,,1
