101,'65040',653,,7964,19,,,0,60,,7965,19,,,0,22,,7966,19,,,0,20,,7977,19,0,5 6 2 65,0,74,,7978,19,0,5 6 2 65,0,95,,7967,19,,,0,100,,7968,19,,,0,100,,7969,19,,,0,99,,7970,19,,,0,100,,7971,19,,,0,100,,7972,19,,,0,78,,7979,19,0,5 6 2 65,0,30,,7980,19,0,5 6 2 65,0,26,,7973,19,,,0,73,,7981,19,0,5 6 2 65,0,27,,7982,19,0,5 6 2 65,0,59,,7983,19,0,5 6 2 65,0,25,,7976,19,,,0,70,,7985,19,0,5 6 2 65,0,105,,7984,19,0,5 6 2 65,0,86,,7975,19,,,0,105,,7974,19,,,0,49,,7986,19,0,5 6 2 65,0
101,'65041',817,,7998,19,0,5 6 2 65,0,121,,7989,19,0,5 6 2 65,0,101,,7990,19,0,5 6 2 65,0,100,,7991,19,0,5 6 2 65,0,99,,7992,19,0,5 6 2 65,0,99,,7993,19,0,5 6 2 65,0,99,,7994,19,0,5 6 2 65,0,101,,7995,19,0,5 6 2 65,0,102,,7996,19,0,5 6 2 65,0,82,,7997,19,0,5 6 2 65,0,95,,7999,19,0,5 6 2 65,0
101,'65042',817,,8009,19,0,5 6 2 65,0,121,,8000,19,0,5 6 2 65,0,101,,8001,19,0,5 6 2 65,0,100,,8002,19,0,5 6 2 65,0,99,,8003,19,0,5 6 2 65,0,99,,8004,19,0,5 6 2 65,0,99,,8005,19,0,5 6 2 65,0,101,,8006,19,0,5 6 2 65,0,102,,8007,19,0,5 6 2 65,0,82,,8008,19,0,5 6 2 65,0,95,,8010,19,0,5 6 2 65,0
401,'65040',647,,8456,28,,,0,61,,8457,28,,,0,17,,8458,28,,,0,75,,8459,28,,,0,34,,8460,28,,,0,22,,8461,28,,,0,74,,8462,28,,,0,91,,8463,28,,,0,99,,8464,28,,,0,100,,8480,28,,,0,100,,8479,28,,,0,80,,8478,28,,,0,106,,8477,28,0,5 6 2 70,0,24,,8476,28,,,0,70,,8475,28,,,0,30,,8474,28,,,0,29,,8473,28,,,0,59,,8472,28,,,0,31,,8471,28,,,0,74,,8470,28,,,0,80,,8469,28,,,0,45,,8468,28,,,0,69,,8467,28,,,0,31,,8466,28,,,0,72,,8465,28,,,0,92,,8481,28,0,5 6 2 70,0
401,'65041',819,,8516,28,,,0,38,,8530,28,,,0,85,,8508,28,,,0,100,,8509,28,,,0,100,,8510,28,,,0,100,,8511,28,,,0,101,,8512,28,,,0,100,,8513,28,,,0,100,,8514,28,,,0,100,,8515,28,,,0,99,,8529,28,,,0,61,,8520,28,,,0,22,,8521,28,,,0
401,'65042',819,,8547,28,,,0,38,,8561,28,,,0,85,,8539,28,,,0,100,,8540,28,,,0,100,,8541,28,,,0,100,,8542,28,,,0,101,,8543,28,,,0,100,,8544,28,,,0,100,,8545,28,,,0,100,,8546,28,,,0,99,,8560,28,,,0,61,,8551,28,,,0,22,,8552,28,,,0
5501,'65040',733,,10979,36,,,2,122,,10972,36,,,2,155,,10980,36,,,2,113,,10973,36,,,2,117,,10981,36,,,2,118,,10974,36,,,2,153,,10977,36,,,2,123,,10975,36,,,2,115,,10978,36,,,2,156,,10976,36,0,5 6 2 65,2
5501,'65041',832,,10989,36,,,2,110,,10988,36,,,2,110,,10987,36,,,2,150,,10986,36,,,2,110,,10985,36,,,2,110,,10984,36,,,2,109,,10982,36,,,2,112,,10983,36,0,5 6 2 65,2
5501,'65042',832,,10997,36,,,2,110,,10996,36,,,2,110,,10995,36,,,2,150,,10994,36,,,2,110,,10993,36,,,2,110,,10992,36,,,2,109,,10990,36,,,2,112,,10991,36,0,5 6 2 65,2
90401,'65040',616,,11492,35,,,0,1702,,11493,35,,,0
90401,'65041',619,,11494,35,,,0,102,,11495,35,,,0,1199,,11496,35,,,0,100,,11497,35,,,0,100,,11498,35,,,0,99,,11499,35,,,0,101,,11500,35,,,0
90401,'65042',619,,11501,35,,,0,102,,11502,35,,,0,1199,,11503,35,,,0,100,,11504,35,,,0,100,,11505,35,,,0,99,,11506,35,,,0,101,,11507,35,,,0
90801,'65040',2442,,11509,36,,,0
90801,'65041',2442,,11510,36,,,0
90801,'65042',2442,,11511,36,,,0
