1101,'65040',636,,9472,27,0,54,0,20,,9436,27,,,0,74,,9437,27,,,0,70,,9459,27,0,54,0,35,,9438,27,,,0,18,,9460,27,0,54,0,71,,9461,27,0,54,0,27,,9439,27,,,0,70,,9462,27,0,54,0,30,,9440,27,,,0,80,,9463,27,0,54,0,20,,9441,27,,,0,79,,9473,5,0,54,0,20,,9442,27,,,0,80,,9464,5,0,54,0,23,,9443,27,,,0,70,,9465,5,0,54,0,29,,9444,27,,,0,69,,9445,27,,,0,30,,9446,27,,,0,54,,9466,5,0,54,0,16,,9447,27,,,0,31,,9448,27,,,0,71,,9449,27,,,0,16,,9475,27,0,54,0,14,,9450,27,,,0,70,,9451,27,,,0,30,,9467,27,0,54,0,69,,9452,27,,,0,30,,9476,5,0,54,0,70,,9453,27,,,0,29,,9468,5,0,54,0,55,,9471,27,0,54,0,26,,9454,27,,,0,12,,9469,5,0,54,0,13,,9470,5,0,54,0,73,,9455,27,,,0,105,,9456,27,,,0,75,,9474,27,0,54,0
1101,'65041',819,,9494,27,,,0,29,,9477,5,,,0,85,,9486,27,0,54,0,70,,9478,27,,,0,30,,9487,27,0,54,0,69,,9479,27,,,0,29,,9488,27,0,54,0,70,,9480,27,,,0,30,,9489,27,0,54,0,70,,9481,27,,,0,29,,9490,27,0,54,0,70,,9482,27,,,0,30,,9491,27,0,54,0,29,,9483,27,,,0,70,,9492,27,0,54,0,30,,9484,27,,,0,70,,9493,27,0,54,0,30,,9485,27,,,0,62,,9497,27,0,54,0,24,,9498,27,,,0,68,,9499,27,0,54,0,17,,9500,27,,,0,100,,9501,27,,,0,100,,9502,27,,,0,99,,9503,27,,,0,98,,9504,27,,,0,100,,9505,27,,,0,100,,9506,27,0,54,0
1101,'65042',819,,9524,27,,,0,29,,9507,5,,,0,85,,9516,27,0,54,0,70,,9508,27,,,0,30,,9517,27,0,54,0,69,,9509,27,,,0,29,,9518,27,0,54,0,70,,9510,27,,,0,30,,9519,27,0,54,0,70,,9511,27,,,0,29,,9520,27,0,54,0,70,,9512,27,,,0,30,,9521,27,0,54,0,29,,9513,27,,,0,70,,9522,27,0,54,0,30,,9514,27,,,0,70,,9523,27,0,54,0,30,,9515,27,,,0,62,,9527,27,0,54,0,24,,9528,27,,,0,68,,9529,27,0,54,0,17,,9530,27,,,0,100,,9531,27,,,0,100,,9532,27,,,0,99,,9533,27,,,0,98,,9534,27,,,0,100,,9535,27,,,0,100,,9536,27,0,54,0
1800,'65040',704,,10171,35,,,0,35,,10172,35,,,0,73,,10173,35,,,0,90,,10174,35,,,0,100,,10175,35,,,0,100,,10176,35,,,0,41,,10177,35,,,0,101,,10178,35,,,0,101,,10179,35,,,0,101,,10180,35,,,0,100,,10181,35,,,0,88,,10182,35,,,0,89,,10183,35,,,0,82,,10184,35,,,0,106,,10185,35,,,0,91,,10186,35,,,0,46,,10187,35,,,0,68,,10188,35,,,0,98,,10189,35,,,0
1800,'65041',805,,10199,35,,,0,113,,10190,35,,,0,99,,10191,35,,,0,100,,10192,35,,,0,95,,10193,35,,,0,100,,10194,35,,,0,101,,10195,35,,,0,100,,10196,35,,,0,99,,10197,35,,,0,101,,10198,35,,,0,100,,10200,35,,,0,93,,10201,35,,,0,101,,10202,35,,,0,100,,10203,35,,,0,99,,10204,35,,,0
1800,'65042',805,,10214,35,,,0,113,,10205,35,,,0,99,,10206,35,,,0,100,,10207,35,,,0,95,,10208,35,,,0,100,,10209,35,,,0,101,,10210,35,,,0,100,,10211,35,,,0,99,,10212,35,,,0,101,,10213,35,,,0,100,,10215,35,,,0,93,,10216,35,,,0,101,,10217,35,,,0,100,,10218,35,,,0,99,,10219,35,,,0
2400,'65040',632,,10399,18,,,2,71,,10398,18,,,2,31,,10400,18,,,2,24,,10401,18,,,2,52,,10397,18,,,2,28,,10402,18,,,2,75,,10403,18,,,2,31,,10404,18,,,2,71,,10405,18,,,2,31,,10406,18,,,2,71,,10408,18,,,2,31,,10407,18,,,2,71,,10409,18,,,2,31,,10412,18,,,2,71,,10411,18,,,2,31,,10413,18,,,2,71,,10410,18,,,2,31,,10415,18,,,2,72,,10414,18,,,2,33,,10416,18,,,2,76,,10417,18,,,2,75,,10418,18,,,2,39,,10419,18,,,2,74,,10420,18,,,2,35,,10421,18,,,2,75,,10422,18,,,2,75,,10426,18,,,2,35,,10423,18,,,2,80,,10424,18,,,2,32,,10425,18,,,2
2400,'65041',800,,10443,18,,,2,41,,10439,18,,,2,78,,10440,18,,,2,96,,10442,18,,,2,100,,10441,18,,,2,100,,10438,18,,,2,100,,10437,18,,,2,100,,10436,18,,,2,100,,10435,18,,,2,100,,10432,18,,,2,105,,10429,18,,,2,99,,10428,18,,,2,84,,10431,18,,,2,46,,10434,18,,,2,100,,10427,18,,,2,98,,10433,18,,,2,100,,10430,18,,,2
2400,'65042',800,,10460,18,,,2,41,,10456,18,,,2,78,,10457,18,,,2,96,,10459,18,,,2,100,,10458,18,,,2,100,,10455,18,,,2,100,,10454,18,,,2,100,,10453,18,,,2,100,,10452,18,,,2,100,,10449,18,,,2,105,,10446,18,,,2,99,,10445,18,,,2,84,,10448,18,,,2,46,,10451,18,,,2,100,,10444,18,,,2,98,,10450,18,,,2,100,,10447,18,,,2
45301,'65040',812,,11101,5,,,2,506,,11102,6,,,2,226,,11103,5,,,2,113,,11105,5,,,2,93,,11106,5,,,2,98,,11104,6,,,2
91301,'65040',2518,,11520,46,,,0
91301,'65041',2519,,11521,46,,,0
91301,'65042',2519,,11522,46,,,0
91800,'65041',2302,,11528,37,,,0
91800,'65042',2302,,11529,37,,,0
