700,'65040',617,,8806,18,,,0,18,,8841,18,0,5 6 2 69,0,17,,8807,18,,,0,62,,8808,26,,,0,15,,8842,18,0,5 6 2 69,0,20,,8809,26,,,0,10,,8843,18,0,5 6 2 69,0,58,,8810,18,,,0,16,,8844,18,0,5 6 2 69,0,19,,8811,26,,,0,63,,8812,18,,,0,25,,8813,18,,,0,17,,8845,18,0,5 6 2 69,0,64,,8814,18,,,0,18,,8815,18,,,0,20,,8846,26,0,5 6 2 69,0,60,,8816,26,,,0,20,,8817,26,,,0,13,,8847,18,0,5 6 2 69,0,63,,8818,18,,,0,23,,8819,26,,,0,15,,8848,18,0,5 6 2 69,0,61,,8820,18,,,0,23,,8821,26,,,0,16,,8822,18,,,0,61,,8823,18,,,0,26,,8824,26,,,0,17,,8825,18,,,0,60,,8826,18,,,0,27,,8827,18,,,0,59,,8828,18,,,0,28,,8829,18,,,0,20,,8849,26,0,5 6 2 69,0,57,,8830,26,,,0,26,,8831,18,,,0,73,,8832,26,,,0,28,,8833,18,,,0,68,,8834,18,,,0,31,,8835,18,,,0,75,,8836,18,,,0,25,,8837,18,,,0,71,,8838,18,,,0,41,,8839,26,,,0,69,,8840,18,,,0,104,,8850,26,,,0
700,'65041',612,,8865,18,0,5 6 2 69,0,102,,8866,18,,,0,96,,8877,26,,,0,24,,8876,18,0,5 6 2 69,0,71,,8878,18,,,0,30,,8875,18,0,5 6 2 69,0,69,,8851,18,,,0,30,,8858,18,0,5 6 2 69,0,70,,8852,18,,,0,30,,8859,18,0,5 6 2 69,0,70,,8853,18,,,0,30,,8860,18,0,5 6 2 69,0,70,,8854,18,,,0,30,,8861,18,0,5 6 2 69,0,70,,8855,18,,,0,30,,8862,18,0,5 6 2 69,0,70,,8856,18,,,0,30,,8863,18,0,5 6 2 69,0,70,,8857,18,0,5 6 2 69,0,30,,8864,18,0,5 6 2 69,0,70,,8867,18,0,5 6 2 69,0,30,,8868,18,0,5 6 2 69,0,82,,8872,26,,,0,96,,8874,18,,,0,101,,8873,26,,,0,100,,8869,26,,,0,100,,8870,26,,,0,100,,8871,26,,,0
700,'65042',612,,8893,18,0,5 6 2 69,0,102,,8894,18,,,0,96,,8905,26,,,0,24,,8904,18,0,5 6 2 69,0,71,,8906,18,,,0,30,,8903,18,0,5 6 2 69,0,69,,8879,18,,,0,30,,8886,18,0,5 6 2 69,0,70,,8880,18,,,0,30,,8887,18,0,5 6 2 69,0,70,,8881,18,,,0,30,,8888,18,0,5 6 2 69,0,70,,8882,18,,,0,30,,8889,18,0,5 6 2 69,0,70,,8883,18,,,0,30,,8890,18,0,5 6 2 69,0,70,,8884,18,,,0,30,,8891,18,0,5 6 2 69,0,70,,8885,18,0,5 6 2 69,0,30,,8892,18,0,5 6 2 69,0,70,,8895,18,0,5 6 2 69,0,30,,8896,18,0,5 6 2 69,0,82,,8900,26,,,0,96,,8902,18,,,0,101,,8901,26,,,0,100,,8897,26,,,0,100,,8898,26,,,0,100,,8899,26,,,0
800,'65040',623,,9013,16,,,1,27,,9014,16,,,1,55,,9065,16,,,1,16,,9015,16,,,1,15,,9016,16,,,1,16,,9017,16,,,1,54,,9018,16,,,1,15,,9019,16,,,1,10,,9020,16,,,1,17,,9021,16,,,1,60,,9022,16,,,1,22,,9023,16,,,1,20,,9024,16,,,1,58,,9025,16,,,1,20,,9026,16,,,1,21,,9027,16,,,1,60,,9028,16,,,1,19,,9029,16,,,1,20,,9030,16,,,1,60,,9031,16,,,1,19,,9032,16,,,1,20,,9033,16,,,1,61,,9034,16,,,1,20,,9035,16,,,1,19,,9036,16,,,1,62,,9037,16,,,1,11,,9038,16,,,1,13,,9039,16,,,1,22,,9040,16,,,1,54,,9041,16,,,1,11,,9042,16,,,1,15,,9043,16,,,1,15,,9044,16,,,1,50,,9045,16,,,1,15,,9046,16,,,1,10,,9047,16,,,1,9,,9048,16,,,1,16,,9049,16,,,1,53,,9050,16,,,1,17,,9051,16,,,1,14,,9052,16,,,1,20,,9053,16,,,1,61,,9054,16,,,1,20,,9055,16,,,1,18,,9056,16,,,1,70,,9057,16,,,1,30,,9058,16,,,1,71,,9059,16,,,1,31,,9060,16,,,1,80,,9061,16,,,1,21,,9062,16,,,1,67,,9063,16,,,1,101,,9064,16,,,1
800,'65041',622,,9082,16,,,1,99,,9083,16,,,1,29,,9084,16,,,1,68,,9085,16,,,1,24,,9086,16,,,1,68,,9066,16,,,1,31,,9067,16,,,1,70,,9068,16,,,1,30,,9069,16,,,1,70,,9070,16,,,1,30,,9071,16,,,1,69,,9072,16,,,1,29,,9073,16,,,1,71,,9074,16,,,1,30,,9075,16,,,1,70,,9076,16,,,1,30,,9077,16,,,1,70,,9078,16,,,1,30,,9079,16,,,1,70,,9080,16,,,1,30,,9081,16,,,1,70,,9087,16,,,1,32,,9088,16,,,1,70,,9094,16,,,1,33,,9089,16,,,1,77,,9095,16,,,1,101,,9090,16,,,1,100,,9091,16,,,1,101,,9092,16,,,1,100,,9093,16,,,1
800,'65042',622,,9112,16,,,1,99,,9113,16,,,1,29,,9114,16,,,1,68,,9115,16,,,1,24,,9116,16,,,1,68,,9096,16,,,1,31,,9097,16,,,1,70,,9098,16,,,1,30,,9099,16,,,1,70,,9100,16,,,1,30,,9101,16,,,1,69,,9102,16,,,1,29,,9103,16,,,1,71,,9104,16,,,1,30,,9105,16,,,1,70,,9106,16,,,1,30,,9107,16,,,1,70,,9108,16,,,1,30,,9109,16,,,1,70,,9110,16,,,1,30,,9111,16,,,1,70,,9117,16,,,1,32,,9118,16,,,1,70,,9124,16,,,1,33,,9119,16,,,1,77,,9125,16,,,1,101,,9120,16,,,1,100,,9121,16,,,1,101,,9122,16,,,1,100,,9123,16,,,1
900,'65040',719,,9236,14,,,0,110,,9237,14,,,0,103,,9238,14,,,0,99,,9239,14,,,0,100,,9240,14,,,0,71,,9241,14,,,0,101,,9242,14,,,0,100,,9243,14,,,0,30,,9244,14,,,0,68,,9245,14,,,0,130,,9246,14,,,0,100,,9247,14,,,0,101,,9248,14,,,0,85,,9249,14,,,0
900,'65041',1031,,9260,14,,,0,100,,9261,14,,,0,100,,9262,14,,,0,100,,9263,14,,,0,99,,9264,14,,,0,100,,9265,14,,,0,101,,9266,14,,,0
900,'65042',1031,,9275,14,,,0,100,,9276,14,,,0,100,,9277,14,,,0,100,,9278,14,,,0,99,,9279,14,,,0,100,,9280,14,,,0,101,,9281,14,,,0
5500,'65040',743,,10946,58,,,2,164,,10952,58,,,2,111,,10948,58,,,2,115,,10955,58,,,2,118,,10949,58,,,2,154,,10953,58,,,2,120,,10950,58,,,2,116,,10954,58,,,2,159,,10947,58,,,2,110,,10951,58,0,5 6 2 66,2
5500,'65041',844,,10961,58,,,2,111,,10963,58,,,2,150,,10962,58,,,2,110,,10960,58,,,2,113,,10959,58,,,2,110,,10958,58,,,2,112,,10957,58,,,2,106,,10956,58,0,5 6 2 66,2
5500,'65042',844,,10969,58,,,2,111,,10971,58,,,2,150,,10970,58,,,2,110,,10968,58,,,2,113,,10967,58,,,2,110,,10966,58,,,2,112,,10965,58,,,2,106,,10964,58,0,5 6 2 66,2
