100,'65040',842,,7922,9,,,0,101,,7923,9,,,0,99,,7924,9,,,0,99,,7925,9,,,0,100,,7926,9,,,0,100,,7927,9,,,0,290,,7928,9,,,0,27,,7929,9,,,0,71,,7930,9,,,0,196,,7931,9,,,0,104,,7932,9,,,0,91,,7933,9,,,0,91,,7934,9,0,5 6 2 68,0,101,,7935,9,0,5 6 2 68,0
100,'65041',1720,,7951,9,0,5 6 2 68,0
100,'65042',1720,,7962,9,0,5 6 2 68,0
300,'65040',611,,8132,24,,,0,25,,8133,24,,,0,15,,8134,24,,,0,57,,8135,24,,,0,12,,8136,24,,,0,13,,8137,24,,,0,16,,8138,24,,,0,55,,8139,24,,,0,13,,8140,24,,,0,17,,8141,24,,,0,20,,8142,24,,,0,60,,8143,24,,,0,20,,8144,24,,,0,20,,8145,24,,,0,60,,8146,24,,,0,20,,8147,24,,,0,20,,8148,24,,,0,60,,8149,24,,,0,20,,8150,24,,,0,17,,8151,24,,,0,61,,8152,24,,,0,20,,8153,24,,,0,20,,8154,24,,,0,60,,8155,24,,,0,20,,8156,24,,,0,20,,8157,24,,,0,56,,8158,24,,,0,13,,8159,24,,,0,17,,8181,24,,,0,15,,8160,24,,,0,55,,8161,24,,,0,13,,8162,24,,,0,22,,8163,24,,,0,15,,8164,24,,,0,60,,8165,24,,,0,25,,8166,24,,,0,65,,8167,24,,,0,31,,8168,24,,,0,20,,8169,24,,,0,60,,8170,24,,,0,20,,8171,24,,,0,65,,8172,24,,,0,29,,8173,24,,,0,74,,8174,24,,,0,27,,8175,24,,,0,67,,8180,24,,,0,21,,8176,24,,,0,20,,8177,24,,,0,77,,8178,24,,,0
300,'65041',707,,8198,24,,,0,20,,8199,24,,,0,30,,8200,24,,,0,69,,8211,24,,,0,29,,8182,24,,,0,70,,8183,24,,,0,30,,8184,24,,,0,70,,8185,24,,,0,30,,8186,24,,,0,70,,8187,24,,,0,30,,8188,24,,,0,69,,8189,24,,,0,30,,8190,24,,,0,70,,8191,24,,,0,29,,8192,24,,,0,71,,8193,24,,,0,29,,8194,24,,,0,70,,8195,24,,,0,30,,8196,24,,,0,70,,8197,24,,,0,30,,8201,24,,,0,55,,8202,24,,,0,19,,8203,24,,,0,32,,8204,24,,,0,74,,8205,24,,,0,78,,8206,24,,,0,31,,8212,24,,,0,70,,8207,24,,,0,100,,8208,24,,,0,100,,8209,24,,,0,99,,8210,24,,,0
300,'65042',707,,8229,24,,,0,20,,8230,24,,,0,30,,8231,24,,,0,69,,8242,24,,,0,29,,8213,24,,,0,70,,8214,24,,,0,30,,8215,24,,,0,70,,8216,24,,,0,30,,8217,24,,,0,70,,8218,24,,,0,30,,8219,24,,,0,69,,8220,24,,,0,30,,8221,24,,,0,70,,8222,24,,,0,29,,8223,24,,,0,71,,8224,24,,,0,29,,8225,24,,,0,70,,8226,24,,,0,30,,8227,24,,,0,70,,8228,24,,,0,30,,8232,24,,,0,55,,8233,24,,,0,19,,8234,24,,,0,32,,8235,24,,,0,74,,8236,24,,,0,78,,8237,24,,,0,31,,8243,24,,,0,70,,8238,24,,,0,100,,8239,24,,,0,100,,8240,24,,,0,99,,8241,24,,,0
5500,'65040',719,,10946,19,,,2,124,,10952,19,,,2,112,,10948,19,,,2,156,,10955,19,,,2,117,,10949,19,,,2,115,,10953,19,,,2,158,,10950,19,,,2,116,,10954,19,,,2,123,,10947,19,,,2,110,,10951,19,0,5 6 2 66,2
5500,'65041',822,,10961,19,,,2,111,,10963,19,,,2,110,,10962,19,,,2,110,,10960,19,,,2,153,,10959,19,,,2,110,,10958,19,,,2,110,,10957,19,,,2,107,,10956,19,0,5 6 2 66,2
5500,'65042',822,,10969,19,,,2,111,,10971,19,,,2,110,,10970,19,,,2,110,,10968,19,,,2,153,,10967,19,,,2,110,,10966,19,,,2,110,,10965,19,,,2,107,,10964,19,0,5 6 2 66,2
5700,'65040',908,,11002,9,,,2,99,,11000,9,,,2,123,,11001,9,,,2,105,,10998,9,,,2,121,,11003,9,,,2,145,,10999,9,,,2,120,,11004,9,,,2
5700,'65041',1113,,11010,9,,,2,113,,11009,9,,,2,102,,11008,9,,,2,112,,11007,9,,,2,102,,11006,9,,,2,112,,11005,9,0,56,2
5700,'65042',1113,,11016,9,,,2,113,,11015,9,,,2,102,,11014,9,,,2,112,,11013,9,,,2,102,,11012,9,,,2,112,,11011,9,0,56,2
90300,'65040',2321,,11467,31,,,0,106,,11468,31,,,0
90300,'65041',2427,,11471,31,,,0
90300,'65042',2427,,11473,31,,,0
