700,'65040',636,,8806,36,,,0,75,,8807,36,,,0,23,,8808,44,,,0,75,,8809,44,,,0,29,,8810,36,,,0,75,,8811,44,,,0,23,,8812,36,,,0,65,,8813,36,,,0,42,,8814,36,,,0,58,,8815,36,,,0,40,,8816,44,,,0,60,,8817,44,,,0,37,,8818,36,,,0,64,,8819,44,,,0,36,,8820,36,,,0,63,,8821,44,,,0,16,,8822,36,,,0,21,,8823,36,,,0,66,,8824,44,,,0,18,,8825,36,,,0,20,,8826,36,,,0,67,,8827,36,,,0,19,,8828,36,,,0,28,,8829,36,,,0,76,,8830,44,,,0,26,,8831,36,,,0,71,,8832,44,,,0,28,,8833,36,,,0,67,,8834,36,,,0,31,,8835,36,,,0,74,,8836,36,,,0,25,,8837,36,,,0,70,,8838,36,,,0,81,,8839,44,,,0,29,,8840,36,,,0,104,,8850,44,,,0
700,'65041',733,,8866,36,,,0,100,,8877,44,,,0,94,,8878,36,,,0,100,,8851,36,,,0,100,,8852,36,,,0,101,,8853,36,,,0,100,,8854,36,,,0,100,,8855,36,,,0,100,,8856,36,,,0,311,,8872,44,,,0,98,,8874,36,,,0,100,,8873,44,,,0,100,,8869,44,,,0,100,,8870,44,,,0,98,,8871,44,,,0
700,'65042',733,,8894,36,,,0,100,,8905,44,,,0,94,,8906,36,,,0,100,,8879,36,,,0,100,,8880,36,,,0,101,,8881,36,,,0,100,,8882,36,,,0,100,,8883,36,,,0,100,,8884,36,,,0,311,,8900,44,,,0,98,,8902,36,,,0,100,,8901,44,,,0,100,,8897,44,,,0,100,,8898,44,,,0,98,,8899,44,,,0
800,'65040',641,,9013,43,,,1,69,,9014,43,,,1,16,,9065,43,,,1,16,,9015,43,,,1,15,,9016,43,,,1,56,,9017,43,,,1,14,,9018,43,,,1,16,,9019,43,,,1,10,,9020,43,,,1,57,,9021,43,,,1,20,,9022,43,,,1,22,,9023,43,,,1,60,,9024,43,,,1,19,,9025,43,,,1,20,,9026,43,,,1,61,,9027,43,,,1,20,,9028,43,,,1,20,,9029,43,,,1,60,,9030,43,,,1,20,,9031,43,,,1,20,,9032,43,,,1,60,,9033,43,,,1,20,,9034,43,,,1,20,,9035,43,,,1,59,,9036,43,,,1,22,,9037,43,,,1,11,,9038,43,,,1,13,,9039,43,,,1,62,,9040,43,,,1,15,,9041,43,,,1,11,,9042,43,,,1,56,,9043,43,,,1,15,,9044,43,,,1,10,,9045,43,,,1,15,,9046,43,,,1,10,,9047,43,,,1,49,,9048,43,,,1,15,,9049,43,,,1,13,,9050,43,,,1,15,,9051,43,,,1,14,,9052,43,,,1,58,,9053,43,,,1,20,,9054,43,,,1,20,,9055,43,,,1,58,,9056,43,,,1,30,,9057,43,,,1,70,,9058,43,,,1,31,,9059,43,,,1,71,,9060,43,,,1,38,,9061,43,,,1,60,,9062,43,,,1,27,,9063,43,,,1,100,,9064,43,,,1
800,'65041',639,,9082,43,,,1,100,,9083,43,,,1,68,,9084,43,,,1,28,,9085,43,,,1,24,,9086,43,,,1,70,,9066,43,,,1,72,,9067,43,,,1,30,,9068,43,,,1,70,,9069,43,,,1,30,,9070,43,,,1,71,,9071,43,,,1,30,,9072,43,,,1,69,,9073,43,,,1,31,,9074,43,,,1,70,,9075,43,,,1,30,,9076,43,,,1,70,,9077,43,,,1,30,,9078,43,,,1,70,,9079,43,,,1,30,,9080,43,,,1,70,,9081,43,,,1,29,,9087,43,,,1,71,,9088,43,,,1,30,,9094,43,,,1,71,,9089,43,,,1,37,,9095,43,,,1,100,,9090,43,,,1,100,,9091,43,,,1,99,,9092,43,,,1,100,,9093,43,,,1
800,'65042',639,,9112,43,,,1,100,,9113,43,,,1,68,,9114,43,,,1,28,,9115,43,,,1,24,,9116,43,,,1,70,,9096,43,,,1,72,,9097,43,,,1,30,,9098,43,,,1,70,,9099,43,,,1,30,,9100,43,,,1,71,,9101,43,,,1,30,,9102,43,,,1,69,,9103,43,,,1,31,,9104,43,,,1,70,,9105,43,,,1,30,,9106,43,,,1,70,,9107,43,,,1,30,,9108,43,,,1,70,,9109,43,,,1,30,,9110,43,,,1,70,,9111,43,,,1,29,,9117,43,,,1,71,,9118,43,,,1,30,,9124,43,,,1,71,,9119,43,,,1,37,,9125,43,,,1,100,,9120,43,,,1,100,,9121,43,,,1,99,,9122,43,,,1,100,,9123,43,,,1
5700,'65040',1009,,11002,97,4,,2,103,,11000,97,4,,2,123,,11001,97,4,,2,105,,10998,97,4,,2,160,,11003,97,4,,2,105,,10999,97,4,,2,120,,11004,97,4,,2
5700,'65041',1214,,11010,97,4,,2,113,,11009,97,4,,2,102,,11008,97,4,,2,111,,11007,97,4,,2,102,,11006,97,4,,2
5700,'65042',1214,,11016,97,4,,2,113,,11015,97,4,,2,102,,11014,97,4,,2,111,,11013,97,4,,2,102,,11012,97,4,,2
5701,'65040',851,,11020,1,,,2,163,5,11022,1,,,2,103,5,11018,1,,,2,123,5,11021,1,,,2,105,5,11019,1,,,2,160,5,11023,1,,,2,105,5,11017,1,,,2
5701,'65041',1115,,11029,1,,,2,102,3,11028,1,,,2,113,3,11027,1,,,2,102,3,11026,1,,,2,111,3,11025,1,,,2,113,14,11024,1,0,56,2
5701,'65042',1115,,11035,1,,,2,102,3,11034,1,,,2,113,3,11033,1,,,2,102,3,11032,1,,,2,111,3,11031,1,,,2,113,14,11030,1,0,56,2
90400,'65040',2513,,11477,54,4,,0
90400,'65041',2512,,11478,54,4,,0
90400,'65042',2512,,11485,54,4,,0
