101,'65040',713,,7964,45,,,0,20,,7965,45,,,0,22,,7966,45,,,0,190,,7967,45,,,0,101,,7968,45,,,0,101,,7969,45,,,0,99,,7970,45,,,0,101,,7971,45,,,0,101,,7972,45,,,0,176,,7973,45,,,0,176,,7976,45,,,0,220,,7975,45,,,0,104,,7974,45,,,0,121,,7987,22,,,0,100,,7988,22,,,0
301,'65040',604,,8244,43,,,0,29,,8245,43,,,0,16,,8246,43,,,0,65,,8247,43,,,0,17,,8251,43,,,0,15,,8248,43,,,0,55,,8249,43,,,0,15,,8250,43,,,0,17,,8252,43,,,0,13,,8260,43,,,0,61,,8253,43,,,0,21,,8254,43,,,0,19,,8255,43,,,0,62,,8256,43,,,0,19,,8257,43,,,0,22,,8258,43,,,0,61,,8259,43,,,0,19,,8261,43,,,0,20,,8262,43,,,0,61,,8263,43,,,0,21,,8264,43,,,0,20,,8265,43,,,0,61,,8266,43,,,0,20,,8267,43,,,0,19,,8268,43,,,0,60,,8269,43,,,0,19,,8270,43,,,0,21,,8271,43,,,0,59,,8272,43,,,0,13,,8294,43,,,0,16,,8273,43,,,0,17,,8274,43,,,0,52,,8275,43,,,0,16,,8276,43,,,0,14,,8277,43,,,0,14,,8278,43,,,0,55,,8279,43,,,0,14,,8293,43,,,0,15,,8280,43,,,0,16,,8281,43,,,0,58,,8282,43,,,0,16,,8283,43,,,0,29,,8284,43,,,0,55,,8285,43,,,0,30,,8286,43,,,0,70,,8287,43,,,0,29,,8288,43,,,0,72,,8289,43,,,0,25,,8290,43,,,0,70,,8295,43,,,0,25,,8291,43,,,0,100,,8292,43,,,0
301,'65041',637,,8313,43,,,0,70,,8314,43,,,0,32,,8315,43,,,0,70,,8316,43,,,0,29,,8317,43,,,0,65,,8312,43,,,0,31,,8296,43,,,0,70,,8297,43,,,0,30,,8298,43,,,0,70,,8299,43,,,0,31,,8300,43,,,0,70,,8301,43,,,0,30,,8302,43,,,0,70,,8303,43,,,0,30,,8304,43,,,0,70,,8305,43,,,0,30,,8306,43,,,0,71,,8307,43,,,0,29,,8308,43,,,0,72,,8309,43,,,0,30,,8310,43,,,0,69,,8311,43,,,0,30,,8318,43,,,0,70,,8319,43,,,0,30,,8320,43,,,0,72,,8326,43,,,0,30,,8321,43,,,0,70,,8327,43,,,0,30,,8322,43,,,0,100,,8323,43,,,0,99,,8324,43,,,0,100,,8325,43,,,0
301,'65042',637,,8345,43,,,0,70,,8346,43,,,0,32,,8347,43,,,0,70,,8348,43,,,0,29,,8349,43,,,0,65,,8344,43,,,0,31,,8328,43,,,0,70,,8329,43,,,0,30,,8330,43,,,0,70,,8331,43,,,0,31,,8332,43,,,0,70,,8333,43,,,0,30,,8334,43,,,0,70,,8335,43,,,0,30,,8336,43,,,0,70,,8337,43,,,0,30,,8338,43,,,0,71,,8339,43,,,0,29,,8340,43,,,0,72,,8341,43,,,0,30,,8342,43,,,0,69,,8343,43,,,0,30,,8350,43,,,0,70,,8351,43,,,0,30,,8352,43,,,0,72,,8358,43,,,0,30,,8353,43,,,0,70,,8359,43,,,0,30,,8354,43,,,0,100,,8355,43,,,0,99,,8356,43,,,0,100,,8357,43,,,0
5501,'65040',813,,10979,94,,,2,113,,10972,94,,,2,116,,10980,94,,,2,116,,10973,94,,,2,156,,10981,94,,,2,118,,10974,94,,,2,113,,10977,94,,,2,167,,10975,94,,,2,110,,10978,94,,,2
5501,'65041',907,,10989,94,,,2,110,,10988,94,,,2,110,,10987,94,,,2,111,,10986,94,,,2,110,,10985,94,,,2,110,,10984,94,,,2,149,,10982,94,,,2
5501,'65042',907,,10997,94,,,2,110,,10996,94,,,2,110,,10995,94,,,2,111,,10994,94,,,2,110,,10993,94,,,2,110,,10992,94,,,2,149,,10990,94,,,2
5701,'65040',948,,11020,87,,,2,163,,11022,87,,,2,104,,11018,87,,,2,122,,11021,87,,,2,105,,11019,87,,,2,160,,11023,87,,,2,105,,11017,87,,,2
5701,'65041',1205,,11029,87,,,2,102,,11028,87,,,2,113,,11027,87,,,2,102,,11026,87,,,2,111,,11025,87,,,2
5701,'65042',1205,,11035,87,,,2,102,,11034,87,,,2,113,,11033,87,,,2,102,,11032,87,,,2,111,,11031,87,,,2
90700,'65040',636,,11508,33,,,0
91301,'65040',2459,,11520,22,,,0
91301,'65041',2459,,11521,22,,,0
91301,'65042',2459,,11522,22,,,0
