301,'65040',617,,8244,63,,,0,30,,8245,63,,,0,56,,8246,63,,,0,25,,8247,63,,,0,17,,8251,63,,,0,57,,8248,63,,,0,14,,8249,63,,,0,15,,8250,63,,,0,17,,8252,63,,,0,53,,8260,63,,,0,21,,8253,63,,,0,21,,8254,63,,,0,59,,8255,63,,,0,23,,8256,63,,,0,19,,8257,63,,,0,62,,8258,63,,,0,21,,8259,63,,,0,19,,8261,63,,,0,60,,8262,63,,,0,21,,8263,63,,,0,21,,8264,63,,,0,60,,8265,63,,,0,21,,8266,63,,,0,20,,8267,63,,,0,59,,8268,63,,,0,20,,8269,63,,,0,19,,8270,63,,,0,61,,8271,63,,,0,19,,8272,63,,,0,13,,8294,63,,,0,16,,8273,63,,,0,57,,8274,63,,,0,12,,8275,63,,,0,16,,8276,63,,,0,14,,8277,63,,,0,54,,8278,63,,,0,14,,8279,63,,,0,14,,8293,63,,,0,14,,8280,63,,,0,56,,8281,63,,,0,18,,8282,63,,,0,15,,8283,63,,,0,69,,8284,63,,,0,15,,8285,63,,,0,30,,8286,63,,,0,70,,8287,63,,,0,29,,8288,63,,,0,71,,8289,63,,,0,25,,8290,63,,,0,70,,8295,63,,,0,25,,8291,63,,,0,100,,8292,63,,,0
301,'65041',649,,8313,63,,,0,70,,8314,63,,,0,33,,8315,63,,,0,70,,8316,63,,,0,30,,8317,63,,,0,65,,8312,63,,,0,31,,8296,63,,,0,70,,8297,63,,,0,31,,8298,63,,,0,70,,8299,63,,,0,31,,8300,63,,,0,70,,8301,63,,,0,30,,8302,63,,,0,70,,8303,63,,,0,30,,8304,63,,,0,70,,8305,63,,,0,30,,8306,63,,,0,71,,8307,63,,,0,29,,8308,63,,,0,72,,8309,63,,,0,29,,8310,63,,,0,69,,8311,63,,,0,29,,8318,63,,,0,70,,8319,63,,,0,30,,8320,63,,,0,72,,8326,63,,,0,30,,8321,63,,,0,70,,8327,63,,,0,30,,8322,63,,,0,100,,8323,63,,,0,98,,8324,63,,,0,100,,8325,63,,,0
301,'65042',649,,8345,63,,,0,70,,8346,63,,,0,33,,8347,63,,,0,70,,8348,63,,,0,30,,8349,63,,,0,65,,8344,63,,,0,31,,8328,63,,,0,70,,8329,63,,,0,31,,8330,63,,,0,70,,8331,63,,,0,31,,8332,63,,,0,70,,8333,63,,,0,30,,8334,63,,,0,70,,8335,63,,,0,30,,8336,63,,,0,70,,8337,63,,,0,30,,8338,63,,,0,71,,8339,63,,,0,29,,8340,63,,,0,72,,8341,63,,,0,29,,8342,63,,,0,69,,8343,63,,,0,29,,8350,63,,,0,70,,8351,63,,,0,30,,8352,63,,,0,72,,8358,63,,,0,30,,8353,63,,,0,70,,8359,63,,,0,30,,8354,63,,,0,100,,8355,63,,,0,98,,8356,63,,,0,100,,8357,63,,,0
1100,'65040',625,,9378,31,0,22 23 2 67,0,84,,9365,31,,,0,31,,9345,52,,,0,16,,9366,31,,,0,58,,9371,31,0,22 23 2 67,0,17,,9346,52,,,0,25,,9347,52,,,0,72,,9367,31,,,0,31,,9348,52,,,0,65,,9368,31,,,0,34,,9349,52,,,0,68,,9372,31,0,22 23 2 67,0,32,,9350,52,,,0,64,,9373,31,0,22 23 2 67,0,78,,9351,52,,,0,22,,9374,31,0,22 23 2 67,0,78,,9352,52,,,0,21,,9369,31,,,0,38,,9353,52,,,0,69,,9370,31,,,0,31,,9354,52,,,0,70,,9355,52,,,0,71,,9356,52,,,0,27,,9357,52,,,0,30,,9358,52,,,0,70,,9359,52,,,0,30,,9376,52,0,22 23 2 67,0,71,,9360,52,,,0,74,,9377,52,0,22 23 2 67,0,39,,9361,52,,,0,66,,9375,31,0,22 23 2 67,0,34,,9362,52,,,0,104,,9363,52,,,0,100,,9364,52,0,57,0,89,,9379,52,0,22 23 2 67,0
1100,'65041',734,,9395,31,,,0,100,,9396,52,,,0,73,,9397,31,,,0,28,,9380,52,,,0,71,,9381,52,,,0,17,,9388,31,,,0,30,,9382,52,,,0,70,,9389,31,,,0,29,,9383,52,,,0,72,,9390,31,,,0,29,,9384,52,,,0,71,,9391,31,,,0,29,,9385,52,,,0,71,,9392,31,,,0,29,,9386,52,,,0,71,,9393,31,,,0,28,,9387,52,,,0,71,,9394,31,,,0,29,,9398,52,,,0,70,,9399,52,,,0,92,,9400,31,0,22 23 2 67,0,21,,9401,52,,,0,99,,9402,52,,,0,100,,9403,52,,,0,98,,9404,52,,,0,100,,9405,52,,,0,99,,9406,52,,,0,100,,9407,52,0,22 23 2 67,0
1100,'65042',734,,9423,31,,,0,100,,9424,52,,,0,73,,9425,31,,,0,28,,9408,52,,,0,71,,9409,52,,,0,17,,9416,31,,,0,30,,9410,52,,,0,70,,9417,31,,,0,29,,9411,52,,,0,72,,9418,31,,,0,29,,9412,52,,,0,71,,9419,31,,,0,29,,9413,52,,,0,71,,9420,31,,,0,29,,9414,52,,,0,71,,9421,31,,,0,28,,9415,52,,,0,71,,9422,31,,,0,29,,9426,52,,,0,70,,9427,52,,,0,92,,9428,31,0,22 23 2 67,0,21,,9429,52,,,0,99,,9430,52,,,0,100,,9431,52,,,0,98,,9432,52,,,0,100,,9433,52,,,0,99,,9434,52,,,0,100,,9435,52,0,22 23 2 67,0
1700,'65040',705,,10074,39,,,0,35,,10075,39,,,0,73,,10076,39,,,0,90,,10077,39,,,0,100,,10078,39,,,0,100,,10079,39,,,0,41,,10080,39,,,0,101,,10081,39,,,0,101,,10082,39,,,0,101,,10083,39,,,0,100,,10084,39,0,22 23 2 70,0,88,,10085,39,,,0,89,,10086,39,0,22 23 2 70,0,82,,10087,39,0,22 23 2 70,0,106,,10088,39,0,22 23 2 70,0,91,,10089,39,0,22 23 2 70,0,46,,10090,39,,,0,68,,10091,39,0,22 23 2 70,0,98,,10092,39,0,22 23 2 70,0
1700,'65041',806,,10102,39,0,22 23 2 70,0,113,,10093,39,0,22 23 2 70,0,99,,10094,39,0,22 23 2 70,0,100,,10095,39,0,22 23 2 70,0,95,,10096,39,0,22 23 2 70,0,100,,10097,39,0,22 23 2 70,0,101,,10098,39,0,22 23 2 70,0,100,,10099,39,0,22 23 2 70,0,99,,10100,39,0,22 23 2 70,0,101,,10101,39,0,22 23 2 70,0,100,,10103,39,0,22 23 2 70,0,93,,10104,39,0,22 23 2 70,0,101,,10105,39,0,22 23 2 70,0,100,,10106,39,0,22 23 2 70,0,99,,10107,39,0,22 23 2 70,0
1700,'65042',806,,10117,39,0,22 23 2 70,0,113,,10108,39,0,22 23 2 70,0,99,,10109,39,0,22 23 2 70,0,100,,10110,39,0,22 23 2 70,0,95,,10111,39,0,22 23 2 70,0,100,,10112,39,0,22 23 2 70,0,101,,10113,39,0,22 23 2 70,0,100,,10114,39,0,22 23 2 70,0,99,,10115,39,0,22 23 2 70,0,101,,10116,39,0,22 23 2 70,0,100,,10118,39,0,22 23 2 70,0,93,,10119,39,0,22 23 2 70,0,101,,10120,39,0,22 23 2 70,0,100,,10121,39,0,22 23 2 70,0,99,,10122,39,0,22 23 2 70,0
2600,'65040',700,,10589,16,,,2,17,,10577,16,,,2,30,,10575,16,,,2,70,,10576,16,,,2,30,,10574,16,,,2,669,,10580,16,,,2,31,,10578,16,,,2,70,,10579,16,,,2,30,,10583,16,,,2,69,,10582,16,,,2,30,,10584,16,,,2,70,,10581,16,,,2,30,,10588,16,,,2,71,,10586,16,,,2,29,,10587,16,,,2,71,,10585,16,,,2
3600,'65040',637,,10657,19,,,2,67,,10667,19,,,2,18,,10656,19,,,2,32,,10668,19,,,2,70,,10658,19,,,2,30,,10665,19,,,2,90,,10663,19,,,2,100,,10664,19,,,2,100,,10662,19,,,2,100,,10661,19,,,2,100,,10660,19,,,2,80,,10659,19,,,2,85,,10669,19,,,2,30,,10670,19,,,2,70,,10666,19,,,2,30,,10673,19,,,2,70,,10672,19,,,2,30,,10674,19,,,2,70,,10671,19,,,2,50,,10676,19,,,2,100,,10675,19,,,2,98,,10678,19,,,2,99,,10677,19,,,2,86,,10679,19,,,2
5000,'65040',642,,10705,31,,,2,63,,10718,30,,,2,36,,10706,31,,,2,64,,10725,30,,,2,31,,10707,31,,,2,69,,10726,30,,,2,31,,10717,31,,,2,111,,10712,31,,,2,99,,10713,31,,,2,100,,10714,31,,,2,101,,10715,31,,,2,100,,10716,31,,,2,76,,10708,31,,,2,23,,10727,30,,,2,79,,10709,31,,,2,76,,10719,30,,,2,35,,10710,31,,,2,65,,10722,30,,,2,32,,10711,31,,,2,24,,10728,30,,,2,88,,10724,31,,,2,86,,10721,31,,,2,86,,10729,31,,,2,86,,10723,31,,,2,46,,10720,31,,,2
5000,'65041',834,,10747,31,,,2,101,,10748,31,,,2,108,,10746,31,,,2,100,,10745,31,,,2,100,,10744,31,,,2,100,,10743,31,,,2,100,,10742,31,,,2,100,,10741,31,,,2,100,,10740,31,,,2,93,,10739,31,,,2,91,,10738,31,,,2,97,,10737,31,,,2,89,,10736,31,,,2,92,,10735,31,,,2,51,,10733,31,,,2,94,,10732,31,,,2
5000,'65042',834,,10764,31,,,2,101,,10765,31,,,2,108,,10763,31,,,2,100,,10762,31,,,2,100,,10761,31,,,2,100,,10760,31,,,2,100,,10759,31,,,2,100,,10758,31,,,2,100,,10757,31,,,2,93,,10756,31,,,2,91,,10755,31,,,2,97,,10754,31,,,2,89,,10753,31,,,2,92,,10752,31,,,2,51,,10750,31,,,2,94,,10749,31,,,2
44900,'65040',636,,11085,2,,,2,89,,11084,2,,,2,77,,11083,2,,,2,29,,11082,2,,,2
60300,'65040',558,,11296,3,,,0,75,,11297,3,,,0,92,,11298,3,,,0,202,,11299,3,,,0,20,,11300,3,,,0,99,,11301,3,,,0,169,,11302,3,,,0,20,,11303,3,,,0,80,,11304,3,,,0,12,,11305,3,,,0,16,,11306,3,,,0,67,,11307,3,,,0,27,,11308,3,,,0,14,,11309,3,,,0,87,,11310,3,,,0,84,,11311,3,,,0,330,,11295,3,,,0
60300,'65041',700,,11312,3,,,0,15,,11313,3,,,0,132,,11314,3,,,0,391,,11315,3,,,0,76,,11316,3,,,0,122,,11317,3,,,0,109,,11318,3,,,0,68,,11319,3,,,0,38,,11320,3,,,0,59,,11321,3,,,0
60300,'65042',700,,11322,3,,,0,15,,11323,3,,,0,132,,11324,3,,,0,391,,11325,3,,,0,76,,11326,3,,,0,122,,11327,3,,,0,109,,11328,3,,,0,68,,11329,3,,,0,38,,11330,3,,,0,59,,11331,3,,,0
91700,'65040',609,,11523,39,,,0,1705,,11524,39,0,22 23 2 70,0
91700,'65041',703,,11525,39,0,22 23 2 70,0
91700,'65042',703,,11526,39,0,22 23 2 70,0
91801,'65040',2249,,11532,5,,,0
91801,'65041',2148,,11534,5,,,0,157,,11535,5,,,0
91801,'65042',2148,,11537,5,,,0,157,,11538,5,,,0
