1100,'65040',727,,9365,54,4,,0,31,,9345,75,4,,0,56,,9366,54,4,,0,37,,9346,75,4,,0,65,,9347,75,4,,0,32,,9367,54,4,,0,71,,9348,75,4,,0,25,,9368,54,4,,0,74,,9349,75,4,,0,102,,9350,75,4,,0,102,,9351,75,4,,0,99,,9352,75,4,,0,21,,9369,54,4,,0,78,,9353,75,4,,0,29,,9370,54,4,,0,71,,9354,75,4,,0,31,,9355,75,4,,0,71,,9356,75,4,,0,26,,9357,75,4,,0,70,,9358,75,4,,0,29,,9359,75,4,,0,101,,9360,75,4,,0,152,,9361,75,4,,0,59,,9362,75,4,,0,144,,9363,75,4,,0
1100,'65041',753,,9395,54,4,,0,102,,9396,75,4,,0,73,,9397,54,4,,0,28,,9380,75,4,,0,72,,9381,75,4,,0,17,,9388,54,4,,0,70,,9382,75,4,,0,30,,9389,54,4,,0,69,,9383,75,4,,0,32,,9390,54,4,,0,69,,9384,75,4,,0,31,,9391,54,4,,0,69,,9385,75,4,,0,31,,9392,54,4,,0,69,,9386,75,4,,0,31,,9393,54,4,,0,68,,9387,75,4,,0,31,,9394,54,4,,0,69,,9398,75,4,,0,30,,9399,75,4,,0,110,,9401,75,4,,0,99,,9402,75,4,,0,100,,9403,75,4,,0,97,,9404,75,4,,0,100,,9405,75,4,,0,99,,9406,75,4,,0
1100,'65042',753,,9423,54,4,,0,102,,9424,75,4,,0,73,,9425,54,4,,0,28,,9408,75,4,,0,72,,9409,75,4,,0,17,,9416,54,4,,0,70,,9410,75,4,,0,30,,9417,54,4,,0,69,,9411,75,4,,0,32,,9418,54,4,,0,69,,9412,75,4,,0,31,,9419,54,4,,0,69,,9413,75,4,,0,31,,9420,54,4,,0,69,,9414,75,4,,0,31,,9421,54,4,,0,68,,9415,75,4,,0,31,,9422,54,4,,0,69,,9426,75,4,,0,30,,9427,75,4,,0,110,,9429,75,4,,0,99,,9430,75,4,,0,100,,9431,75,4,,0,97,,9432,75,4,,0,100,,9433,75,4,,0,99,,9434,75,4,,0
1101,'65040',613,,9472,1,0,54,0,20,,9436,1,,,0,74,,9437,1,,,0,28,8,9459,1,0,54,0,75,52,9438,1,,,0,18,14,9460,1,0,54,0,31,8,9461,1,0,54,0,67,10,9439,1,,,0,30,8,9462,1,0,54,0,70,7,9440,1,,,0,80,55,9463,1,0,54,0,20,8,9441,1,,,0,99,5,9442,1,,,0,101,4,9443,1,,,0,99,4,9444,1,,,0,29,12,9445,1,,,0,70,,9446,1,,,0,29,,9447,1,,,0,71,4,9448,1,,,0,31,4,9449,1,,,0,56,59,9475,1,0,54,0,15,4,9450,1,,,0,31,9,9451,1,,,0,70,9,9467,1,0,54,0,29,9,9452,1,,,0,100,8,9453,1,,,0,84,8,9471,1,0,54,0,66,6,9454,1,,,0,101,48,9455,1,,,0,106,10,9456,1,,,0,35,15,9474,1,0,54,0
1101,'65041',756,3,9494,1,,,0,153,54,9486,1,0,54,0,30,11,9478,1,,,0,70,53,9487,1,0,54,0,28,9,9479,1,,,0,68,,9488,1,0,54,0,30,20,9480,1,,,0,70,60,9489,1,0,54,0,30,,9481,1,,,0,68,57,9490,1,0,54,0,29,17,9482,1,,,0,70,56,9491,1,0,54,0,29,16,9483,1,,,0,70,55,9492,1,0,54,0,31,,9484,1,,,0,70,56,9493,1,0,54,0,30,18,9485,1,,,0,22,9,9497,1,0,54,0,64,4,9498,1,,,0,29,3,9499,1,0,54,0,57,52,9500,1,,,0,101,51,9501,1,,,0,100,52,9502,1,,,0,100,52,9503,1,,,0,100,55,9504,1,,,0,100,52,9505,1,,,0,100,56,9506,1,0,54,0
1101,'65042',756,3,9524,1,,,0,153,54,9516,1,0,54,0,30,11,9508,1,,,0,70,53,9517,1,0,54,0,28,9,9509,1,,,0,68,,9518,1,0,54,0,30,20,9510,1,,,0,70,60,9519,1,0,54,0,30,,9511,1,,,0,68,57,9520,1,0,54,0,29,17,9512,1,,,0,70,56,9521,1,0,54,0,29,16,9513,1,,,0,70,55,9522,1,0,54,0,31,,9514,1,,,0,70,56,9523,1,0,54,0,30,18,9515,1,,,0,22,9,9527,1,0,54,0,64,4,9528,1,,,0,29,3,9529,1,0,54,0,57,52,9530,1,,,0,101,51,9531,1,,,0,100,52,9532,1,,,0,100,52,9533,1,,,0,100,55,9534,1,,,0,100,52,9535,1,,,0,100,56,9536,1,0,54,0
41100,'65040',657,,11052,2,4,,0,65,,11047,2,4,,0,17,,11048,2,4,,0,17,,11050,2,4,,0,68,,11051,2,4,,0,24,,11049,2,4,,0,1409,,11046,2,4,,0
41100,'65041',754,,11053,2,4,,0,100,,11054,2,4,,0,1399,,11055,2,4,,0
41100,'65042',754,,11056,2,4,,0,100,,11057,2,4,,0,1399,,11058,2,4,,0
41101,'65040',705,48,11062,1,,,0,18,,11063,1,,,0,17,,11061,1,,,0,65,49,11065,1,,,0,20,,11064,1,,,0,1312,6,11059,1,,,0,121,,11060,1,,,0
41101,'65041',755,,11066,1,,,0,100,,11067,1,,,0,1402,7,11068,1,,,0
41101,'65042',755,,11069,1,,,0,100,,11070,1,,,0,1402,7,11071,1,,,0
