700,'65040',612,,8806,12,,,0,19,,8841,12,0,5 6 2 69,0,17,,8807,12,,,0,61,,8808,20,,,0,14,,8842,12,0,5 6 2 69,0,19,,8809,20,,,0,10,,8843,12,0,5 6 2 69,0,58,,8810,12,,,0,16,,8844,12,0,5 6 2 69,0,19,,8811,20,,,0,63,,8812,12,,,0,26,,8813,12,,,0,17,,8845,12,0,5 6 2 69,0,64,,8814,12,,,0,18,,8815,12,,,0,20,,8846,20,0,5 6 2 69,0,60,,8816,20,,,0,20,,8817,20,,,0,13,,8847,12,0,5 6 2 69,0,63,,8818,12,,,0,23,,8819,20,,,0,15,,8848,12,0,5 6 2 69,0,61,,8820,12,,,0,23,,8821,20,,,0,16,,8822,12,,,0,61,,8823,12,,,0,26,,8824,20,,,0,17,,8825,12,,,0,60,,8826,12,,,0,26,,8827,12,,,0,18,,8828,12,,,0,68,,8829,12,,,0,20,,8849,20,0,5 6 2 69,0,57,,8830,20,,,0,26,,8831,12,,,0,33,,8832,20,,,0,70,,8833,12,,,0,28,,8834,12,,,0,71,,8835,12,,,0,75,,8836,12,,,0,25,,8837,12,,,0,31,,8838,12,,,0,82,,8839,20,,,0,69,,8840,12,,,0,104,,8850,20,,,0
700,'65041',607,,8865,12,0,5 6 2 69,0,102,,8866,12,,,0,96,,8877,20,,,0,24,,8876,12,0,5 6 2 69,0,71,,8878,12,,,0,30,,8875,12,0,5 6 2 69,0,29,,8851,12,,,0,70,,8858,12,0,5 6 2 69,0,30,,8852,12,,,0,70,,8859,12,0,5 6 2 69,0,30,,8853,12,,,0,70,,8860,12,0,5 6 2 69,0,30,,8854,12,,,0,70,,8861,12,0,5 6 2 69,0,30,,8855,12,,,0,70,,8862,12,0,5 6 2 69,0,30,,8856,12,,,0,70,,8863,12,0,5 6 2 69,0,30,,8857,12,0,5 6 2 69,0,70,,8864,12,0,5 6 2 69,0,30,,8867,12,0,5 6 2 69,0,70,,8868,12,0,5 6 2 69,0,82,,8872,20,,,0,96,,8874,12,,,0,101,,8873,20,,,0,100,,8869,20,,,0,100,,8870,20,,,0,100,,8871,20,,,0
700,'65042',607,,8893,12,0,5 6 2 69,0,102,,8894,12,,,0,96,,8905,20,,,0,24,,8904,12,0,5 6 2 69,0,71,,8906,12,,,0,30,,8903,12,0,5 6 2 69,0,29,,8879,12,,,0,70,,8886,12,0,5 6 2 69,0,30,,8880,12,,,0,70,,8887,12,0,5 6 2 69,0,30,,8881,12,,,0,70,,8888,12,0,5 6 2 69,0,30,,8882,12,,,0,70,,8889,12,0,5 6 2 69,0,30,,8883,12,,,0,70,,8890,12,0,5 6 2 69,0,30,,8884,12,,,0,70,,8891,12,0,5 6 2 69,0,30,,8885,12,0,5 6 2 69,0,70,,8892,12,0,5 6 2 69,0,30,,8895,12,0,5 6 2 69,0,70,,8896,12,0,5 6 2 69,0,82,,8900,20,,,0,96,,8902,12,,,0,101,,8901,20,,,0,100,,8897,20,,,0,100,,8898,20,,,0,100,,8899,20,,,0
1100,'65040',603,,9378,11,0,22 23 2 67,0,42,,9365,11,,,0,68,,9345,32,,,0,16,,9366,11,,,0,17,,9371,11,0,22 23 2 67,0,55,,9346,32,,,0,25,,9347,32,,,0,76,,9367,11,,,0,30,,9348,32,,,0,27,,9368,11,,,0,74,,9349,32,,,0,69,,9372,11,0,22 23 2 67,0,30,,9350,32,,,0,25,,9373,11,0,22 23 2 67,0,75,,9351,32,,,0,25,,9374,11,0,22 23 2 67,0,75,,9352,32,,,0,24,,9369,11,,,0,76,,9353,32,,,0,70,,9370,11,,,0,29,,9354,32,,,0,27,,9355,32,,,0,72,,9356,32,,,0,70,,9357,32,,,0,30,,9358,32,,,0,72,,9359,32,,,0,31,,9376,32,0,22 23 2 67,0,71,,9360,32,,,0,34,,9377,32,0,22 23 2 67,0,79,,9361,32,,,0,27,,9375,11,0,22 23 2 67,0,73,,9362,32,,,0,104,,9363,32,,,0,101,,9364,32,0,57,0,90,,9379,32,0,22 23 2 67,0
1100,'65041',709,,9395,11,,,0,100,,9396,32,,,0,32,,9397,11,,,0,70,,9380,32,,,0,30,,9381,32,,,0,16,,9388,11,,,0,71,,9382,32,,,0,29,,9389,11,,,0,71,,9383,32,,,0,29,,9390,11,,,0,72,,9384,32,,,0,28,,9391,11,,,0,72,,9385,32,,,0,28,,9392,11,,,0,72,,9386,32,,,0,28,,9393,11,,,0,72,,9387,32,,,0,28,,9394,11,,,0,72,,9398,32,,,0,30,,9399,32,,,0,90,,9400,11,0,22 23 2 67,0,63,,9401,32,,,0,99,,9402,32,,,0,100,,9403,32,,,0,99,,9404,32,,,0,100,,9405,32,,,0,99,,9406,32,,,0,100,,9407,32,0,22 23 2 67,0
1100,'65042',709,,9423,11,,,0,100,,9424,32,,,0,32,,9425,11,,,0,70,,9408,32,,,0,30,,9409,32,,,0,16,,9416,11,,,0,71,,9410,32,,,0,29,,9417,11,,,0,71,,9411,32,,,0,29,,9418,11,,,0,72,,9412,32,,,0,28,,9419,11,,,0,72,,9413,32,,,0,28,,9420,11,,,0,72,,9414,32,,,0,28,,9421,11,,,0,72,,9415,32,,,0,28,,9422,11,,,0,72,,9426,32,,,0,30,,9427,32,,,0,90,,9428,11,0,22 23 2 67,0,63,,9429,32,,,0,99,,9430,32,,,0,100,,9431,32,,,0,99,,9432,32,,,0,100,,9433,32,,,0,99,,9434,32,,,0,100,,9435,32,0,22 23 2 67,0
5501,'65040',758,,10979,71,,,2,156,,10972,71,,,2,116,,10980,71,,,2,115,,10973,71,,,2,156,,10981,71,,,2,118,,10974,71,,,2,113,,10977,71,,,2,125,,10975,71,,,2,153,,10978,71,,,2
5501,'65041',853,,10989,71,,,2,150,,10988,71,,,2,110,,10987,71,,,2,111,,10986,71,,,2,110,,10985,71,,,2,110,,10984,71,,,2,109,,10982,71,,,2
5501,'65042',853,,10997,71,,,2,150,,10996,71,,,2,110,,10995,71,,,2,111,,10994,71,,,2,110,,10993,71,,,2,110,,10992,71,,,2,109,,10990,71,,,2
90700,'65040',624,,11508,12,,,0
