101,'65040',713,,7964,46,,,0,20,,7965,46,,,0,22,,7966,46,,,0,190,,7967,46,,,0,101,,7968,46,,,0,101,,7969,46,,,0,99,,7970,46,,,0,101,,7971,46,,,0,101,,7972,46,,,0,176,,7973,46,,,0,177,,7976,46,,,0,220,,7975,46,,,0,104,,7974,46,,,0,121,,7987,23,,,0,100,,7988,23,,,0
301,'65040',604,,8244,44,,,0,29,,8245,44,,,0,16,,8246,44,,,0,65,,8247,44,,,0,17,,8251,44,,,0,15,,8248,44,,,0,55,,8249,44,,,0,15,,8250,44,,,0,17,,8252,44,,,0,13,,8260,44,,,0,61,,8253,44,,,0,21,,8254,44,,,0,19,,8255,44,,,0,62,,8256,44,,,0,19,,8257,44,,,0,22,,8258,44,,,0,61,,8259,44,,,0,19,,8261,44,,,0,20,,8262,44,,,0,61,,8263,44,,,0,21,,8264,44,,,0,20,,8265,44,,,0,61,,8266,44,,,0,20,,8267,44,,,0,19,,8268,44,,,0,60,,8269,44,,,0,19,,8270,44,,,0,21,,8271,44,,,0,59,,8272,44,,,0,13,,8294,44,,,0,16,,8273,44,,,0,17,,8274,44,,,0,52,,8275,44,,,0,16,,8276,44,,,0,14,,8277,44,,,0,14,,8278,44,,,0,55,,8279,44,,,0,14,,8293,44,,,0,15,,8280,44,,,0,16,,8281,44,,,0,58,,8282,44,,,0,16,,8283,44,,,0,29,,8284,44,,,0,55,,8285,44,,,0,30,,8286,44,,,0,70,,8287,44,,,0,29,,8288,44,,,0,72,,8289,44,,,0,25,,8290,44,,,0,70,,8295,44,,,0,25,,8291,44,,,0,100,,8292,44,,,0
301,'65041',638,,8313,44,,,0,70,,8314,44,,,0,32,,8315,44,,,0,69,,8316,44,,,0,29,,8317,44,,,0,65,,8312,44,,,0,31,,8296,44,,,0,70,,8297,44,,,0,30,,8298,44,,,0,70,,8299,44,,,0,31,,8300,44,,,0,70,,8301,44,,,0,30,,8302,44,,,0,70,,8303,44,,,0,30,,8304,44,,,0,70,,8305,44,,,0,30,,8306,44,,,0,71,,8307,44,,,0,29,,8308,44,,,0,72,,8309,44,,,0,30,,8310,44,,,0,69,,8311,44,,,0,30,,8318,44,,,0,70,,8319,44,,,0,31,,8320,44,,,0,72,,8326,44,,,0,30,,8321,44,,,0,70,,8327,44,,,0,30,,8322,44,,,0,100,,8323,44,,,0,99,,8324,44,,,0,100,,8325,44,,,0
301,'65042',638,,8345,44,,,0,70,,8346,44,,,0,32,,8347,44,,,0,69,,8348,44,,,0,29,,8349,44,,,0,65,,8344,44,,,0,31,,8328,44,,,0,70,,8329,44,,,0,30,,8330,44,,,0,70,,8331,44,,,0,31,,8332,44,,,0,70,,8333,44,,,0,30,,8334,44,,,0,70,,8335,44,,,0,30,,8336,44,,,0,70,,8337,44,,,0,30,,8338,44,,,0,71,,8339,44,,,0,29,,8340,44,,,0,72,,8341,44,,,0,30,,8342,44,,,0,69,,8343,44,,,0,30,,8350,44,,,0,70,,8351,44,,,0,31,,8352,44,,,0,72,,8358,44,,,0,30,,8353,44,,,0,70,,8359,44,,,0,30,,8354,44,,,0,100,,8355,44,,,0,99,,8356,44,,,0,100,,8357,44,,,0
5501,'65040',814,,10979,95,,,2,113,,10972,95,,,2,116,,10980,95,,,2,116,,10973,95,,,2,156,,10981,95,,,2,118,,10974,95,,,2,113,,10977,95,,,2,167,,10975,95,,,2,110,,10978,95,,,2
5501,'65041',907,,10989,95,,,2,110,,10988,95,,,2,110,,10987,95,,,2,111,,10986,95,,,2,110,,10985,95,,,2,110,,10984,95,,,2,149,,10982,95,,,2
5501,'65042',907,,10997,95,,,2,110,,10996,95,,,2,110,,10995,95,,,2,111,,10994,95,,,2,110,,10993,95,,,2,110,,10992,95,,,2,149,,10990,95,,,2
5701,'65040',948,,11020,88,,,2,163,,11022,88,,,2,105,,11018,88,,,2,121,,11021,88,,,2,105,,11019,88,,,2,160,,11023,88,,,2,105,,11017,88,,,2
5701,'65041',1205,,11029,88,,,2,102,,11028,88,,,2,113,,11027,88,,,2,102,,11026,88,,,2,111,,11025,88,,,2
5701,'65042',1205,,11035,88,,,2,102,,11034,88,,,2,113,,11033,88,,,2,102,,11032,88,,,2,111,,11031,88,,,2
90700,'65040',637,,11508,34,,,0
91301,'65040',2459,,11520,23,,,0
91301,'65041',2459,,11521,23,,,0
91301,'65042',2459,,11522,23,,,0
