200,'65040',628,,8011,30,,,0,72,,8012,30,,,0,24,,8013,30,,,0,30,,8014,30,,,0,75,,8015,30,,,0,74,,8016,30,,,0,33,,8017,30,,,0,114,,8018,30,,,0,100,,8019,30,,,0,102,,8020,30,,,0,100,,8021,30,,,0,104,,8022,30,,,0,102,,8023,30,,,0,70,,8024,30,,,0,72,,8025,30,,,0,30,,8026,30,,,0,29,,8027,30,,,0,68,,8028,30,,,0,28,,8029,30,,,0,67,,8030,30,,,0,98,,8031,30,,,0,100,,8032,30,,,0,108,,8033,30,,,0,99,,8034,30,,,0,102,,8035,30,,,0
200,'65041',723,,8045,30,,,0,96,,8046,30,,,0,95,,8036,30,,,0,89,,8037,30,,,0,97,,8038,30,,,0,100,,8039,30,,,0,101,,8040,30,,,0,99,,8041,30,,,0,100,,8042,30,,,0,102,,8043,30,,,0,99,,8044,30,,,0,99,,8047,30,,,0,46,,8048,30,,,0,83,,8049,30,,,0,98,,8051,30,,,0,99,,8052,30,,,0,99,,8050,30,,,0,98,,8053,30,,,0
200,'65042',723,,8063,30,,,0,96,,8064,30,,,0,95,,8054,30,,,0,89,,8055,30,,,0,97,,8056,30,,,0,100,,8057,30,,,0,101,,8058,30,,,0,99,,8059,30,,,0,100,,8060,30,,,0,102,,8061,30,,,0,99,,8062,30,,,0,99,,8065,30,,,0,46,,8066,30,,,0,83,,8067,30,,,0,98,,8069,30,,,0,99,,8070,30,,,0,99,,8068,30,,,0,98,,8071,30,,,0
400,'65040',645,,8361,20,,,0,65,,8386,20,0,5 6 2 66,0,29,,8388,20,0,5 6 2 66,0,77,,8364,20,,,0,34,,8365,20,,,0,91,,8366,20,,,0,59,,8390,20,0,5 6 2 66,0,41,,8367,20,,,0,59,,8391,20,0,5 6 2 66,0,41,,8368,20,,,0,81,,8392,20,0,5 6 2 66,0,18,,8369,20,,,0,80,,8370,20,,,0,22,,8393,20,0,5 6 2 66,0,84,,8371,20,,,0,24,,8372,20,,,0,70,,8373,20,,,0,16,,8394,20,0,5 6 2 66,0,14,,8374,20,,,0,58,,8395,20,0,5 6 2 66,0,12,,8375,20,,,0,11,,8397,20,0,5 6 2 66,0,8,,8376,20,,,0,71,,8377,20,,,0,19,,8398,20,0,5 6 2 66,0,16,,8378,20,,,0,62,,8399,20,0,5 6 2 66,0,19,,8379,20,,,0,23,,8396,20,0,5 6 2 66,0,62,,8380,20,,,0,29,,8381,20,,,0,71,,8382,20,,,0,33,,8383,20,,,0,91,,8384,20,,,0,22,,8387,20,0,5 6 2 66,0,69,,8385,20,0,5 6 2 66,0,100,,8389,20,0,5 6 2 66,0
400,'65041',723,,8416,20,0,5 6 2 66,0,28,,8426,20,0,5 6 2 66,0,73,,8427,20,,,0,85,,8408,20,,,0,29,,8400,20,0,5 6 2 66,0,72,,8409,20,,,0,28,,8401,20,0,5 6 2 66,0,72,,8410,20,,,0,29,,8402,20,0,5 6 2 66,0,71,,8411,20,,,0,29,,8403,20,0,5 6 2 66,0,71,,8412,20,,,0,29,,8404,20,0,5 6 2 66,0,71,,8413,20,,,0,29,,8405,20,0,5 6 2 66,0,71,,8414,20,,,0,30,,8406,20,0,5 6 2 66,0,70,,8415,20,,,0,30,,8407,20,0,5 6 2 66,0,70,,8425,20,,,0,21,,8417,20,,,0,22,,8418,20,,,0,82,,8419,20,,,0,89,,8420,20,0,5 6 2 66,0,98,,8421,20,0,5 6 2 66,0,99,,8422,20,0,5 6 2 66,0,100,,8423,20,0,5 6 2 66,0,98,,8424,20,0,5 6 2 66,0
400,'65042',723,,8444,20,0,5 6 2 66,0,28,,8454,20,0,5 6 2 66,0,73,,8455,20,,,0,85,,8436,20,,,0,29,,8428,20,0,5 6 2 66,0,72,,8437,20,,,0,28,,8429,20,0,5 6 2 66,0,72,,8438,20,,,0,29,,8430,20,0,5 6 2 66,0,71,,8439,20,,,0,29,,8431,20,0,5 6 2 66,0,71,,8440,20,,,0,29,,8432,20,0,5 6 2 66,0,71,,8441,20,,,0,29,,8433,20,0,5 6 2 66,0,71,,8442,20,,,0,30,,8434,20,0,5 6 2 66,0,70,,8443,20,,,0,30,,8435,20,0,5 6 2 66,0,70,,8453,20,,,0,21,,8445,20,,,0,22,,8446,20,,,0,82,,8447,20,,,0,89,,8448,20,0,5 6 2 66,0,98,,8449,20,0,5 6 2 66,0,99,,8450,20,0,5 6 2 66,0,100,,8451,20,0,5 6 2 66,0,98,,8452,20,0,5 6 2 66,0
900,'65040',728,,9236,24,,,0,111,,9237,24,,,0,102,,9238,24,,,0,100,,9239,24,,,0,100,,9240,24,,,0,71,,9241,24,,,0,101,,9242,24,,,0,100,,9243,24,,,0,30,,9244,24,,,0,68,,9245,24,,,0,133,,9246,24,,,0,98,,9247,24,,,0,99,,9248,24,,,0,85,,9249,24,,,0
900,'65041',1039,,9260,24,,,0,101,,9261,24,,,0,100,,9262,24,,,0,100,,9263,24,,,0,99,,9264,24,,,0,100,,9265,24,,,0,100,,9266,24,,,0
900,'65042',1039,,9275,24,,,0,101,,9276,24,,,0,100,,9277,24,,,0,100,,9278,24,,,0,99,,9279,24,,,0,100,,9280,24,,,0,100,,9281,24,,,0
1700,'65040',721,,10074,59,,,0,36,,10075,59,,,0,73,,10076,59,,,0,90,,10077,59,,,0,100,,10078,59,,,0,100,,10079,59,,,0,82,,10080,59,,,0,101,,10081,59,,,0,101,,10082,59,,,0,101,,10083,59,,,0,149,,10085,59,,,0,450,,10090,59,,,0
2001,'65040',652,,10313,5,,,2,65,,10314,5,,,2,31,,10315,5,,,2,69,,10316,5,,,2,35,,10317,5,,,2,371,,10318,5,,,2,30,,10319,5,,,2,304,,10324,5,,,2,70,,10325,5,,,2,30,,10322,5,,,2,67,,10321,5,,,2,29,,10320,5,,,2,71,,10323,5,,,2
5101,'65040',658,,10881,24,,,0,65,,10882,24,,,0,81,,10883,24,,,0,16,,10884,24,,,0,109,,10886,24,,,0,98,,10888,24,,,0,104,,10890,24,,,0,97,,10892,24,,,0,99,,10894,24,,,0,102,,10896,24,,,0,107,,10897,24,,,0,65,,10895,24,,,0,32,,10893,24,,,0,26,,10891,24,,,0,65,,10889,24,,,0,24,,10887,24,,,0,69,,10885,24,,,0,97,,10880,24,,,0,45,,10879,24,,,0,86,,10878,24,,,0,97,,10877,24,,,0,80,,10876,24,,,0
5101,'65041',820,,10912,24,,,2,92,,10910,24,,,2,97,,10909,24,,,2,99,,10911,24,,,2,100,,10908,24,,,2,100,,10907,24,,,2,100,,10906,24,,,2,100,,10905,24,,,2,100,,10904,24,,,2,100,,10903,24,,,2,111,,10898,24,,,2,99,,10899,24,,,2,100,,10900,24,,,2,100,,10901,24,,,2,100,,10902,24,,,2
5101,'65042',820,,10927,24,,,2,92,,10925,24,,,2,97,,10924,24,,,2,99,,10926,24,,,2,100,,10923,24,,,2,100,,10922,24,,,2,100,,10921,24,,,2,100,,10920,24,,,2,100,,10919,24,,,2,100,,10918,24,,,2,111,,10913,24,,,2,99,,10914,24,,,2,100,,10915,24,,,2,100,,10916,24,,,2,100,,10917,24,,,2
5500,'65040',756,,10946,76,,,2,161,,10952,76,,,2,111,,10948,76,,,2,115,,10955,76,,,2,159,,10949,76,,,2,114,,10953,76,,,2,122,,10950,76,,,2,116,,10954,76,,,2,157,,10947,76,,,2,110,,10951,76,0,5 6 2 66,2
5500,'65041',853,,10961,76,,,2,151,,10963,76,,,2,111,,10962,76,,,2,110,,10960,76,,,2,113,,10959,76,,,2,110,,10958,76,,,2,153,,10957,76,,,2,105,,10956,76,0,5 6 2 66,2
5500,'65042',853,,10969,76,,,2,151,,10971,76,,,2,111,,10970,76,,,2,110,,10968,76,,,2,113,,10967,76,,,2,110,,10966,76,,,2,153,,10965,76,,,2,105,,10964,76,0,5 6 2 66,2
91700,'65040',622,,11523,59,,,0
