800,'65040',619,,9013,10,,,1,27,,9014,10,,,1,55,,9065,10,,,1,16,,9015,10,,,1,15,,9016,10,,,1,15,,9017,10,,,1,54,,9018,10,,,1,15,,9019,10,,,1,10,,9020,10,,,1,17,,9021,10,,,1,60,,9022,10,,,1,22,,9023,10,,,1,20,,9024,10,,,1,58,,9025,10,,,1,20,,9026,10,,,1,21,,9027,10,,,1,60,,9028,10,,,1,19,,9029,10,,,1,20,,9030,10,,,1,60,,9031,10,,,1,19,,9032,10,,,1,20,,9033,10,,,1,61,,9034,10,,,1,20,,9035,10,,,1,19,,9036,10,,,1,62,,9037,10,,,1,11,,9038,10,,,1,13,,9039,10,,,1,22,,9040,10,,,1,54,,9041,10,,,1,10,,9042,10,,,1,15,,9043,10,,,1,15,,9044,10,,,1,10,,9045,10,,,1,55,,9046,10,,,1,10,,9047,10,,,1,9,,9048,10,,,1,16,,9049,10,,,1,13,,9050,10,,,1,57,,9051,10,,,1,14,,9052,10,,,1,20,,9053,10,,,1,61,,9054,10,,,1,21,,9055,10,,,1,18,,9056,10,,,1,70,,9057,10,,,1,30,,9058,10,,,1,71,,9059,10,,,1,31,,9060,10,,,1,81,,9061,10,,,1,21,,9062,10,,,1,67,,9063,10,,,1,101,,9064,10,,,1
800,'65041',617,,9082,10,,,1,99,,9083,10,,,1,29,,9084,10,,,1,68,,9085,10,,,1,24,,9086,10,,,1,68,,9066,10,,,1,31,,9067,10,,,1,69,,9068,10,,,1,30,,9069,10,,,1,70,,9070,10,,,1,30,,9071,10,,,1,69,,9072,10,,,1,29,,9073,10,,,1,71,,9074,10,,,1,30,,9075,10,,,1,70,,9076,10,,,1,30,,9077,10,,,1,70,,9078,10,,,1,30,,9079,10,,,1,70,,9080,10,,,1,30,,9081,10,,,1,70,,9087,10,,,1,32,,9088,10,,,1,71,,9094,10,,,1,33,,9089,10,,,1,77,,9095,10,,,1,101,,9090,10,,,1,101,,9091,10,,,1,101,,9092,10,,,1,100,,9093,10,,,1
800,'65042',617,,9112,10,,,1,99,,9113,10,,,1,29,,9114,10,,,1,68,,9115,10,,,1,24,,9116,10,,,1,68,,9096,10,,,1,31,,9097,10,,,1,69,,9098,10,,,1,30,,9099,10,,,1,70,,9100,10,,,1,30,,9101,10,,,1,69,,9102,10,,,1,29,,9103,10,,,1,71,,9104,10,,,1,30,,9105,10,,,1,70,,9106,10,,,1,30,,9107,10,,,1,70,,9108,10,,,1,30,,9109,10,,,1,70,,9110,10,,,1,30,,9111,10,,,1,70,,9117,10,,,1,32,,9118,10,,,1,71,,9124,10,,,1,33,,9119,10,,,1,77,,9125,10,,,1,101,,9120,10,,,1,101,,9121,10,,,1,101,,9122,10,,,1,100,,9123,10,,,1
1101,'65040',549,,9457,10,,,0,70,,9458,10,,,0,30,,9472,43,0,54,0,60,,9436,43,,,0,34,,9437,43,,,0,70,,9459,43,0,54,0,36,,9438,43,,,0,58,,9460,43,0,54,0,31,,9461,43,0,54,0,67,,9439,43,,,0,30,,9462,43,0,54,0,70,,9440,43,,,0,40,,9463,43,0,54,0,61,,9441,43,,,0,39,,9473,21,0,54,0,60,,9442,43,,,0,39,,9464,21,0,54,0,63,,9443,43,,,0,30,,9465,21,0,54,0,69,,9444,43,,,0,30,,9445,43,,,0,71,,9446,43,,,0,14,,9466,21,0,54,0,16,,9447,43,,,0,71,,9448,43,,,0,31,,9449,43,,,0,15,,9475,43,0,54,0,54,,9450,43,,,0,29,,9451,43,,,0,70,,9467,43,0,54,0,29,,9452,43,,,0,70,,9476,21,0,54,0,30,,9453,43,,,0,70,,9468,21,0,54,0,15,,9471,43,0,54,0,26,,9454,43,,,0,10,,9469,21,0,54,0,53,,9470,21,0,54,0,33,,9455,43,,,0,104,,9456,43,,,0,75,,9474,43,0,54,0
1101,'65041',643,,9495,10,,,0,87,,9496,10,,,0,102,,9494,43,,,0,69,,9477,21,,,0,45,,9486,43,0,54,0,70,,9478,43,,,0,30,,9487,43,0,54,0,70,,9479,43,,,0,29,,9488,43,0,54,0,70,,9480,43,,,0,30,,9489,43,0,54,0,70,,9481,43,,,0,30,,9490,43,0,54,0,70,,9482,43,,,0,30,,9491,43,0,54,0,70,,9483,43,,,0,30,,9492,43,0,54,0,70,,9484,43,,,0,30,,9493,43,0,54,0,70,,9485,43,,,0,22,,9497,43,0,54,0,64,,9498,43,,,0,27,,9499,43,0,54,0,16,,9500,43,,,0,100,,9501,43,,,0,100,,9502,43,,,0,99,,9503,43,,,0,98,,9504,43,,,0,99,,9505,43,,,0,100,,9506,43,0,54,0
1101,'65042',643,,9525,10,,,0,87,,9526,10,,,0,102,,9524,43,,,0,69,,9507,21,,,0,45,,9516,43,0,54,0,70,,9508,43,,,0,30,,9517,43,0,54,0,70,,9509,43,,,0,29,,9518,43,0,54,0,70,,9510,43,,,0,30,,9519,43,0,54,0,70,,9511,43,,,0,30,,9520,43,0,54,0,70,,9512,43,,,0,30,,9521,43,0,54,0,70,,9513,43,,,0,30,,9522,43,0,54,0,70,,9514,43,,,0,30,,9523,43,0,54,0,70,,9515,43,,,0,22,,9527,43,0,54,0,64,,9528,43,,,0,27,,9529,43,0,54,0,16,,9530,43,,,0,100,,9531,43,,,0,100,,9532,43,,,0,99,,9533,43,,,0,98,,9534,43,,,0,99,,9535,43,,,0,100,,9536,43,0,54,0
1400,'65040',634,,9702,10,,,0,74,,9703,10,,,0,16,,9704,10,,,0,29,,9705,10,,,0,67,,9706,10,,,0,32,,9707,10,,,0,62,,9708,10,,,0,39,,9709,10,,,0,62,,9710,10,,,0,19,,9711,10,,,0,80,,9712,10,,,0,20,,9713,10,,,0,20,,9714,10,,,0,61,,9715,10,,,0,32,,9716,10,,,0,62,,9717,10,,,0,26,,9718,10,,,0,20,,9719,10,,,0,81,,9739,10,,,0,68,,9720,10,,,0,32,,9721,10,,,0,66,,9722,10,,,0,12,,9723,10,,,0,37,,9724,10,,,0,70,,9725,10,,,0,20,,9726,10,,,0,75,,9727,10,,,0,24,,9728,10,,,0,66,,9729,10,,,0,27,,9730,10,,,0,70,,9731,10,,,0,30,,9732,10,,,0,67,,9733,10,,,0,23,,9734,10,,,0,82,,9735,10,,,0,97,,9736,10,,,0,29,,9737,10,,,0,92,,9738,10,,,0
1400,'65041',702,,9748,10,,,0,101,,9749,10,,,0,50,,9740,10,,,0,99,,9741,10,,,0,100,,9742,10,,,0,100,,9743,10,,,0,103,,9744,10,,,0,99,,9757,10,,,0,100,,9745,10,,,0,100,,9746,10,,,0,101,,9747,10,,,0,102,,9750,10,,,0,148,,9751,10,,,0,102,,9752,10,,,0,101,,9753,10,,,0,98,,9754,10,,,0,100,,9755,10,,,0,118,,9756,10,,,0
1400,'65042',702,,9766,10,,,0,101,,9767,10,,,0,50,,9758,10,,,0,99,,9759,10,,,0,100,,9760,10,,,0,100,,9761,10,,,0,103,,9762,10,,,0,99,,9775,10,,,0,100,,9763,10,,,0,100,,9764,10,,,0,101,,9765,10,,,0,102,,9768,10,,,0,148,,9769,10,,,0,102,,9770,10,,,0,101,,9771,10,,,0,98,,9772,10,,,0,100,,9773,10,,,0,118,,9774,10,,,0
5500,'65040',730,,10946,37,,,2,124,,10952,37,,,2,152,,10948,37,,,2,115,,10955,37,,,2,118,,10949,37,,,2,114,,10953,37,,,2,158,,10950,37,,,2,116,,10954,37,,,2,123,,10947,37,,,2,150,,10951,37,0,5 6 2 66,2
5500,'65041',833,,10961,37,,,2,111,,10963,37,,,2,110,,10962,37,,,2,150,,10960,37,,,2,113,,10959,37,,,2,110,,10958,37,,,2,110,,10957,37,,,2,107,,10956,37,0,5 6 2 66,2
5500,'65042',833,,10969,37,,,2,111,,10971,37,,,2,110,,10970,37,,,2,150,,10968,37,,,2,113,,10967,37,,,2,110,,10966,37,,,2,110,,10965,37,,,2,107,,10964,37,0,5 6 2 66,2
91900,'65040',605,,11539,24,,,0
