801,'65040',639,,9126,46,,,1,71,,9127,46,,,1,16,,9128,41,,,1,15,,9129,46,,,1,15,,9130,46,,,1,55,,9175,41,,,1,17,,9131,41,,,1,13,,9132,46,,,1,61,,9133,41,,,1,19,,9134,41,,,1,20,,9135,41,,,1,61,,9136,41,,,1,19,,9137,41,,,1,23,,9138,41,,,1,61,,9139,41,,,1,19,,9140,41,,,1,20,,9141,41,,,1,61,,9142,41,,,1,20,,9143,41,,,1,20,,9144,41,,,1,61,,9145,41,,,1,20,,9146,41,,,1,20,,9147,41,,,1,60,,9148,41,,,1,20,,9149,41,,,1,20,,9150,41,,,1,60,,9151,41,,,1,13,,9152,41,,,1,17,,9153,41,,,1,17,,9154,41,,,1,52,,9155,41,,,1,17,,9156,41,,,1,14,,9157,46,,,1,14,,9158,41,,,1,56,,9159,41,,,1,12,,9160,41,,,1,15,,9161,41,,,1,15,,9162,41,,,1,55,,9163,41,,,1,19,,9164,41,,,1,21,,9165,41,,,1,62,,9166,41,,,1,26,,9167,41,,,1,71,,9168,41,,,1,30,,9169,41,,,1,70,,9170,41,,,1,30,,9171,41,,,1,69,,9172,41,,,1,37,,9173,41,,,1,99,,9174,41,,,1
801,'65041',739,,9193,41,,,1,67,,9204,46,,,1,29,,9194,41,,,1,20,,9195,41,,,1,70,,9176,41,,,1,30,,9177,41,,,1,71,,9178,41,,,1,30,,9179,41,,,1,71,,9180,41,,,1,30,,9181,41,,,1,70,,9182,41,,,1,30,,9183,41,,,1,70,,9184,41,,,1,30,,9185,41,,,1,70,,9186,41,,,1,30,,9187,41,,,1,70,,9188,41,,,1,30,,9189,41,,,1,69,,9190,41,,,1,30,,9191,41,,,1,70,,9192,41,,,1,29,,9196,41,,,1,72,,9197,41,,,1,80,,9198,41,,,1,32,,9199,41,,,1,69,,9200,41,,,1,30,,9205,41,,,1,100,,9201,41,,,1,98,,9202,41,,,1,100,,9203,41,,,1
801,'65042',739,,9223,41,,,1,67,,9234,46,,,1,29,,9224,41,,,1,20,,9225,41,,,1,70,,9206,41,,,1,30,,9207,41,,,1,71,,9208,41,,,1,30,,9209,41,,,1,71,,9210,41,,,1,30,,9211,41,,,1,70,,9212,41,,,1,30,,9213,41,,,1,70,,9214,41,,,1,30,,9215,41,,,1,70,,9216,41,,,1,30,,9217,41,,,1,70,,9218,41,,,1,30,,9219,41,,,1,69,,9220,41,,,1,30,,9221,41,,,1,70,,9222,41,,,1,29,,9226,41,,,1,72,,9227,41,,,1,80,,9228,41,,,1,32,,9229,41,,,1,69,,9230,41,,,1,30,,9235,41,,,1,100,,9231,41,,,1,98,,9232,41,,,1,100,,9233,41,,,1
901,'65040',726,,9289,49,,,0,27,,9290,49,,,0,70,,9291,49,,,0,115,,9292,49,,,0,100,,9293,49,,,0,100,,9294,49,,,0,102,,9295,49,,,0,71,,9296,49,,,0,101,,9297,49,,,0,100,,9298,49,,,0,30,,9299,49,,,0,68,,9300,49,,,0,133,,9301,49,,,0
901,'65041',1034,,9313,49,,,0,101,,9314,49,,,0,101,,9320,49,,,0,100,,9319,49,,,0,100,,9318,49,,,0,100,,9317,49,,,0,101,,9316,49,,,0,101,,9315,49,,,0
901,'65042',1034,,9329,49,,,0,101,,9330,49,,,0,101,,9336,49,,,0,100,,9335,49,,,0,100,,9334,49,,,0,100,,9333,49,,,0,101,,9332,49,,,0,101,,9331,49,,,0
1100,'65040',606,,9378,18,0,22 23 2 67,0,42,,9365,18,,,0,71,,9345,39,,,0,13,,9366,18,,,0,18,,9371,18,0,22 23 2 67,0,58,,9346,39,,,0,25,,9347,39,,,0,73,,9367,18,,,0,32,,9348,39,,,0,64,,9368,18,,,0,37,,9349,39,,,0,66,,9372,18,0,22 23 2 67,0,33,,9350,39,,,0,62,,9373,18,0,22 23 2 67,0,39,,9351,39,,,0,62,,9374,18,0,22 23 2 67,0,38,,9352,39,,,0,61,,9369,18,,,0,38,,9353,39,,,0,68,,9370,18,,,0,31,,9354,39,,,0,68,,9355,39,,,0,32,,9356,39,,,0,69,,9357,39,,,0,30,,9358,39,,,0,72,,9359,39,,,0,31,,9376,39,0,22 23 2 67,0,71,,9360,39,,,0,34,,9377,39,0,22 23 2 67,0,79,,9361,39,,,0,25,,9375,18,0,22 23 2 67,0,75,,9362,39,,,0,104,,9363,39,,,0,100,,9364,39,0,57,0,90,,9379,39,0,22 23 2 67,0
1100,'65041',713,,9395,18,,,0,100,,9396,39,,,0,32,,9397,18,,,0,70,,9380,39,,,0,30,,9381,39,,,0,56,,9388,18,,,0,31,,9382,39,,,0,69,,9389,18,,,0,31,,9383,39,,,0,69,,9390,18,,,0,32,,9384,39,,,0,68,,9391,18,,,0,32,,9385,39,,,0,68,,9392,18,,,0,32,,9386,39,,,0,68,,9393,18,,,0,32,,9387,39,,,0,68,,9394,18,,,0,32,,9398,39,,,0,70,,9399,39,,,0,50,,9400,18,0,22 23 2 67,0,63,,9401,39,,,0,99,,9402,39,,,0,100,,9403,39,,,0,99,,9404,39,,,0,100,,9405,39,,,0,99,,9406,39,,,0,100,,9407,39,0,22 23 2 67,0
1100,'65042',713,,9423,18,,,0,100,,9424,39,,,0,32,,9425,18,,,0,70,,9408,39,,,0,30,,9409,39,,,0,56,,9416,18,,,0,31,,9410,39,,,0,69,,9417,18,,,0,31,,9411,39,,,0,69,,9418,18,,,0,32,,9412,39,,,0,68,,9419,18,,,0,32,,9413,39,,,0,68,,9420,18,,,0,32,,9414,39,,,0,68,,9421,18,,,0,32,,9415,39,,,0,68,,9422,18,,,0,32,,9426,39,,,0,70,,9427,39,,,0,50,,9428,18,0,22 23 2 67,0,63,,9429,39,,,0,99,,9430,39,,,0,100,,9431,39,,,0,99,,9432,39,,,0,100,,9433,39,,,0,99,,9434,39,,,0,100,,9435,39,0,22 23 2 67,0
1401,'65040',555,,9776,32,,,0,99,,9777,32,,,0,91,,9778,32,,,0,11,,9812,32,,,0,56,,9779,32,,,0,29,,9780,32,,,0,64,,9781,32,,,0,17,,9782,32,,,0,17,,9783,32,,,0,75,,9784,32,,,0,25,,9785,32,,,0,79,,9786,32,,,0,21,,9787,32,,,0,76,,9788,32,,,0,23,,9789,32,,,0,76,,9790,32,,,0,25,,9791,32,,,0,77,,9792,32,,,0,17,,9793,32,,,0,20,,9813,32,,,0,60,,9794,32,,,0,25,,9795,32,,,0,66,,9796,32,,,0,27,,9797,32,,,0,70,,9798,32,,,0,30,,9799,32,,,0,14,,9800,32,,,0,61,,9801,32,,,0,32,,9802,32,,,0,62,,9803,32,,,0,44,,9804,32,,,0,81,,9805,32,,,0,23,,9806,32,,,0,77,,9807,32,,,0,33,,9808,32,,,0,97,,9809,32,,,0,98,,9810,32,,,0,56,,9811,32,,,0
1401,'65041',750,,9821,32,,,0,95,,9822,32,,,0,96,,9814,32,,,0,68,,9815,32,,,0,100,,9816,32,,,0,100,,9817,32,,,0,99,,9830,32,,,0,99,,9818,32,,,0,100,,9819,32,,,0,101,,9820,32,,,0,100,,9832,32,,,0,99,,9831,32,,,0,39,,9823,32,,,0,104,,9824,32,,,0,101,,9825,32,,,0,98,,9826,32,,,0,99,,9827,32,,,0,99,,9828,32,,,0,61,,9829,32,,,0
1401,'65042',750,,9840,32,,,0,95,,9841,32,,,0,96,,9833,32,,,0,68,,9834,32,,,0,100,,9835,32,,,0,100,,9836,32,,,0,99,,9849,32,,,0,99,,9837,32,,,0,100,,9838,32,,,0,101,,9839,32,,,0,100,,9851,32,,,0,99,,9850,32,,,0,39,,9842,32,,,0,104,,9843,32,,,0,101,,9844,32,,,0,98,,9845,32,,,0,99,,9846,32,,,0,99,,9847,32,,,0,61,,9848,32,,,0
90700,'65040',632,,11508,26,,,0
