200,'65040',621,,8011,18,,,0,31,,8012,18,,,0,64,,8013,18,,,0,30,,8014,18,,,0,75,,8015,18,,,0,34,,8016,18,,,0,73,,8017,18,,,0,114,,8018,18,,,0,100,,8019,18,,,0,101,,8020,18,,,0,100,,8021,18,,,0,104,,8022,18,,,0,100,,8023,18,,,0,70,,8024,18,,,0,33,,8025,18,,,0,70,,8026,18,,,0,29,,8027,18,,,0,68,,8028,18,,,0,28,,8029,18,,,0,67,,8030,18,,,0,99,,8031,18,,,0,100,,8032,18,,,0,109,,8033,18,,,0,99,,8034,18,,,0,103,,8035,18,,,0
200,'65041',716,,8045,18,,,0,95,,8046,18,,,0,95,,8036,18,,,0,48,,8037,18,,,0,97,,8038,18,,,0,100,,8039,18,,,0,100,,8040,18,,,0,100,,8041,18,,,0,100,,8042,18,,,0,102,,8043,18,,,0,99,,8044,18,,,0,100,,8047,18,,,0,86,,8048,18,,,0,83,,8049,18,,,0,98,,8051,18,,,0,99,,8052,18,,,0,99,,8050,18,,,0,98,,8053,18,,,0
200,'65042',716,,8063,18,,,0,95,,8064,18,,,0,95,,8054,18,,,0,48,,8055,18,,,0,97,,8056,18,,,0,100,,8057,18,,,0,100,,8058,18,,,0,100,,8059,18,,,0,100,,8060,18,,,0,102,,8061,18,,,0,99,,8062,18,,,0,100,,8065,18,,,0,86,,8066,18,,,0,83,,8067,18,,,0,98,,8069,18,,,0,99,,8070,18,,,0,99,,8068,18,,,0,98,,8071,18,,,0
1400,'65040',647,,9702,31,,,0,74,,9703,31,,,0,16,,9704,31,,,0,69,,9705,31,,,0,28,,9706,31,,,0,72,,9707,31,,,0,21,,9708,31,,,0,79,,9709,31,,,0,22,,9710,31,,,0,19,,9711,31,,,0,80,,9712,31,,,0,20,,9713,31,,,0,60,,9714,31,,,0,21,,9715,31,,,0,72,,9716,31,,,0,22,,9717,31,,,0,26,,9718,31,,,0,60,,9719,31,,,0,41,,9739,31,,,0,68,,9720,31,,,0,32,,9721,31,,,0,67,,9722,31,,,0,12,,9723,31,,,0,77,,9724,31,,,0,30,,9725,31,,,0,20,,9726,31,,,0,74,,9727,31,,,0,24,,9728,31,,,0,66,,9729,31,,,0,27,,9730,31,,,0,70,,9731,31,,,0,30,,9732,31,,,0,67,,9733,31,,,0,23,,9734,31,,,0,82,,9735,31,,,0,97,,9736,31,,,0,28,,9737,31,,,0,92,,9738,31,,,0
1400,'65041',714,,9748,31,,,0,101,,9749,31,,,0,90,,9740,31,,,0,100,,9741,31,,,0,100,,9742,31,,,0,100,,9743,31,,,0,103,,9744,31,,,0,100,,9757,31,,,0,100,,9745,31,,,0,100,,9746,31,,,0,101,,9747,31,,,0,102,,9750,31,,,0,108,,9751,31,,,0,101,,9752,31,,,0,100,,9753,31,,,0,98,,9754,31,,,0,99,,9755,31,,,0,117,,9756,31,,,0
1400,'65042',714,,9766,31,,,0,101,,9767,31,,,0,90,,9758,31,,,0,100,,9759,31,,,0,100,,9760,31,,,0,100,,9761,31,,,0,103,,9762,31,,,0,100,,9775,31,,,0,100,,9763,31,,,0,100,,9764,31,,,0,101,,9765,31,,,0,102,,9768,31,,,0,108,,9769,31,,,0,101,,9770,31,,,0,100,,9771,31,,,0,98,,9772,31,,,0,99,,9773,31,,,0,117,,9774,31,,,0
1900,'65040',715,,10267,36,,,0,35,,10268,36,,,0,60,,10269,36,,,0,101,,10270,36,,,0,101,,10271,36,,,0,101,,10272,36,,,0,100,,10273,36,,,0,96,,10274,36,,,0,100,,10275,36,,,0,101,,10276,36,,,0,42,,10277,36,,,0,80,,10278,36,,,0,70,,10279,36,,,0,30,,10280,36,,,0,69,,10281,36,,,0,44,,10282,36,,,0
5500,'65040',747,,10946,62,,,2,163,,10952,62,,,2,111,,10948,62,,,2,115,,10955,62,,,2,119,,10949,62,,,2,154,,10953,62,,,2,121,,10950,62,,,2,116,,10954,62,,,2,158,,10947,62,,,2,110,,10951,62,0,5 6 2 66,2
5500,'65041',847,,10961,62,,,2,111,,10963,62,,,2,151,,10962,62,,,2,110,,10960,62,,,2,113,,10959,62,,,2,110,,10958,62,,,2,112,,10957,62,,,2,146,,10956,62,0,5 6 2 66,2
5500,'65042',847,,10969,62,,,2,111,,10971,62,,,2,151,,10970,62,,,2,110,,10968,62,,,2,113,,10967,62,,,2,110,,10966,62,,,2,112,,10965,62,,,2,146,,10964,62,0,5 6 2 66,2
91900,'65040',616,,11539,45,,,0
