101,'65040',648,,7964,13,,,0,59,,7965,13,,,0,22,,7966,13,,,0,20,,7977,13,0,5 6 2 65,0,74,,7978,13,0,5 6 2 65,0,95,,7967,13,,,0,100,,7968,13,,,0,100,,7969,13,,,0,99,,7970,13,,,0,100,,7971,13,,,0,100,,7972,13,,,0,38,,7979,13,0,5 6 2 65,0,70,,7980,13,0,5 6 2 65,0,26,,7973,13,,,0,73,,7981,13,0,5 6 2 65,0,27,,7982,13,0,5 6 2 65,0,60,,7983,13,0,5 6 2 65,0,26,,7976,13,,,0,70,,7985,13,0,5 6 2 65,0,105,,7984,13,0,5 6 2 65,0,46,,7975,13,,,0,145,,7974,13,,,0,49,,7986,13,0,5 6 2 65,0
101,'65041',813,,7998,13,0,5 6 2 65,0,121,,7989,13,0,5 6 2 65,0,101,,7990,13,0,5 6 2 65,0,100,,7991,13,0,5 6 2 65,0,99,,7992,13,0,5 6 2 65,0,99,,7993,13,0,5 6 2 65,0,99,,7994,13,0,5 6 2 65,0,101,,7995,13,0,5 6 2 65,0,102,,7996,13,0,5 6 2 65,0,82,,7997,13,0,5 6 2 65,0,95,,7999,13,0,5 6 2 65,0
101,'65042',813,,8009,13,0,5 6 2 65,0,121,,8000,13,0,5 6 2 65,0,101,,8001,13,0,5 6 2 65,0,100,,8002,13,0,5 6 2 65,0,99,,8003,13,0,5 6 2 65,0,99,,8004,13,0,5 6 2 65,0,99,,8005,13,0,5 6 2 65,0,101,,8006,13,0,5 6 2 65,0,102,,8007,13,0,5 6 2 65,0,82,,8008,13,0,5 6 2 65,0,95,,8010,13,0,5 6 2 65,0
800,'65040',631,,9013,26,,,1,27,,9014,26,,,1,55,,9065,26,,,1,16,,9015,26,,,1,15,,9016,26,,,1,56,,9017,26,,,1,14,,9018,26,,,1,15,,9019,26,,,1,10,,9020,26,,,1,17,,9021,26,,,1,60,,9022,26,,,1,22,,9023,26,,,1,20,,9024,26,,,1,59,,9025,26,,,1,20,,9026,26,,,1,21,,9027,26,,,1,60,,9028,26,,,1,20,,9029,26,,,1,20,,9030,26,,,1,60,,9031,26,,,1,20,,9032,26,,,1,20,,9033,26,,,1,60,,9034,26,,,1,20,,9035,26,,,1,19,,9036,26,,,1,62,,9037,26,,,1,11,,9038,26,,,1,13,,9039,26,,,1,62,,9040,26,,,1,14,,9041,26,,,1,11,,9042,26,,,1,16,,9043,26,,,1,55,,9044,26,,,1,10,,9045,26,,,1,15,,9046,26,,,1,10,,9047,26,,,1,9,,9048,26,,,1,56,,9049,26,,,1,13,,9050,26,,,1,16,,9051,26,,,1,14,,9052,26,,,1,60,,9053,26,,,1,20,,9054,26,,,1,20,,9055,26,,,1,58,,9056,26,,,1,30,,9057,26,,,1,70,,9058,26,,,1,31,,9059,26,,,1,71,,9060,26,,,1,39,,9061,26,,,1,61,,9062,26,,,1,27,,9063,26,,,1,100,,9064,26,,,1
800,'65041',630,,9082,26,,,1,99,,9083,26,,,1,29,,9084,26,,,1,68,,9085,26,,,1,24,,9086,26,,,1,69,,9066,26,,,1,31,,9067,26,,,1,70,,9068,26,,,1,30,,9069,26,,,1,70,,9070,26,,,1,31,,9071,26,,,1,70,,9072,26,,,1,29,,9073,26,,,1,71,,9074,26,,,1,30,,9075,26,,,1,70,,9076,26,,,1,30,,9077,26,,,1,70,,9078,26,,,1,30,,9079,26,,,1,70,,9080,26,,,1,30,,9081,26,,,1,70,,9087,26,,,1,31,,9088,26,,,1,70,,9094,26,,,1,32,,9089,26,,,1,77,,9095,26,,,1,100,,9090,26,,,1,100,,9091,26,,,1,100,,9092,26,,,1,100,,9093,26,,,1
800,'65042',630,,9112,26,,,1,99,,9113,26,,,1,29,,9114,26,,,1,68,,9115,26,,,1,24,,9116,26,,,1,69,,9096,26,,,1,31,,9097,26,,,1,70,,9098,26,,,1,30,,9099,26,,,1,70,,9100,26,,,1,31,,9101,26,,,1,70,,9102,26,,,1,29,,9103,26,,,1,71,,9104,26,,,1,30,,9105,26,,,1,70,,9106,26,,,1,30,,9107,26,,,1,70,,9108,26,,,1,30,,9109,26,,,1,70,,9110,26,,,1,30,,9111,26,,,1,70,,9117,26,,,1,31,,9118,26,,,1,70,,9124,26,,,1,32,,9119,26,,,1,77,,9125,26,,,1,100,,9120,26,,,1,100,,9121,26,,,1,100,,9122,26,,,1,100,,9123,26,,,1
5700,'65040',935,,11002,47,,,2,103,,11000,47,,,2,163,,11001,47,,,2,105,,10998,47,,,2,120,,11003,47,,,2,105,,10999,47,,,2,120,,11004,47,,,2
5700,'65041',1141,,11010,47,,,2,113,,11009,47,,,2,102,,11008,47,,,2,152,,11007,47,,,2,102,,11006,47,,,2
5700,'65042',1141,,11016,47,,,2,113,,11015,47,,,2,102,,11014,47,,,2,152,,11013,47,,,2,102,,11012,47,,,2
90401,'65040',612,,11492,29,,,0,1702,,11493,29,,,0
90401,'65041',615,,11494,29,,,0,101,,11495,29,,,0,1200,,11496,29,,,0,100,,11497,29,,,0,100,,11498,29,,,0,99,,11499,29,,,0,101,,11500,29,,,0
90401,'65042',615,,11501,29,,,0,101,,11502,29,,,0,1200,,11503,29,,,0,100,,11504,29,,,0,100,,11505,29,,,0,99,,11506,29,,,0,101,,11507,29,,,0
