700,'65040',606,,8806,2,,,0,19,,8841,2,0,5 6 2 69,0,17,,8807,2,,,0,61,,8808,10,,,0,14,,8842,2,0,5 6 2 69,0,19,,8809,10,,,0,10,,8843,2,0,5 6 2 69,0,58,,8810,2,,,0,16,,8844,2,0,5 6 2 69,0,19,,8811,10,,,0,63,,8812,2,,,0,26,,8813,2,,,0,17,,8845,2,0,5 6 2 69,0,64,,8814,2,,,0,18,,8815,2,,,0,20,,8846,10,0,5 6 2 69,0,60,,8816,10,,,0,20,,8817,10,,,0,13,,8847,2,0,5 6 2 69,0,63,,8818,2,,,0,23,,8819,10,,,0,15,,8848,2,0,5 6 2 69,0,61,,8820,2,,,0,23,,8821,10,,,0,16,,8822,2,,,0,61,,8823,2,,,0,26,,8824,10,,,0,17,,8825,2,,,0,60,,8826,2,,,0,26,,8827,2,,,0,18,,8828,2,,,0,68,,8829,2,,,0,20,,8849,10,0,5 6 2 69,0,17,,8830,10,,,0,66,,8831,2,,,0,33,,8832,10,,,0,70,,8833,2,,,0,28,,8834,2,,,0,71,,8835,2,,,0,35,,8836,2,,,0,65,,8837,2,,,0,31,,8838,2,,,0,82,,8839,10,,,0,69,,8840,2,,,0,104,,8850,10,,,0
700,'65041',602,,8865,2,0,5 6 2 69,0,102,,8866,2,,,0,55,,8877,10,,,0,64,,8876,2,0,5 6 2 69,0,31,,8878,2,,,0,70,,8875,2,0,5 6 2 69,0,29,,8851,2,,,0,70,,8858,2,0,5 6 2 69,0,30,,8852,2,,,0,70,,8859,2,0,5 6 2 69,0,30,,8853,2,,,0,70,,8860,2,0,5 6 2 69,0,30,,8854,2,,,0,70,,8861,2,0,5 6 2 69,0,30,,8855,2,,,0,70,,8862,2,0,5 6 2 69,0,30,,8856,2,,,0,70,,8863,2,0,5 6 2 69,0,30,,8857,2,0,5 6 2 69,0,70,,8864,2,0,5 6 2 69,0,30,,8867,2,0,5 6 2 69,0,70,,8868,2,0,5 6 2 69,0,82,,8872,10,,,0,96,,8874,2,,,0,101,,8873,10,,,0,101,,8869,10,,,0,100,,8870,10,,,0,100,,8871,10,,,0
700,'65042',602,,8893,2,0,5 6 2 69,0,102,,8894,2,,,0,55,,8905,10,,,0,64,,8904,2,0,5 6 2 69,0,31,,8906,2,,,0,70,,8903,2,0,5 6 2 69,0,29,,8879,2,,,0,70,,8886,2,0,5 6 2 69,0,30,,8880,2,,,0,70,,8887,2,0,5 6 2 69,0,30,,8881,2,,,0,70,,8888,2,0,5 6 2 69,0,30,,8882,2,,,0,70,,8889,2,0,5 6 2 69,0,30,,8883,2,,,0,70,,8890,2,0,5 6 2 69,0,30,,8884,2,,,0,70,,8891,2,0,5 6 2 69,0,30,,8885,2,0,5 6 2 69,0,70,,8892,2,0,5 6 2 69,0,30,,8895,2,0,5 6 2 69,0,70,,8896,2,0,5 6 2 69,0,82,,8900,10,,,0,96,,8902,2,,,0,101,,8901,10,,,0,101,,8897,10,,,0,100,,8898,10,,,0,100,,8899,10,,,0
1100,'65040',559,,9378,2,0,22 23 2 67,0,82,,9365,2,,,0,67,,9345,23,,,0,16,,9366,2,,,0,17,,9371,2,0,22 23 2 67,0,14,,9346,23,,,0,65,,9347,23,,,0,37,,9367,2,,,0,70,,9348,23,,,0,27,,9368,2,,,0,74,,9349,23,,,0,29,,9372,2,0,22 23 2 67,0,70,,9350,23,,,0,25,,9373,2,0,22 23 2 67,0,74,,9351,23,,,0,26,,9374,2,0,22 23 2 67,0,74,,9352,23,,,0,25,,9369,2,,,0,76,,9353,23,,,0,30,,9370,2,,,0,69,,9354,23,,,0,27,,9355,23,,,0,71,,9356,23,,,0,31,,9357,23,,,0,70,,9358,23,,,0,32,,9359,23,,,0,71,,9376,23,0,22 23 2 67,0,31,,9360,23,,,0,74,,9377,23,0,22 23 2 67,0,79,,9361,23,,,0,28,,9375,2,0,22 23 2 67,0,72,,9362,23,,,0,104,,9363,23,,,0,101,,9364,23,0,57,0,91,,9379,23,0,22 23 2 67,0
1100,'65041',705,,9395,2,,,0,99,,9396,23,,,0,33,,9397,2,,,0,69,,9380,23,,,0,30,,9381,23,,,0,17,,9388,2,,,0,70,,9382,23,,,0,30,,9389,2,,,0,70,,9383,23,,,0,30,,9390,2,,,0,71,,9384,23,,,0,29,,9391,2,,,0,71,,9385,23,,,0,29,,9392,2,,,0,71,,9386,23,,,0,29,,9393,2,,,0,71,,9387,23,,,0,29,,9394,2,,,0,71,,9398,23,,,0,30,,9399,23,,,0,91,,9400,2,0,22 23 2 67,0,62,,9401,23,,,0,99,,9402,23,,,0,100,,9403,23,,,0,100,,9404,23,,,0,100,,9405,23,,,0,99,,9406,23,,,0,100,,9407,23,0,22 23 2 67,0
1100,'65042',705,,9423,2,,,0,99,,9424,23,,,0,33,,9425,2,,,0,69,,9408,23,,,0,30,,9409,23,,,0,17,,9416,2,,,0,70,,9410,23,,,0,30,,9417,2,,,0,70,,9411,23,,,0,30,,9418,2,,,0,71,,9412,23,,,0,29,,9419,2,,,0,71,,9413,23,,,0,29,,9420,2,,,0,71,,9414,23,,,0,29,,9421,2,,,0,71,,9415,23,,,0,29,,9422,2,,,0,71,,9426,23,,,0,30,,9427,23,,,0,91,,9428,2,0,22 23 2 67,0,62,,9429,23,,,0,99,,9430,23,,,0,100,,9431,23,,,0,100,,9432,23,,,0,100,,9433,23,,,0,99,,9434,23,,,0,100,,9435,23,0,22 23 2 67,0
60500,'65040',557,,11402,3,,,0,61,,11409,3,,,0,20,,11407,3,,,0,76,,11401,3,,,0,29,,11408,3,,,0,264,,11404,3,,,0,18,,11403,3,,,0,214,,11406,3,,,0,263,,11399,3,,,0,112,,11400,3,,,0,341,,11405,3,,,0
60500,'65041',600,,11410,3,,,0,102,,11411,3,,,0
60500,'65042',600,,11412,3,,,0,102,,11413,3,,,0
90700,'65040',620,,11508,2,,,0
