101,'65040',704,,7964,31,,,0,20,,7965,31,,,0,22,,7966,31,,,0,189,,7967,31,,,0,100,,7968,31,,,0,100,,7969,31,,,0,99,,7970,31,,,0,101,,7971,31,,,0,100,,7972,31,,,0,176,,7973,31,,,0,140,,7976,31,,,0,261,,7975,31,,,0,105,,7974,31,,,0,122,,7987,8,,,0,100,,7988,8,,,0
301,'65040',557,,8244,29,,,0,69,,8245,29,,,0,16,,8246,29,,,0,64,,8247,29,,,0,15,,8251,29,,,0,15,,8248,29,,,0,15,,8249,29,,,0,55,,8250,29,,,0,17,,8252,29,,,0,13,,8260,29,,,0,21,,8253,29,,,0,60,,8254,29,,,0,19,,8255,29,,,0,21,,8256,29,,,0,59,,8257,29,,,0,22,,8258,29,,,0,20,,8259,29,,,0,59,,8261,29,,,0,20,,8262,29,,,0,21,,8263,29,,,0,60,,8264,29,,,0,20,,8265,29,,,0,21,,8266,29,,,0,60,,8267,29,,,0,20,,8268,29,,,0,20,,8269,29,,,0,59,,8270,29,,,0,21,,8271,29,,,0,19,,8272,29,,,0,53,,8294,29,,,0,16,,8273,29,,,0,17,,8274,29,,,0,12,,8275,29,,,0,56,,8276,29,,,0,14,,8277,29,,,0,15,,8278,29,,,0,15,,8279,29,,,0,55,,8293,29,,,0,15,,8280,29,,,0,16,,8281,29,,,0,59,,8282,29,,,0,16,,8283,29,,,0,29,,8284,29,,,0,55,,8285,29,,,0,30,,8286,29,,,0,70,,8287,29,,,0,29,,8288,29,,,0,73,,8289,29,,,0,27,,8290,29,,,0,70,,8295,29,,,0,25,,8291,29,,,0,100,,8292,29,,,0
301,'65041',630,,8313,29,,,0,70,,8314,29,,,0,32,,8315,29,,,0,69,,8316,29,,,0,29,,8317,29,,,0,25,,8312,29,,,0,70,,8296,29,,,0,30,,8297,29,,,0,70,,8298,29,,,0,30,,8299,29,,,0,70,,8300,29,,,0,30,,8301,29,,,0,70,,8302,29,,,0,30,,8303,29,,,0,70,,8304,29,,,0,30,,8305,29,,,0,70,,8306,29,,,0,31,,8307,29,,,0,69,,8308,29,,,0,32,,8309,29,,,0,70,,8310,29,,,0,30,,8311,29,,,0,70,,8318,29,,,0,30,,8319,29,,,0,71,,8320,29,,,0,73,,8326,29,,,0,30,,8321,29,,,0,70,,8327,29,,,0,30,,8322,29,,,0,100,,8323,29,,,0,100,,8324,29,,,0,100,,8325,29,,,0
301,'65042',630,,8345,29,,,0,70,,8346,29,,,0,32,,8347,29,,,0,69,,8348,29,,,0,29,,8349,29,,,0,25,,8344,29,,,0,70,,8328,29,,,0,30,,8329,29,,,0,70,,8330,29,,,0,30,,8331,29,,,0,70,,8332,29,,,0,30,,8333,29,,,0,70,,8334,29,,,0,30,,8335,29,,,0,70,,8336,29,,,0,30,,8337,29,,,0,70,,8338,29,,,0,31,,8339,29,,,0,69,,8340,29,,,0,32,,8341,29,,,0,70,,8342,29,,,0,30,,8343,29,,,0,70,,8350,29,,,0,30,,8351,29,,,0,71,,8352,29,,,0,73,,8358,29,,,0,30,,8353,29,,,0,70,,8359,29,,,0,30,,8354,29,,,0,100,,8355,29,,,0,100,,8356,29,,,0,100,,8357,29,,,0
701,'65040',629,,8907,8,0,54,0,80,,8908,8,0,54,0,17,,8916,21,0,54,0,23,,8917,21,0,54,0,57,,8918,21,,,0,20,,8919,21,,,0,20,,8920,21,0,54,0,66,,8921,21,0,54,0,26,,8922,21,0,54,0,15,,8923,21,0,54,0,63,,8924,21,,,0,25,,8925,21,0,54,0,15,,8909,8,,,0,67,,8926,21,0,54,0,23,,8927,21,0,54,0,9,,8910,8,,,0,69,,8928,21,0,54,0,21,,8929,21,0,54,0,9,,8911,8,,,0,69,,8930,21,0,54,0,21,,8931,21,0,54,0,12,,8912,8,,,0,62,,8932,21,0,54,0,21,,8933,21,0,54,0,19,,8913,8,0,54,0,55,,8934,21,0,54,0,18,,8935,21,0,54,0,70,,8936,21,,,0,15,,8937,21,,,0,15,,8938,21,0,54,0,69,,8939,21,0,54,0,16,,8914,8,,,0,16,,8940,21,0,54,0,73,,8941,21,0,54,0,28,,8942,21,0,54,0,71,,8943,21,0,54,0,36,,8944,21,0,54,0,65,,8945,21,0,54,0,31,,8946,21,0,54,0,68,,8947,21,,,0,30,,8948,21,0,54,0,70,,8949,21,0,54,0,36,,8950,21,,,0,100,,8952,21,0,54,0,114,,8915,8,0,54,0
701,'65041',732,,8970,8,,,0,76,,8981,21,0,54,0,31,,8980,8,0,54,0,70,,8969,21,0,54,0,28,,8961,8,0,54,0,70,,8953,21,0,54,0,29,,8962,8,0,54,0,70,,8954,21,0,54,0,29,,8963,8,0,54,0,70,,8955,21,0,54,0,30,,8964,8,0,54,0,70,,8956,21,0,54,0,30,,8965,8,0,54,0,70,,8957,21,0,54,0,30,,8966,8,0,54,0,70,,8958,21,0,54,0,30,,8967,8,0,54,0,70,,8959,21,0,54,0,30,,8968,8,0,54,0,70,,8960,8,0,54,0,30,,8971,8,,,0,71,,8972,8,0,54,0,38,,8979,8,0,54,0,89,,8982,21,,,0,102,,8973,21,,,0,100,,8974,21,,,0,100,,8975,21,,,0,100,,8976,21,0,54,0,119,,8977,8,0,54,0
701,'65042',732,,9000,8,,,0,76,,9011,21,0,54,0,31,,9010,8,0,54,0,70,,8999,21,0,54,0,28,,8991,8,0,54,0,70,,8983,21,0,54,0,29,,8992,8,0,54,0,70,,8984,21,0,54,0,29,,8993,8,0,54,0,70,,8985,21,0,54,0,30,,8994,8,0,54,0,70,,8986,21,0,54,0,30,,8995,8,0,54,0,70,,8987,21,0,54,0,30,,8996,8,0,54,0,70,,8988,21,0,54,0,30,,8997,8,0,54,0,70,,8989,21,0,54,0,30,,8998,8,0,54,0,70,,8990,8,0,54,0,30,,9001,8,,,0,71,,9002,8,0,54,0,38,,9009,8,0,54,0,89,,9012,21,,,0,102,,9003,21,,,0,100,,9004,21,,,0,100,,9005,21,,,0,100,,9006,21,0,54,0,119,,9007,8,0,54,0
801,'65040',630,,9126,33,,,1,70,,9127,33,,,1,16,,9128,28,,,1,15,,9129,33,,,1,15,,9130,33,,,1,55,,9175,28,,,1,17,,9131,28,,,1,13,,9132,33,,,1,21,,9133,28,,,1,59,,9134,28,,,1,20,,9135,28,,,1,21,,9136,28,,,1,59,,9137,28,,,1,22,,9138,28,,,1,20,,9139,28,,,1,59,,9140,28,,,1,20,,9141,28,,,1,21,,9142,28,,,1,60,,9143,28,,,1,20,,9144,28,,,1,21,,9145,28,,,1,60,,9146,28,,,1,20,,9147,28,,,1,20,,9148,28,,,1,60,,9149,28,,,1,20,,9150,28,,,1,19,,9151,28,,,1,53,,9152,28,,,1,16,,9153,28,,,1,17,,9154,28,,,1,12,,9155,28,,,1,56,,9156,28,,,1,14,,9157,33,,,1,14,,9158,28,,,1,16,,9159,28,,,1,55,,9160,28,,,1,15,,9161,28,,,1,16,,9162,28,,,1,15,,9163,28,,,1,59,,9164,28,,,1,21,,9165,28,,,1,22,,9166,28,,,1,66,,9167,28,,,1,31,,9168,28,,,1,70,,9169,28,,,1,30,,9170,28,,,1,70,,9171,28,,,1,29,,9172,28,,,1,78,,9173,28,,,1,99,,9174,28,,,1
801,'65041',729,,9193,28,,,1,27,,9204,33,,,1,69,,9194,28,,,1,20,,9195,28,,,1,69,,9176,28,,,1,30,,9177,28,,,1,70,,9178,28,,,1,30,,9179,28,,,1,70,,9180,28,,,1,30,,9181,28,,,1,70,,9182,28,,,1,30,,9183,28,,,1,70,,9184,28,,,1,30,,9185,28,,,1,70,,9186,28,,,1,30,,9187,28,,,1,70,,9188,28,,,1,30,,9189,28,,,1,70,,9190,28,,,1,30,,9191,28,,,1,70,,9192,28,,,1,29,,9196,28,,,1,72,,9197,28,,,1,40,,9198,28,,,1,72,,9199,28,,,1,30,,9200,28,,,1,70,,9205,28,,,1,100,,9201,28,,,1,100,,9202,28,,,1,100,,9203,28,,,1
801,'65042',729,,9223,28,,,1,27,,9234,33,,,1,69,,9224,28,,,1,20,,9225,28,,,1,69,,9206,28,,,1,30,,9207,28,,,1,70,,9208,28,,,1,30,,9209,28,,,1,70,,9210,28,,,1,30,,9211,28,,,1,70,,9212,28,,,1,30,,9213,28,,,1,70,,9214,28,,,1,30,,9215,28,,,1,70,,9216,28,,,1,30,,9217,28,,,1,70,,9218,28,,,1,30,,9219,28,,,1,70,,9220,28,,,1,30,,9221,28,,,1,70,,9222,28,,,1,29,,9226,28,,,1,72,,9227,28,,,1,40,,9228,28,,,1,72,,9229,28,,,1,30,,9230,28,,,1,70,,9235,28,,,1,100,,9231,28,,,1,100,,9232,28,,,1,100,,9233,28,,,1
1201,'65040',626,,9621,8,,,0,99,,9622,8,,,0,25,,9623,8,,,0,56,,9624,8,,,0,19,,9625,8,,,0,31,,9626,8,,,0,73,,9627,8,,,0,72,,9628,8,,,0,30,,9629,8,,,0,70,,9630,8,,,0,30,,9631,8,,,0,71,,9632,8,,,0,29,,9633,8,,,0,71,,9634,8,,,0,21,,9635,8,,,0,77,,9636,8,,,0,31,,9637,8,,,0,70,,9638,8,,,0,29,,9639,8,,,0,28,,9640,8,,,0,73,,9641,8,,,0,24,,9642,8,,,0,56,,9643,8,,,0,31,,9644,8,,,0,73,,9645,8,,,0,25,,9646,8,,,0,67,,9647,8,,,0,24,,9648,8,,,0,73,,9649,8,,,0,27,,9650,8,,,0,84,,9651,8,,,0,25,,9652,8,,,0,188,,9653,8,,,0
1201,'65041',735,,9662,8,,,0,96,,9663,8,,,0,91,,9676,8,,,0,30,,9668,8,,,0,70,,9654,8,,,0,30,,9669,8,,,0,70,,9655,8,,,0,31,,9670,8,,,0,70,,9656,8,,,0,31,,9671,8,,,0,69,,9657,8,,,0,31,,9672,8,,,0,69,,9658,8,,,0,31,,9673,8,,,0,69,,9659,8,,,0,31,,9674,8,,,0,69,,9660,8,,,0,30,,9677,8,,,0,69,,9661,8,,,0,29,,9664,8,,,0,79,,9675,8,,,0,103,,9665,8,,,0,101,,9666,8,,,0,100,,9667,8,,,0
1201,'65042',735,,9686,8,,,0,96,,9687,8,,,0,91,,9700,8,,,0,30,,9692,8,,,0,70,,9678,8,,,0,30,,9693,8,,,0,70,,9679,8,,,0,31,,9694,8,,,0,70,,9680,8,,,0,31,,9695,8,,,0,69,,9681,8,,,0,31,,9696,8,,,0,69,,9682,8,,,0,31,,9697,8,,,0,69,,9683,8,,,0,31,,9698,8,,,0,69,,9684,8,,,0,30,,9701,8,,,0,69,,9685,8,,,0,29,,9688,8,,,0,79,,9699,8,,,0,103,,9689,8,,,0,101,,9690,8,,,0,100,,9691,8,,,0
5701,'65040',927,,11020,52,,,2,123,,11022,52,,,2,103,,11018,52,,,2,163,,11021,52,,,2,105,,11019,52,,,2,120,,11023,52,,,2,105,,11017,52,,,2
5701,'65041',1144,,11029,52,,,2,102,,11028,52,,,2,113,,11027,52,,,2,142,,11026,52,,,2,111,,11025,52,,,2
5701,'65042',1144,,11035,52,,,2,102,,11034,52,,,2,113,,11033,52,,,2,142,,11032,52,,,2,111,,11031,52,,,2
91201,'65040',2238,,11514,8,,,0,100,,11515,8,,,0
91201,'65041',2234,,11516,8,,,0,97,,11517,8,,,0
91201,'65042',2234,,11518,8,,,0,97,,11519,8,,,0
91301,'65040',2454,,11520,8,,,0
91301,'65041',2454,,11521,8,,,0
91301,'65042',2454,,11522,8,,,0
