101,'65040',654,,7964,20,,,0,59,,7965,20,,,0,22,,7966,20,,,0,20,,7977,20,0,5 6 2 65,0,74,,7978,20,0,5 6 2 65,0,95,,7967,20,,,0,100,,7968,20,,,0,100,,7969,20,,,0,99,,7970,20,,,0,100,,7971,20,,,0,100,,7972,20,,,0,78,,7979,20,0,5 6 2 65,0,30,,7980,20,0,5 6 2 65,0,26,,7973,20,,,0,73,,7981,20,0,5 6 2 65,0,27,,7982,20,0,5 6 2 65,0,60,,7983,20,0,5 6 2 65,0,25,,7976,20,,,0,70,,7985,20,0,5 6 2 65,0,105,,7984,20,0,5 6 2 65,0,86,,7975,20,,,0,105,,7974,20,,,0,49,,7986,20,0,5 6 2 65,0
101,'65041',817,,7998,20,0,5 6 2 65,0,121,,7989,20,0,5 6 2 65,0,101,,7990,20,0,5 6 2 65,0,100,,7991,20,0,5 6 2 65,0,100,,7992,20,0,5 6 2 65,0,99,,7993,20,0,5 6 2 65,0,99,,7994,20,0,5 6 2 65,0,101,,7995,20,0,5 6 2 65,0,101,,7996,20,0,5 6 2 65,0,82,,7997,20,0,5 6 2 65,0,95,,7999,20,0,5 6 2 65,0
101,'65042',817,,8009,20,0,5 6 2 65,0,121,,8000,20,0,5 6 2 65,0,101,,8001,20,0,5 6 2 65,0,100,,8002,20,0,5 6 2 65,0,100,,8003,20,0,5 6 2 65,0,99,,8004,20,0,5 6 2 65,0,99,,8005,20,0,5 6 2 65,0,101,,8006,20,0,5 6 2 65,0,101,,8007,20,0,5 6 2 65,0,82,,8008,20,0,5 6 2 65,0,95,,8010,20,0,5 6 2 65,0
401,'65040',647,,8456,29,,,0,61,,8457,29,,,0,17,,8458,29,,,0,75,,8459,29,,,0,34,,8460,29,,,0,22,,8461,29,,,0,74,,8462,29,,,0,91,,8463,29,,,0,100,,8464,29,,,0,100,,8480,29,,,0,99,,8479,29,,,0,80,,8478,29,,,0,106,,8477,29,0,5 6 2 70,0,24,,8476,29,,,0,70,,8475,29,,,0,30,,8474,29,,,0,29,,8473,29,,,0,59,,8472,29,,,0,31,,8471,29,,,0,74,,8470,29,,,0,81,,8469,29,,,0,45,,8468,29,,,0,69,,8467,29,,,0,31,,8466,29,,,0,72,,8465,29,,,0,92,,8481,29,0,5 6 2 70,0
401,'65041',819,,8516,29,,,0,39,,8530,29,,,0,85,,8508,29,,,0,100,,8509,29,,,0,100,,8510,29,,,0,100,,8511,29,,,0,101,,8512,29,,,0,100,,8513,29,,,0,100,,8514,29,,,0,100,,8515,29,,,0,99,,8529,29,,,0,61,,8520,29,,,0,22,,8521,29,,,0
401,'65042',819,,8547,29,,,0,39,,8561,29,,,0,85,,8539,29,,,0,100,,8540,29,,,0,100,,8541,29,,,0,100,,8542,29,,,0,101,,8543,29,,,0,100,,8544,29,,,0,100,,8545,29,,,0,100,,8546,29,,,0,99,,8560,29,,,0,61,,8551,29,,,0,22,,8552,29,,,0
901,'65040',627,,9312,27,0,5 6 2 71,0,81,,9289,27,,,0,25,,9290,27,,,0,70,,9291,27,,,0,30,,9302,27,0,5 6 2 71,0,85,,9292,27,,,0,100,,9293,27,,,0,100,,9294,27,,,0,101,,9295,27,,,0,31,,9296,27,,,0,101,,9297,27,,,0,100,,9298,27,,,0,70,,9299,27,,,0,28,,9300,27,,,0,71,,9311,27,0,5 6 2 71,0,32,,9310,27,0,5 6 2 71,0,71,,9301,27,,,0,23,,9309,27,0,5 6 2 71,0,71,,9308,27,0,5 6 2 71,0,98,,9307,27,0,5 6 2 71,0,44,,9306,27,0,5 6 2 71,0,100,,9305,27,0,5 6 2 71,0,64,,9304,27,0,5 6 2 71,0,90,,9303,27,0,5 6 2 71,0
901,'65041',818,,9322,27,0,5 6 2 71,0,94,,9321,27,0,5 6 2 71,0,100,,9313,27,,,0,101,,9314,27,,,0,101,,9320,27,,,0,100,,9319,27,,,0,100,,9318,27,,,0,100,,9317,27,,,0,101,,9316,27,,,0,101,,9315,27,,,0,111,,9323,27,0,5 6 2 71,0,94,,9324,27,0,5 6 2 71,0,88,,9325,27,0,5 6 2 71,0,99,,9326,27,0,5 6 2 71,0,100,,9327,27,0,5 6 2 71,0
901,'65042',818,,9338,27,0,5 6 2 71,0,94,,9337,27,0,5 6 2 71,0,100,,9329,27,,,0,101,,9330,27,,,0,101,,9336,27,,,0,100,,9335,27,,,0,100,,9334,27,,,0,100,,9333,27,,,0,101,,9332,27,,,0,101,,9331,27,,,0,111,,9339,27,0,5 6 2 71,0,94,,9340,27,0,5 6 2 71,0,88,,9341,27,0,5 6 2 71,0,99,,9342,27,0,5 6 2 71,0,100,,9343,27,0,5 6 2 71,0
5501,'65040',733,,10979,37,,,2,122,,10972,37,,,2,155,,10980,37,,,2,113,,10973,37,,,2,117,,10981,37,,,2,118,,10974,37,,,2,153,,10977,37,,,2,123,,10975,37,,,2,115,,10978,37,,,2,156,,10976,37,0,5 6 2 65,2
5501,'65041',833,,10989,37,,,2,110,,10988,37,,,2,110,,10987,37,,,2,150,,10986,37,,,2,110,,10985,37,,,2,110,,10984,37,,,2,109,,10982,37,,,2,112,,10983,37,0,5 6 2 65,2
5501,'65042',833,,10997,37,,,2,110,,10996,37,,,2,110,,10995,37,,,2,150,,10994,37,,,2,110,,10993,37,,,2,110,,10992,37,,,2,109,,10990,37,,,2,112,,10991,37,0,5 6 2 65,2
5701,'65040',911,,11020,39,,,2,123,,11022,39,,,2,103,,11018,39,,,2,163,,11021,39,,,2,105,,11019,39,,,2,120,,11023,39,,,2,105,,11017,39,,,2
5701,'65041',1133,,11029,39,,,2,102,,11028,39,,,2,113,,11027,39,,,2,102,,11026,39,,,2,151,,11025,39,,,2,113,,11024,39,0,56,2
5701,'65042',1133,,11035,39,,,2,102,,11034,39,,,2,113,,11033,39,,,2,102,,11032,39,,,2,151,,11031,39,,,2,113,,11030,39,0,56,2
90401,'65040',616,,11492,36,,,0,1702,,11493,36,,,0
90401,'65041',619,,11494,36,,,0,102,,11495,36,,,0,1199,,11496,36,,,0,100,,11497,36,,,0,100,,11498,36,,,0,99,,11499,36,,,0,101,,11500,36,,,0
90401,'65042',619,,11501,36,,,0,102,,11502,36,,,0,1199,,11503,36,,,0,100,,11504,36,,,0,100,,11505,36,,,0,99,,11506,36,,,0,101,,11507,36,,,0
90801,'65040',2443,,11509,37,,,0
90801,'65041',2443,,11510,37,,,0
90801,'65042',2443,,11511,37,,,0
