100,'65040',636,,7918,4,,,0,80,,7919,4,,,0,20,,7920,4,,,0,74,,7921,4,,,0,94,,7922,30,,,0,100,,7923,30,,,0,100,,7924,30,,,0,99,,7925,30,,,0,100,,7926,30,,,0,100,,7927,30,,,0,38,,7936,4,,,0,70,,7937,4,,,0,26,,7938,4,,,0,73,,7939,4,,,0,27,,7940,4,,,0,20,,7928,30,,,0,66,,7929,30,,,0,31,,7930,30,,,0,105,,7941,4,,,0,87,,7931,30,,,0,105,,7932,30,,,0,89,,7933,30,,,0
100,'65041',923,,7942,4,,,0,100,,7943,4,,,0,100,,7944,4,,,0,99,,7945,4,,,0,99,,7946,4,,,0,99,,7947,4,,,0,101,,7948,4,,,0,102,,7949,4,,,0,82,,7950,4,,,0,95,,7952,4,,,0
100,'65042',923,,7953,4,,,0,100,,7954,4,,,0,100,,7955,4,,,0,99,,7956,4,,,0,99,,7957,4,,,0,99,,7958,4,,,0,101,,7959,4,,,0,102,,7960,4,,,0,82,,7961,4,,,0,95,,7963,4,,,0
400,'65040',641,,8360,4,,,0,14,,8361,25,,,0,75,,8362,4,,,0,74,,8363,4,,,0,22,,8364,25,,,0,74,,8365,25,,,0,51,,8366,25,,,0,100,,8367,25,,,0,100,,8368,25,,,0,99,,8369,25,,,0,80,,8370,25,,,0,106,,8371,25,,,0,64,,8372,25,,,0,30,,8373,25,,,0,70,,8374,25,,,0,30,,8375,25,,,0,19,,8376,25,,,0,71,,8377,25,,,0,35,,8378,25,,,0,81,,8379,25,,,0,85,,8380,25,,,0,29,,8381,25,,,0,71,,8382,25,,,0,33,,8383,25,,,0,91,,8384,25,,,0
400,'65041',830,,8427,25,,,0,85,,8408,25,,,0,101,,8409,25,,,0,100,,8410,25,,,0,100,,8411,25,,,0,100,,8412,25,,,0,100,,8413,25,,,0,100,,8414,25,,,0,100,,8415,25,,,0,100,,8425,25,,,0,21,,8417,25,,,0,22,,8418,25,,,0,82,,8419,25,,,0
400,'65042',830,,8455,25,,,0,85,,8436,25,,,0,101,,8437,25,,,0,100,,8438,25,,,0,100,,8439,25,,,0,100,,8440,25,,,0,100,,8441,25,,,0,100,,8442,25,,,0,100,,8443,25,,,0,100,,8453,25,,,0,21,,8445,25,,,0,22,,8446,25,,,0,82,,8447,25,,,0
900,'65040',642,,9250,4,,,0,92,,9236,29,,,0,69,,9251,4,,,0,44,,9237,29,,,0,100,,9238,29,,,0,100,,9239,29,,,0,100,,9240,29,,,0,71,,9241,29,,,0,101,,9242,29,,,0,100,,9243,29,,,0,30,,9244,29,,,0,68,,9245,29,,,0,31,,9252,4,,,0,71,,9253,4,,,0,32,,9246,29,,,0,66,,9254,4,,,0,31,,9247,29,,,0,99,,9248,29,,,0,85,,9249,29,,,0,100,,9255,4,,,0,24,,9256,4,,,0,90,,9257,4,,,0,101,,9258,4,0,7 8 1 9,0
900,'65041',845,,9267,4,,,0,99,,9259,4,,,0,101,,9260,29,,,0,101,,9261,29,,,0,100,,9262,29,,,0,100,,9263,29,,,0,100,,9264,29,,,0,101,,9265,29,,,0,100,,9266,29,,,0,154,,9268,4,,,0,54,,9269,4,,,0,89,,9270,4,,,0,100,,9271,4,,,0,100,,9272,4,,,0,101,,9273,4,,,0
900,'65042',845,,9282,4,,,0,99,,9274,4,,,0,101,,9275,29,,,0,101,,9276,29,,,0,100,,9277,29,,,0,100,,9278,29,,,0,100,,9279,29,,,0,101,,9280,29,,,0,100,,9281,29,,,0,154,,9283,4,,,0,54,,9284,4,,,0,89,,9285,4,,,0,100,,9286,4,,,0,100,,9287,4,,,0,101,,9288,4,,,0
5500,'65040',808,,10946,81,,,2,118,,10952,81,,,2,111,,10948,81,,,2,115,,10955,81,,,2,159,,10949,81,,,2,114,,10953,81,,,2,122,,10950,81,,,2,157,,10954,81,,,2,116,,10947,81,,,2
5500,'65041',901,,10961,81,,,2,111,,10963,81,,,2,111,,10962,81,,,2,110,,10960,81,,,2,113,,10959,81,,,2,110,,10958,81,,,2,153,,10957,81,,,2
5500,'65042',901,,10969,81,,,2,111,,10971,81,,,2,111,,10970,81,,,2,110,,10968,81,,,2,113,,10967,81,,,2,110,,10966,81,,,2,153,,10965,81,,,2
5700,'65040',941,,11002,56,,,2,103,,11000,56,,,2,163,,11001,56,,,2,105,,10998,56,,,2,120,,11003,56,,,2,105,,10999,56,,,2,120,,11004,56,,,2
5700,'65041',1147,,11010,56,,,2,153,,11009,56,,,2,102,,11008,56,,,2,112,,11007,56,,,2,102,,11006,56,,,2
5700,'65042',1147,,11016,56,,,2,153,,11015,56,,,2,102,,11014,56,,,2,112,,11013,56,,,2,102,,11012,56,,,2
44900,'65040',647,,11085,7,4,,2,91,,11084,7,4,,2,81,,11083,7,4,,2,28,,11082,7,4,,2
44901,'65040',647,,11089,1,0,39 40 41,2,91,,11088,1,0,39 40 41,2,81,,11087,1,0,39 40 41,2,28,,11086,1,0,39 40 41,2,663,,11093,1,,,2,100,9,11090,1,,,2,27,6,11092,1,,,2,78,4,11091,1,,,2
90400,'65040',2211,,11474,4,0,7 8 1 9,0,28,,11475,4,0,7 8 1 9,0,100,,11476,4,0,7 8 1 9,0,106,,11477,4,,,0
90400,'65041',733,,11484,4,0,7 8 1 9,0,1201,,11483,4,0,7 8 1 9,0,101,,11479,4,0,7 8 1 9,0,101,,11481,4,0,7 8 1 9,0,100,,11480,4,0,7 8 1 9,0,98,,11482,4,0,7 8 1 9,0,112,,11478,4,,,0
90400,'65042',733,,11491,4,0,7 8 1 9,0,1201,,11490,4,0,7 8 1 9,0,101,,11486,4,0,7 8 1 9,0,101,,11488,4,0,7 8 1 9,0,100,,11487,4,0,7 8 1 9,0,98,,11489,4,0,7 8 1 9,0,112,,11485,4,,,0
