101,'65040',710,,7964,41,,,0,20,,7965,41,,,0,22,,7966,41,,,0,190,,7967,41,,,0,101,,7968,41,,,0,101,,7969,41,,,0,99,,7970,41,,,0,101,,7971,41,,,0,101,,7972,41,,,0,176,,7973,41,,,0,138,,7976,41,,,0,260,,7975,41,,,0,104,,7974,41,,,0,121,,7987,18,,,0,100,,7988,18,,,0
301,'65040',602,,8244,39,,,0,29,,8245,39,,,0,16,,8246,39,,,0,65,,8247,39,,,0,16,,8251,39,,,0,15,,8248,39,,,0,15,,8249,39,,,0,55,,8250,39,,,0,17,,8252,39,,,0,13,,8260,39,,,0,61,,8253,39,,,0,21,,8254,39,,,0,19,,8255,39,,,0,62,,8256,39,,,0,19,,8257,39,,,0,22,,8258,39,,,0,61,,8259,39,,,0,19,,8261,39,,,0,20,,8262,39,,,0,61,,8263,39,,,0,21,,8264,39,,,0,20,,8265,39,,,0,61,,8266,39,,,0,20,,8267,39,,,0,19,,8268,39,,,0,60,,8269,39,,,0,19,,8270,39,,,0,21,,8271,39,,,0,59,,8272,39,,,0,13,,8294,39,,,0,16,,8273,39,,,0,17,,8274,39,,,0,52,,8275,39,,,0,16,,8276,39,,,0,14,,8277,39,,,0,14,,8278,39,,,0,55,,8279,39,,,0,15,,8293,39,,,0,15,,8280,39,,,0,16,,8281,39,,,0,58,,8282,39,,,0,16,,8283,39,,,0,29,,8284,39,,,0,55,,8285,39,,,0,30,,8286,39,,,0,70,,8287,39,,,0,29,,8288,39,,,0,72,,8289,39,,,0,25,,8290,39,,,0,70,,8295,39,,,0,25,,8291,39,,,0,100,,8292,39,,,0
301,'65041',636,,8313,39,,,0,70,,8314,39,,,0,32,,8315,39,,,0,69,,8316,39,,,0,29,,8317,39,,,0,65,,8312,39,,,0,31,,8296,39,,,0,70,,8297,39,,,0,30,,8298,39,,,0,70,,8299,39,,,0,31,,8300,39,,,0,70,,8301,39,,,0,30,,8302,39,,,0,70,,8303,39,,,0,30,,8304,39,,,0,70,,8305,39,,,0,30,,8306,39,,,0,71,,8307,39,,,0,29,,8308,39,,,0,72,,8309,39,,,0,30,,8310,39,,,0,69,,8311,39,,,0,30,,8318,39,,,0,70,,8319,39,,,0,31,,8320,39,,,0,72,,8326,39,,,0,30,,8321,39,,,0,70,,8327,39,,,0,30,,8322,39,,,0,100,,8323,39,,,0,99,,8324,39,,,0,100,,8325,39,,,0
301,'65042',636,,8345,39,,,0,70,,8346,39,,,0,32,,8347,39,,,0,69,,8348,39,,,0,29,,8349,39,,,0,65,,8344,39,,,0,31,,8328,39,,,0,70,,8329,39,,,0,30,,8330,39,,,0,70,,8331,39,,,0,31,,8332,39,,,0,70,,8333,39,,,0,30,,8334,39,,,0,70,,8335,39,,,0,30,,8336,39,,,0,70,,8337,39,,,0,30,,8338,39,,,0,71,,8339,39,,,0,29,,8340,39,,,0,72,,8341,39,,,0,30,,8342,39,,,0,69,,8343,39,,,0,30,,8350,39,,,0,70,,8351,39,,,0,31,,8352,39,,,0,72,,8358,39,,,0,30,,8353,39,,,0,70,,8359,39,,,0,30,,8354,39,,,0,100,,8355,39,,,0,99,,8356,39,,,0,100,,8357,39,,,0
5501,'65040',810,,10979,88,,,2,114,,10972,88,,,2,116,,10980,88,,,2,116,,10973,88,,,2,156,,10981,88,,,2,118,,10974,88,,,2,113,,10977,88,,,2,167,,10975,88,,,2,110,,10978,88,,,2
5501,'65041',904,,10989,88,,,2,110,,10988,88,,,2,110,,10987,88,,,2,111,,10986,88,,,2,110,,10985,88,,,2,110,,10984,88,,,2,149,,10982,88,,,2
5501,'65042',904,,10997,88,,,2,110,,10996,88,,,2,110,,10995,88,,,2,111,,10994,88,,,2,110,,10993,88,,,2,110,,10992,88,,,2,149,,10990,88,,,2
90700,'65040',635,,11508,29,,,0
91301,'65040',2458,,11520,18,,,0
91301,'65041',2458,,11521,18,,,0
91301,'65042',2458,,11522,18,,,0
