800,'65040',617,,9013,6,,,1,27,,9014,6,,,1,15,,9065,6,,,1,55,,9015,6,,,1,15,,9016,6,,,1,15,,9017,6,,,1,14,,9018,6,,,1,55,,9019,6,,,1,10,,9020,6,,,1,17,,9021,6,,,1,60,,9022,6,,,1,22,,9023,6,,,1,20,,9024,6,,,1,58,,9025,6,,,1,20,,9026,6,,,1,21,,9027,6,,,1,60,,9028,6,,,1,19,,9029,6,,,1,20,,9030,6,,,1,60,,9031,6,,,1,19,,9032,6,,,1,20,,9033,6,,,1,61,,9034,6,,,1,20,,9035,6,,,1,19,,9036,6,,,1,62,,9037,6,,,1,11,,9038,6,,,1,13,,9039,6,,,1,22,,9040,6,,,1,54,,9041,6,,,1,10,,9042,6,,,1,15,,9043,6,,,1,15,,9044,6,,,1,10,,9045,6,,,1,55,,9046,6,,,1,10,,9047,6,,,1,9,,9048,6,,,1,16,,9049,6,,,1,13,,9050,6,,,1,57,,9051,6,,,1,14,,9052,6,,,1,20,,9053,6,,,1,61,,9054,6,,,1,21,,9055,6,,,1,19,,9056,6,,,1,70,,9057,6,,,1,30,,9058,6,,,1,71,,9059,6,,,1,31,,9060,6,,,1,81,,9061,6,,,1,21,,9062,6,,,1,67,,9063,6,,,1,101,,9064,6,,,1
800,'65041',615,,9082,6,,,1,99,,9083,6,,,1,29,,9084,6,,,1,68,,9085,6,,,1,24,,9086,6,,,1,68,,9066,6,,,1,31,,9067,6,,,1,69,,9068,6,,,1,30,,9069,6,,,1,70,,9070,6,,,1,30,,9071,6,,,1,69,,9072,6,,,1,29,,9073,6,,,1,71,,9074,6,,,1,30,,9075,6,,,1,70,,9076,6,,,1,30,,9077,6,,,1,70,,9078,6,,,1,30,,9079,6,,,1,70,,9080,6,,,1,30,,9081,6,,,1,70,,9087,6,,,1,32,,9088,6,,,1,71,,9094,6,,,1,33,,9089,6,,,1,77,,9095,6,,,1,101,,9090,6,,,1,101,,9091,6,,,1,101,,9092,6,,,1,100,,9093,6,,,1
800,'65042',615,,9112,6,,,1,99,,9113,6,,,1,29,,9114,6,,,1,68,,9115,6,,,1,24,,9116,6,,,1,68,,9096,6,,,1,31,,9097,6,,,1,69,,9098,6,,,1,30,,9099,6,,,1,70,,9100,6,,,1,30,,9101,6,,,1,69,,9102,6,,,1,29,,9103,6,,,1,71,,9104,6,,,1,30,,9105,6,,,1,70,,9106,6,,,1,30,,9107,6,,,1,70,,9108,6,,,1,30,,9109,6,,,1,70,,9110,6,,,1,30,,9111,6,,,1,70,,9117,6,,,1,32,,9118,6,,,1,71,,9124,6,,,1,33,,9119,6,,,1,77,,9125,6,,,1,101,,9120,6,,,1,101,,9121,6,,,1,101,,9122,6,,,1,100,,9123,6,,,1
900,'65040',714,,9236,6,,,0,109,,9237,6,,,0,103,,9238,6,,,0,99,,9239,6,,,0,100,,9240,6,,,0,31,,9241,6,,,0,101,,9242,6,,,0,100,,9243,6,,,0,70,,9244,6,,,0,28,,9245,6,,,0,169,,9246,6,,,0,101,,9247,6,,,0,101,,9248,6,,,0,85,,9249,6,,,0
900,'65041',1025,,9260,6,,,0,100,,9261,6,,,0,100,,9262,6,,,0,100,,9263,6,,,0,99,,9264,6,,,0,100,,9265,6,,,0,101,,9266,6,,,0
900,'65042',1025,,9275,6,,,0,100,,9276,6,,,0,100,,9277,6,,,0,100,,9278,6,,,0,99,,9279,6,,,0,100,,9280,6,,,0,101,,9281,6,,,0
1101,'65040',547,,9457,6,,,0,70,,9458,6,,,0,30,,9472,39,0,54,0,60,,9436,39,,,0,34,,9437,39,,,0,70,,9459,39,0,54,0,36,,9438,39,,,0,58,,9460,39,0,54,0,31,,9461,39,0,54,0,67,,9439,39,,,0,30,,9462,39,0,54,0,70,,9440,39,,,0,40,,9463,39,0,54,0,60,,9441,39,,,0,39,,9473,17,0,54,0,60,,9442,39,,,0,39,,9464,17,0,54,0,63,,9443,39,,,0,30,,9465,17,0,54,0,69,,9444,39,,,0,30,,9445,39,,,0,71,,9446,39,,,0,14,,9466,17,0,54,0,16,,9447,39,,,0,71,,9448,39,,,0,31,,9449,39,,,0,15,,9475,39,0,54,0,54,,9450,39,,,0,29,,9451,39,,,0,70,,9467,39,0,54,0,29,,9452,39,,,0,70,,9476,17,0,54,0,30,,9453,39,,,0,70,,9468,17,0,54,0,15,,9471,39,0,54,0,26,,9454,39,,,0,11,,9469,17,0,54,0,53,,9470,17,0,54,0,33,,9455,39,,,0,104,,9456,39,,,0,75,,9474,39,0,54,0
1101,'65041',641,,9495,6,,,0,87,,9496,6,,,0,102,,9494,39,,,0,29,,9477,17,,,0,85,,9486,39,0,54,0,70,,9478,39,,,0,30,,9487,39,0,54,0,70,,9479,39,,,0,29,,9488,39,0,54,0,70,,9480,39,,,0,30,,9489,39,0,54,0,70,,9481,39,,,0,30,,9490,39,0,54,0,70,,9482,39,,,0,30,,9491,39,0,54,0,70,,9483,39,,,0,30,,9492,39,0,54,0,70,,9484,39,,,0,30,,9493,39,0,54,0,70,,9485,39,,,0,22,,9497,39,0,54,0,24,,9498,39,,,0,67,,9499,39,0,54,0,16,,9500,39,,,0,100,,9501,39,,,0,100,,9502,39,,,0,99,,9503,39,,,0,98,,9504,39,,,0,99,,9505,39,,,0,100,,9506,39,0,54,0
1101,'65042',641,,9525,6,,,0,87,,9526,6,,,0,102,,9524,39,,,0,29,,9507,17,,,0,85,,9516,39,0,54,0,70,,9508,39,,,0,30,,9517,39,0,54,0,70,,9509,39,,,0,29,,9518,39,0,54,0,70,,9510,39,,,0,30,,9519,39,0,54,0,70,,9511,39,,,0,30,,9520,39,0,54,0,70,,9512,39,,,0,30,,9521,39,0,54,0,70,,9513,39,,,0,30,,9522,39,0,54,0,70,,9514,39,,,0,30,,9523,39,0,54,0,70,,9515,39,,,0,22,,9527,39,0,54,0,24,,9528,39,,,0,67,,9529,39,0,54,0,16,,9530,39,,,0,100,,9531,39,,,0,100,,9532,39,,,0,99,,9533,39,,,0,98,,9534,39,,,0,99,,9535,39,,,0,100,,9536,39,0,54,0
1400,'65040',632,,9702,6,,,0,74,,9703,6,,,0,16,,9704,6,,,0,29,,9705,6,,,0,67,,9706,6,,,0,32,,9707,6,,,0,62,,9708,6,,,0,39,,9709,6,,,0,62,,9710,6,,,0,19,,9711,6,,,0,80,,9712,6,,,0,20,,9713,6,,,0,20,,9714,6,,,0,61,,9715,6,,,0,32,,9716,6,,,0,62,,9717,6,,,0,26,,9718,6,,,0,20,,9719,6,,,0,81,,9739,6,,,0,67,,9720,6,,,0,32,,9721,6,,,0,26,,9722,6,,,0,52,,9723,6,,,0,37,,9724,6,,,0,70,,9725,6,,,0,20,,9726,6,,,0,76,,9727,6,,,0,24,,9728,6,,,0,66,,9729,6,,,0,27,,9730,6,,,0,70,,9731,6,,,0,30,,9732,6,,,0,27,,9733,6,,,0,63,,9734,6,,,0,82,,9735,6,,,0,97,,9736,6,,,0,29,,9737,6,,,0,92,,9738,6,,,0
1400,'65041',700,,9748,6,,,0,101,,9749,6,,,0,50,,9740,6,,,0,99,,9741,6,,,0,100,,9742,6,,,0,100,,9743,6,,,0,103,,9744,6,,,0,99,,9757,6,,,0,100,,9745,6,,,0,100,,9746,6,,,0,101,,9747,6,,,0,102,,9750,6,,,0,148,,9751,6,,,0,102,,9752,6,,,0,101,,9753,6,,,0,98,,9754,6,,,0,100,,9755,6,,,0,118,,9756,6,,,0
1400,'65042',700,,9766,6,,,0,101,,9767,6,,,0,50,,9758,6,,,0,99,,9759,6,,,0,100,,9760,6,,,0,100,,9761,6,,,0,103,,9762,6,,,0,99,,9775,6,,,0,100,,9763,6,,,0,100,,9764,6,,,0,101,,9765,6,,,0,102,,9768,6,,,0,148,,9769,6,,,0,102,,9770,6,,,0,101,,9771,6,,,0,98,,9772,6,,,0,100,,9773,6,,,0,118,,9774,6,,,0
1900,'65040',704,,10267,20,,,0,35,,10268,20,,,0,20,,10269,20,,,0,100,,10270,20,,,0,100,,10271,20,,,0,143,,10272,20,,,0,100,,10273,20,,,0,56,,10274,20,,,0,100,,10275,20,,,0,100,,10276,20,,,0,81,,10277,20,,,0,80,,10278,20,,,0,30,,10279,20,,,0,71,,10280,20,,,0,29,,10281,20,,,0,84,,10282,20,,,0
91900,'65040',602,,11539,20,,,0
