800,'65040',618,,9013,8,,,1,27,,9014,8,,,1,55,,9065,8,,,1,15,,9015,8,,,1,15,,9016,8,,,1,15,,9017,8,,,1,14,,9018,8,,,1,55,,9019,8,,,1,10,,9020,8,,,1,17,,9021,8,,,1,60,,9022,8,,,1,22,,9023,8,,,1,20,,9024,8,,,1,58,,9025,8,,,1,20,,9026,8,,,1,21,,9027,8,,,1,60,,9028,8,,,1,19,,9029,8,,,1,20,,9030,8,,,1,60,,9031,8,,,1,19,,9032,8,,,1,20,,9033,8,,,1,61,,9034,8,,,1,20,,9035,8,,,1,19,,9036,8,,,1,62,,9037,8,,,1,11,,9038,8,,,1,13,,9039,8,,,1,22,,9040,8,,,1,54,,9041,8,,,1,10,,9042,8,,,1,15,,9043,8,,,1,15,,9044,8,,,1,10,,9045,8,,,1,55,,9046,8,,,1,10,,9047,8,,,1,9,,9048,8,,,1,16,,9049,8,,,1,13,,9050,8,,,1,57,,9051,8,,,1,14,,9052,8,,,1,20,,9053,8,,,1,61,,9054,8,,,1,21,,9055,8,,,1,19,,9056,8,,,1,70,,9057,8,,,1,30,,9058,8,,,1,71,,9059,8,,,1,31,,9060,8,,,1,81,,9061,8,,,1,21,,9062,8,,,1,67,,9063,8,,,1,101,,9064,8,,,1
800,'65041',616,,9082,8,,,1,99,,9083,8,,,1,29,,9084,8,,,1,68,,9085,8,,,1,24,,9086,8,,,1,68,,9066,8,,,1,31,,9067,8,,,1,69,,9068,8,,,1,30,,9069,8,,,1,70,,9070,8,,,1,30,,9071,8,,,1,69,,9072,8,,,1,29,,9073,8,,,1,71,,9074,8,,,1,30,,9075,8,,,1,70,,9076,8,,,1,30,,9077,8,,,1,70,,9078,8,,,1,30,,9079,8,,,1,70,,9080,8,,,1,30,,9081,8,,,1,70,,9087,8,,,1,32,,9088,8,,,1,71,,9094,8,,,1,33,,9089,8,,,1,77,,9095,8,,,1,101,,9090,8,,,1,101,,9091,8,,,1,101,,9092,8,,,1,100,,9093,8,,,1
800,'65042',616,,9112,8,,,1,99,,9113,8,,,1,29,,9114,8,,,1,68,,9115,8,,,1,24,,9116,8,,,1,68,,9096,8,,,1,31,,9097,8,,,1,69,,9098,8,,,1,30,,9099,8,,,1,70,,9100,8,,,1,30,,9101,8,,,1,69,,9102,8,,,1,29,,9103,8,,,1,71,,9104,8,,,1,30,,9105,8,,,1,70,,9106,8,,,1,30,,9107,8,,,1,70,,9108,8,,,1,30,,9109,8,,,1,70,,9110,8,,,1,30,,9111,8,,,1,70,,9117,8,,,1,32,,9118,8,,,1,71,,9124,8,,,1,33,,9119,8,,,1,77,,9125,8,,,1,101,,9120,8,,,1,101,,9121,8,,,1,101,,9122,8,,,1,100,,9123,8,,,1
900,'65040',715,,9236,8,,,0,109,,9237,8,,,0,103,,9238,8,,,0,99,,9239,8,,,0,100,,9240,8,,,0,31,,9241,8,,,0,101,,9242,8,,,0,100,,9243,8,,,0,70,,9244,8,,,0,28,,9245,8,,,0,169,,9246,8,,,0,101,,9247,8,,,0,101,,9248,8,,,0,85,,9249,8,,,0
900,'65041',1026,,9260,8,,,0,100,,9261,8,,,0,100,,9262,8,,,0,100,,9263,8,,,0,99,,9264,8,,,0,100,,9265,8,,,0,101,,9266,8,,,0
900,'65042',1026,,9275,8,,,0,100,,9276,8,,,0,100,,9277,8,,,0,100,,9278,8,,,0,99,,9279,8,,,0,100,,9280,8,,,0,101,,9281,8,,,0
1101,'65040',548,,9457,8,,,0,70,,9458,8,,,0,30,,9472,41,0,54,0,60,,9436,41,,,0,34,,9437,41,,,0,70,,9459,41,0,54,0,36,,9438,41,,,0,58,,9460,41,0,54,0,31,,9461,41,0,54,0,67,,9439,41,,,0,30,,9462,41,0,54,0,70,,9440,41,,,0,40,,9463,41,0,54,0,60,,9441,41,,,0,39,,9473,19,0,54,0,60,,9442,41,,,0,39,,9464,19,0,54,0,63,,9443,41,,,0,30,,9465,19,0,54,0,69,,9444,41,,,0,30,,9445,41,,,0,71,,9446,41,,,0,14,,9466,19,0,54,0,16,,9447,41,,,0,71,,9448,41,,,0,31,,9449,41,,,0,15,,9475,41,0,54,0,54,,9450,41,,,0,29,,9451,41,,,0,70,,9467,41,0,54,0,29,,9452,41,,,0,70,,9476,19,0,54,0,30,,9453,41,,,0,70,,9468,19,0,54,0,15,,9471,41,0,54,0,26,,9454,41,,,0,11,,9469,19,0,54,0,53,,9470,19,0,54,0,33,,9455,41,,,0,104,,9456,41,,,0,75,,9474,41,0,54,0
1101,'65041',642,,9495,8,,,0,87,,9496,8,,,0,102,,9494,41,,,0,69,,9477,19,,,0,45,,9486,41,0,54,0,70,,9478,41,,,0,30,,9487,41,0,54,0,70,,9479,41,,,0,29,,9488,41,0,54,0,70,,9480,41,,,0,30,,9489,41,0,54,0,70,,9481,41,,,0,30,,9490,41,0,54,0,70,,9482,41,,,0,30,,9491,41,0,54,0,70,,9483,41,,,0,30,,9492,41,0,54,0,70,,9484,41,,,0,30,,9493,41,0,54,0,70,,9485,41,,,0,22,,9497,41,0,54,0,64,,9498,41,,,0,27,,9499,41,0,54,0,16,,9500,41,,,0,100,,9501,41,,,0,100,,9502,41,,,0,99,,9503,41,,,0,98,,9504,41,,,0,99,,9505,41,,,0,100,,9506,41,0,54,0
1101,'65042',642,,9525,8,,,0,87,,9526,8,,,0,102,,9524,41,,,0,69,,9507,19,,,0,45,,9516,41,0,54,0,70,,9508,41,,,0,30,,9517,41,0,54,0,70,,9509,41,,,0,29,,9518,41,0,54,0,70,,9510,41,,,0,30,,9519,41,0,54,0,70,,9511,41,,,0,30,,9520,41,0,54,0,70,,9512,41,,,0,30,,9521,41,0,54,0,70,,9513,41,,,0,30,,9522,41,0,54,0,70,,9514,41,,,0,30,,9523,41,0,54,0,70,,9515,41,,,0,22,,9527,41,0,54,0,64,,9528,41,,,0,27,,9529,41,0,54,0,16,,9530,41,,,0,100,,9531,41,,,0,100,,9532,41,,,0,99,,9533,41,,,0,98,,9534,41,,,0,99,,9535,41,,,0,100,,9536,41,0,54,0
1400,'65040',633,,9702,8,,,0,74,,9703,8,,,0,16,,9704,8,,,0,29,,9705,8,,,0,67,,9706,8,,,0,32,,9707,8,,,0,62,,9708,8,,,0,39,,9709,8,,,0,62,,9710,8,,,0,19,,9711,8,,,0,80,,9712,8,,,0,20,,9713,8,,,0,20,,9714,8,,,0,61,,9715,8,,,0,32,,9716,8,,,0,62,,9717,8,,,0,26,,9718,8,,,0,20,,9719,8,,,0,81,,9739,8,,,0,67,,9720,8,,,0,32,,9721,8,,,0,66,,9722,8,,,0,12,,9723,8,,,0,37,,9724,8,,,0,70,,9725,8,,,0,20,,9726,8,,,0,76,,9727,8,,,0,24,,9728,8,,,0,66,,9729,8,,,0,27,,9730,8,,,0,70,,9731,8,,,0,30,,9732,8,,,0,27,,9733,8,,,0,63,,9734,8,,,0,82,,9735,8,,,0,97,,9736,8,,,0,29,,9737,8,,,0,92,,9738,8,,,0
1400,'65041',701,,9748,8,,,0,101,,9749,8,,,0,50,,9740,8,,,0,99,,9741,8,,,0,100,,9742,8,,,0,100,,9743,8,,,0,103,,9744,8,,,0,99,,9757,8,,,0,100,,9745,8,,,0,100,,9746,8,,,0,101,,9747,8,,,0,102,,9750,8,,,0,148,,9751,8,,,0,102,,9752,8,,,0,101,,9753,8,,,0,98,,9754,8,,,0,100,,9755,8,,,0,118,,9756,8,,,0
1400,'65042',701,,9766,8,,,0,101,,9767,8,,,0,50,,9758,8,,,0,99,,9759,8,,,0,100,,9760,8,,,0,100,,9761,8,,,0,103,,9762,8,,,0,99,,9775,8,,,0,100,,9763,8,,,0,100,,9764,8,,,0,101,,9765,8,,,0,102,,9768,8,,,0,148,,9769,8,,,0,102,,9770,8,,,0,101,,9771,8,,,0,98,,9772,8,,,0,100,,9773,8,,,0,118,,9774,8,,,0
91900,'65040',603,,11539,22,,,0
