100,'65040',838,,7922,2,,,0,101,,7923,2,,,0,99,,7924,2,,,0,98,,7925,2,,,0,100,,7926,2,,,0,100,,7927,2,,,0,290,,7928,2,,,0,27,,7929,2,,,0,71,,7930,2,,,0,196,,7931,2,,,0,104,,7932,2,,,0,91,,7933,2,,,0,92,,7934,2,0,5 6 2 68,0,102,,7935,2,0,5 6 2 68,0
100,'65041',1714,,7951,2,0,5 6 2 68,0
100,'65042',1714,,7962,2,0,5 6 2 68,0
400,'65040',634,,8361,2,,,0,25,,8386,2,0,5 6 2 66,0,67,,8388,2,0,5 6 2 66,0,77,,8364,2,,,0,34,,8365,2,,,0,91,,8366,2,,,0,19,,8390,2,0,5 6 2 66,0,81,,8367,2,,,0,19,,8391,2,0,5 6 2 66,0,81,,8368,2,,,0,80,,8392,2,0,5 6 2 66,0,18,,8369,2,,,0,80,,8370,2,,,0,22,,8393,2,0,5 6 2 66,0,84,,8371,2,,,0,24,,8372,2,,,0,69,,8373,2,,,0,16,,8394,2,0,5 6 2 66,0,14,,8374,2,,,0,18,,8395,2,0,5 6 2 66,0,52,,8375,2,,,0,11,,8397,2,0,5 6 2 66,0,8,,8376,2,,,0,31,,8377,2,,,0,60,,8398,2,0,5 6 2 66,0,16,,8378,2,,,0,22,,8399,2,0,5 6 2 66,0,60,,8379,2,,,0,23,,8396,2,0,5 6 2 66,0,23,,8380,2,,,0,69,,8381,2,,,0,31,,8382,2,,,0,73,,8383,2,,,0,92,,8384,2,,,0,22,,8387,2,0,5 6 2 66,0,69,,8385,2,0,5 6 2 66,0,102,,8389,2,0,5 6 2 66,0
400,'65041',713,,8416,2,0,5 6 2 66,0,28,,8426,2,0,5 6 2 66,0,73,,8427,2,,,0,43,,8408,2,,,0,69,,8400,2,0,5 6 2 66,0,32,,8409,2,,,0,68,,8401,2,0,5 6 2 66,0,32,,8410,2,,,0,68,,8402,2,0,5 6 2 66,0,31,,8411,2,,,0,69,,8403,2,0,5 6 2 66,0,31,,8412,2,,,0,68,,8404,2,0,5 6 2 66,0,31,,8413,2,,,0,68,,8405,2,0,5 6 2 66,0,31,,8414,2,,,0,71,,8406,2,0,5 6 2 66,0,30,,8415,2,,,0,70,,8407,2,0,5 6 2 66,0,30,,8425,2,,,0,61,,8417,2,,,0,23,,8418,2,,,0,83,,8419,2,,,0,89,,8420,2,0,5 6 2 66,0,99,,8421,2,0,5 6 2 66,0,100,,8422,2,0,5 6 2 66,0,100,,8423,2,0,5 6 2 66,0,99,,8424,2,0,5 6 2 66,0
400,'65042',713,,8444,2,0,5 6 2 66,0,28,,8454,2,0,5 6 2 66,0,73,,8455,2,,,0,43,,8436,2,,,0,69,,8428,2,0,5 6 2 66,0,32,,8437,2,,,0,68,,8429,2,0,5 6 2 66,0,32,,8438,2,,,0,68,,8430,2,0,5 6 2 66,0,31,,8439,2,,,0,69,,8431,2,0,5 6 2 66,0,31,,8440,2,,,0,68,,8432,2,0,5 6 2 66,0,31,,8441,2,,,0,68,,8433,2,0,5 6 2 66,0,31,,8442,2,,,0,71,,8434,2,0,5 6 2 66,0,30,,8443,2,,,0,70,,8435,2,0,5 6 2 66,0,30,,8453,2,,,0,61,,8445,2,,,0,23,,8446,2,,,0,83,,8447,2,,,0,89,,8448,2,0,5 6 2 66,0,99,,8449,2,0,5 6 2 66,0,100,,8450,2,0,5 6 2 66,0,100,,8451,2,0,5 6 2 66,0,99,,8452,2,0,5 6 2 66,0
1700,'65040',708,,10074,41,,,0,36,,10075,41,,,0,73,,10076,41,,,0,90,,10077,41,,,0,100,,10078,41,,,0,100,,10079,41,,,0,41,,10080,41,,,0,101,,10081,41,,,0,101,,10082,41,,,0,101,,10083,41,,,0,188,,10085,41,,,0,414,,10090,41,,,0
5501,'65040',830,,10979,106,,,2,112,,10972,106,,,2,116,,10980,106,,,2,157,,10973,106,,,2,115,,10981,106,,,2,118,,10974,106,,,2,156,,10977,106,,,2,123,,10975,106,,,2,110,,10978,106,,,2
5501,'65041',921,,10989,106,,,2,110,,10988,106,,,2,110,,10987,106,,,2,112,,10986,106,,,2,150,,10985,106,,,2,110,,10984,106,,,2,107,,10982,106,,,2
5501,'65042',921,,10997,106,,,2,110,,10996,106,,,2,110,,10995,106,,,2,112,,10994,106,,,2,150,,10993,106,,,2,110,,10992,106,,,2,107,,10990,106,,,2
5700,'65040',904,,11002,2,,,2,99,,11000,2,,,2,123,,11001,2,,,2,105,,10998,2,,,2,121,,11003,2,,,2,105,,10999,2,,,2,160,,11004,2,,,2
5700,'65041',1109,,11010,2,,,2,113,,11009,2,,,2,102,,11008,2,,,2,112,,11007,2,,,2,102,,11006,2,,,2,112,,11005,2,0,56,2
5700,'65042',1109,,11016,2,,,2,113,,11015,2,,,2,102,,11014,2,,,2,112,,11013,2,,,2,102,,11012,2,,,2,112,,11011,2,0,56,2
91700,'65040',612,,11523,41,,,0
