701,'65040',710,,8916,4,0,54,0,23,,8917,4,0,54,0,17,,8918,4,,,0,60,,8919,4,,,0,20,,8920,4,0,54,0,26,,8921,4,0,54,0,66,,8922,4,0,54,0,16,,8923,4,0,54,0,63,,8924,4,,,0,25,,8925,4,0,54,0,82,,8926,4,0,54,0,23,,8927,4,0,54,0,78,,8928,4,0,54,0,21,,8929,4,0,54,0,78,,8930,4,0,54,0,21,,8931,4,0,54,0,74,,8932,4,0,54,0,21,,8933,4,0,54,0,32,,8934,4,0,54,0,58,,8935,4,0,54,0,30,,8936,4,,,0,15,,8937,4,,,0,55,,8938,4,0,54,0,29,,8939,4,0,54,0,73,,8940,4,0,54,0,35,,8941,4,0,54,0,68,,8942,4,0,54,0,31,,8943,4,0,54,0,76,,8944,4,0,54,0,25,,8945,4,0,54,0,71,,8946,4,0,54,0,28,,8947,4,,,0,70,,8948,4,0,54,0,30,,8949,4,0,54,0,74,,8950,4,,,0,100,,8952,4,0,54,0,85,,8951,4,0,12 59,0
701,'65041',756,,8981,4,0,54,0,101,,8969,4,0,54,0,97,,8953,4,0,54,0,98,,8954,4,0,54,0,99,,8955,4,0,54,0,100,,8956,4,0,54,0,99,,8957,4,0,54,0,100,,8958,4,0,54,0,101,,8959,4,0,54,0,364,,8982,4,,,0,103,,8973,4,,,0,100,,8974,4,,,0,100,,8975,4,,,0,100,,8976,4,0,54,0,91,,8978,4,0,12 59,0
701,'65042',756,,9011,4,0,54,0,101,,8999,4,0,54,0,97,,8983,4,0,54,0,98,,8984,4,0,54,0,99,,8985,4,0,54,0,100,,8986,4,0,54,0,99,,8987,4,0,54,0,100,,8988,4,0,54,0,101,,8989,4,0,54,0,364,,9012,4,,,0,103,,9003,4,,,0,100,,9004,4,,,0,100,,9005,4,,,0,100,,9006,4,0,54,0,91,,9008,4,0,12 59,0
801,'65040',614,,9126,9,,,1,28,,9127,9,,,1,16,,9128,4,,,1,54,,9129,9,,,1,15,,9130,9,,,1,15,,9175,4,,,1,17,,9131,4,,,1,53,,9132,9,,,1,22,,9133,4,,,1,19,,9134,4,,,1,60,,9135,4,,,1,21,,9136,4,,,1,19,,9137,4,,,1,62,,9138,4,,,1,20,,9139,4,,,1,19,,9140,4,,,1,60,,9141,4,,,1,21,,9142,4,,,1,20,,9143,4,,,1,60,,9144,4,,,1,20,,9145,4,,,1,20,,9146,4,,,1,60,,9147,4,,,1,20,,9148,4,,,1,20,,9149,4,,,1,60,,9150,4,,,1,19,,9151,4,,,1,13,,9152,4,,,1,56,,9153,4,,,1,17,,9154,4,,,1,12,,9155,4,,,1,15,,9156,4,,,1,54,,9157,9,,,1,14,,9158,4,,,1,16,,9159,4,,,1,16,,9160,4,,,1,56,,9161,4,,,1,16,,9162,4,,,1,15,,9163,4,,,1,19,,9164,4,,,1,61,,9165,4,,,1,22,,9166,4,,,1,66,,9167,4,,,1,31,,9168,4,,,1,70,,9169,4,,,1,30,,9170,4,,,1,71,,9171,4,,,1,31,,9172,4,,,1,78,,9173,4,,,1,99,,9174,4,,,1
801,'65041',713,,9193,4,,,1,27,,9204,9,,,1,69,,9194,4,,,1,20,,9195,4,,,1,29,,9176,4,,,1,70,,9177,4,,,1,30,,9178,4,,,1,69,,9179,4,,,1,30,,9180,4,,,1,70,,9181,4,,,1,30,,9182,4,,,1,70,,9183,4,,,1,30,,9184,4,,,1,70,,9185,4,,,1,30,,9186,4,,,1,70,,9187,4,,,1,29,,9188,4,,,1,70,,9189,4,,,1,30,,9190,4,,,1,70,,9191,4,,,1,31,,9192,4,,,1,69,,9196,4,,,1,32,,9197,4,,,1,81,,9198,4,,,1,72,,9199,4,,,1,30,,9200,4,,,1,70,,9205,4,,,1,101,,9201,4,,,1,100,,9202,4,,,1,100,,9203,4,,,1
801,'65042',713,,9223,4,,,1,27,,9234,9,,,1,69,,9224,4,,,1,20,,9225,4,,,1,29,,9206,4,,,1,70,,9207,4,,,1,30,,9208,4,,,1,69,,9209,4,,,1,30,,9210,4,,,1,70,,9211,4,,,1,30,,9212,4,,,1,70,,9213,4,,,1,30,,9214,4,,,1,70,,9215,4,,,1,30,,9216,4,,,1,70,,9217,4,,,1,29,,9218,4,,,1,70,,9219,4,,,1,30,,9220,4,,,1,70,,9221,4,,,1,31,,9222,4,,,1,69,,9226,4,,,1,32,,9227,4,,,1,81,,9228,4,,,1,72,,9229,4,,,1,30,,9230,4,,,1,70,,9235,4,,,1,101,,9231,4,,,1,100,,9232,4,,,1,100,,9233,4,,,1
2201,'65040',705,,10354,4,,,2,41,,10353,4,,,2,81,,10355,4,,,2,693,,10356,4,,,2,95,,10357,4,,,2,41,,10359,4,,,2,81,,10358,4,,,2,80,,10360,4,,,2
90801,'65040',2427,,11509,9,,,0
90801,'65041',2427,,11510,9,,,0
90801,'65042',2427,,11511,9,,,0
