100,'65040',845,,7922,13,,,0,101,,7923,13,,,0,99,,7924,13,,,0,99,,7925,13,,,0,100,,7926,13,,,0,100,,7927,13,,,0,291,,7928,13,,,0,67,,7929,13,,,0,31,,7930,13,,,0,195,,7931,13,,,0,104,,7932,13,,,0,91,,7933,13,,,0,91,,7934,13,0,5 6 2 68,0,101,,7935,13,0,5 6 2 68,0
100,'65041',1723,,7951,13,0,5 6 2 68,0
100,'65042',1723,,7962,13,0,5 6 2 68,0
300,'65040',613,,8132,28,,,0,25,,8133,28,,,0,15,,8134,28,,,0,58,,8135,28,,,0,12,,8136,28,,,0,13,,8137,28,,,0,16,,8138,28,,,0,55,,8139,28,,,0,13,,8140,28,,,0,17,,8141,28,,,0,20,,8142,28,,,0,60,,8143,28,,,0,20,,8144,28,,,0,20,,8145,28,,,0,60,,8146,28,,,0,20,,8147,28,,,0,20,,8148,28,,,0,60,,8149,28,,,0,20,,8150,28,,,0,18,,8151,28,,,0,61,,8152,28,,,0,20,,8153,28,,,0,20,,8154,28,,,0,60,,8155,28,,,0,20,,8156,28,,,0,20,,8157,28,,,0,55,,8158,28,,,0,13,,8159,28,,,0,17,,8181,28,,,0,15,,8160,28,,,0,55,,8161,28,,,0,13,,8162,28,,,0,22,,8163,28,,,0,55,,8164,28,,,0,20,,8165,28,,,0,25,,8166,28,,,0,65,,8167,28,,,0,31,,8168,28,,,0,60,,8169,28,,,0,20,,8170,28,,,0,20,,8171,28,,,0,65,,8172,28,,,0,29,,8173,28,,,0,73,,8174,28,,,0,27,,8175,28,,,0,67,,8180,28,,,0,21,,8176,28,,,0,20,,8177,28,,,0,77,,8178,28,,,0
300,'65041',710,,8198,28,,,0,20,,8199,28,,,0,71,,8200,28,,,0,28,,8211,28,,,0,29,,8182,28,,,0,70,,8183,28,,,0,30,,8184,28,,,0,70,,8185,28,,,0,30,,8186,28,,,0,70,,8187,28,,,0,30,,8188,28,,,0,70,,8189,28,,,0,30,,8190,28,,,0,70,,8191,28,,,0,29,,8192,28,,,0,71,,8193,28,,,0,29,,8194,28,,,0,70,,8195,28,,,0,30,,8196,28,,,0,70,,8197,28,,,0,30,,8201,28,,,0,55,,8202,28,,,0,18,,8203,28,,,0,72,,8204,28,,,0,34,,8205,28,,,0,78,,8206,28,,,0,31,,8212,28,,,0,70,,8207,28,,,0,100,,8208,28,,,0,100,,8209,28,,,0,98,,8210,28,,,0
300,'65042',710,,8229,28,,,0,20,,8230,28,,,0,71,,8231,28,,,0,28,,8242,28,,,0,29,,8213,28,,,0,70,,8214,28,,,0,30,,8215,28,,,0,70,,8216,28,,,0,30,,8217,28,,,0,70,,8218,28,,,0,30,,8219,28,,,0,70,,8220,28,,,0,30,,8221,28,,,0,70,,8222,28,,,0,29,,8223,28,,,0,71,,8224,28,,,0,29,,8225,28,,,0,70,,8226,28,,,0,30,,8227,28,,,0,70,,8228,28,,,0,30,,8232,28,,,0,55,,8233,28,,,0,18,,8234,28,,,0,72,,8235,28,,,0,34,,8236,28,,,0,78,,8237,28,,,0,31,,8243,28,,,0,70,,8238,28,,,0,100,,8239,28,,,0,100,,8240,28,,,0,98,,8241,28,,,0
5500,'65040',722,,10946,25,,,2,124,,10952,25,,,2,112,,10948,25,,,2,156,,10955,25,,,2,117,,10949,25,,,2,115,,10953,25,,,2,158,,10950,25,,,2,116,,10954,25,,,2,123,,10947,25,,,2,110,,10951,25,0,5 6 2 66,2
5500,'65041',825,,10961,25,,,2,111,,10963,25,,,2,110,,10962,25,,,2,110,,10960,25,,,2,153,,10959,25,,,2,110,,10958,25,,,2,110,,10957,25,,,2,107,,10956,25,0,5 6 2 66,2
5500,'65042',825,,10969,25,,,2,111,,10971,25,,,2,110,,10970,25,,,2,110,,10968,25,,,2,153,,10967,25,,,2,110,,10966,25,,,2,110,,10965,25,,,2,107,,10964,25,0,5 6 2 66,2
90300,'65040',2323,,11467,35,,,0,106,,11468,35,,,0
90300,'65041',2429,,11471,35,,,0
90300,'65042',2429,,11473,35,,,0
2400080000,'65040',611,,11542,6,,,1,26,,11546,6,,,1,65,,11540,6,,,1,26,,11541,6,,,1,21,,11545,6,,,1,63,,11543,6,,,1,22,,11547,6,,,1,15,,11552,6,,,1,60,,11549,6,,,1,30,,11548,6,,,1,70,,11551,6,,,1,30,,11544,6,,,1,70,,11550,6,,,1,31,,11555,6,,,1,70,,11554,6,,,1,30,,11562,6,,,1,70,,11556,6,,,1,30,,11557,6,,,1,70,,11560,6,,,1,25,,11553,6,,,1,75,,11563,6,,,1,21,,11558,6,,,1,20,,11561,6,,,1,60,,11569,6,,,1,20,,11559,6,,,1,20,,11564,6,,,1,60,,11566,6,,,1,19,,11565,6,,,1,20,,11567,6,,,1,63,,11568,6,,,1
