700,'65040',646,,8806,43,,,0,77,,8807,43,,,0,23,,8808,51,,,0,75,,8809,51,,,0,29,,8810,43,,,0,75,,8811,51,,,0,23,,8812,43,,,0,65,,8813,43,,,0,42,,8814,43,,,0,56,,8815,43,,,0,40,,8816,51,,,0,60,,8817,51,,,0,37,,8818,43,,,0,64,,8819,51,,,0,36,,8820,43,,,0,63,,8821,51,,,0,16,,8822,43,,,0,23,,8823,43,,,0,66,,8824,51,,,0,18,,8825,43,,,0,20,,8826,43,,,0,67,,8827,43,,,0,19,,8828,43,,,0,66,,8829,43,,,0,35,,8830,51,,,0,66,,8831,43,,,0,31,,8832,51,,,0,68,,8833,43,,,0,27,,8834,43,,,0,71,,8835,43,,,0,34,,8836,43,,,0,65,,8837,43,,,0,29,,8838,43,,,0,81,,8839,51,,,0,30,,8840,43,,,0,104,,8850,51,,,0
700,'65041',743,,8866,43,,,0,101,,8877,51,,,0,94,,8878,43,,,0,100,,8851,43,,,0,100,,8852,43,,,0,101,,8853,43,,,0,100,,8854,43,,,0,100,,8855,43,,,0,100,,8856,43,,,0,309,,8872,51,,,0,98,,8874,43,,,0,100,,8873,51,,,0,100,,8869,51,,,0,100,,8870,51,,,0,98,,8871,51,,,0
700,'65042',743,,8894,43,,,0,101,,8905,51,,,0,94,,8906,43,,,0,100,,8879,43,,,0,100,,8880,43,,,0,101,,8881,43,,,0,100,,8882,43,,,0,100,,8883,43,,,0,100,,8884,43,,,0,309,,8900,51,,,0,98,,8902,43,,,0,100,,8901,51,,,0,100,,8897,51,,,0,100,,8898,51,,,0,98,,8899,51,,,0
800,'65040',651,,9013,50,,,1,69,,9014,50,,,1,16,,9065,50,,,1,16,,9015,50,,,1,55,,9016,50,,,1,16,,9017,50,,,1,14,,9018,50,,,1,16,,9019,50,,,1,50,,9020,50,,,1,17,,9021,50,,,1,20,,9022,50,,,1,62,,9023,50,,,1,20,,9024,50,,,1,19,,9025,50,,,1,60,,9026,50,,,1,21,,9027,50,,,1,20,,9028,50,,,1,60,,9029,50,,,1,20,,9030,50,,,1,20,,9031,50,,,1,60,,9032,50,,,1,20,,9033,50,,,1,20,,9034,50,,,1,60,,9035,50,,,1,19,,9036,50,,,1,22,,9037,50,,,1,11,,9038,50,,,1,53,,9039,50,,,1,22,,9040,50,,,1,15,,9041,50,,,1,13,,9042,50,,,1,56,,9043,50,,,1,15,,9044,50,,,1,10,,9045,50,,,1,15,,9046,50,,,1,50,,9047,50,,,1,8,,9048,50,,,1,15,,9049,50,,,1,12,,9050,50,,,1,15,,9051,50,,,1,54,,9052,50,,,1,18,,9053,50,,,1,20,,9054,50,,,1,59,,9055,50,,,1,18,,9056,50,,,1,30,,9057,50,,,1,70,,9058,50,,,1,31,,9059,50,,,1,71,,9060,50,,,1,78,,9061,50,,,1,20,,9062,50,,,1,27,,9063,50,,,1,100,,9064,50,,,1
800,'65041',649,,9082,50,,,1,100,,9083,50,,,1,68,,9084,50,,,1,28,,9085,50,,,1,64,,9086,50,,,1,30,,9066,50,,,1,72,,9067,50,,,1,30,,9068,50,,,1,70,,9069,50,,,1,30,,9070,50,,,1,71,,9071,50,,,1,30,,9072,50,,,1,69,,9073,50,,,1,31,,9074,50,,,1,70,,9075,50,,,1,30,,9076,50,,,1,70,,9077,50,,,1,30,,9078,50,,,1,70,,9079,50,,,1,30,,9080,50,,,1,70,,9081,50,,,1,29,,9087,50,,,1,71,,9088,50,,,1,30,,9094,50,,,1,71,,9089,50,,,1,37,,9095,50,,,1,100,,9090,50,,,1,100,,9091,50,,,1,99,,9092,50,,,1,100,,9093,50,,,1
800,'65042',649,,9112,50,,,1,100,,9113,50,,,1,68,,9114,50,,,1,28,,9115,50,,,1,64,,9116,50,,,1,30,,9096,50,,,1,72,,9097,50,,,1,30,,9098,50,,,1,70,,9099,50,,,1,30,,9100,50,,,1,71,,9101,50,,,1,30,,9102,50,,,1,69,,9103,50,,,1,31,,9104,50,,,1,70,,9105,50,,,1,30,,9106,50,,,1,70,,9107,50,,,1,30,,9108,50,,,1,70,,9109,50,,,1,30,,9110,50,,,1,70,,9111,50,,,1,29,,9117,50,,,1,71,,9118,50,,,1,30,,9124,50,,,1,71,,9119,50,,,1,37,,9125,50,,,1,100,,9120,50,,,1,100,,9121,50,,,1,99,,9122,50,,,1,100,,9123,50,,,1
801,'65040',607,,9126,1,,,1,28,,9127,1,,,1,70,,9129,1,,,1,14,,9130,1,,,1,85,,9132,1,,,1,749,,9157,1,,,1
801,'65041',732,,9204,1,,,1
801,'65042',732,,9234,1,,,1
40100,'65040',646,,11036,6,,,0,69,,11037,6,,,0,30,,11038,6,,,0,70,,11039,6,,,0,32,,11040,6,,,0
40101,'65040',1512,,11041,1,,,0,30,,11042,1,,,0,70,3,11043,1,,,0,30,3,11044,1,,,0,70,3,11045,1,,,0
45300,'65040',747,,11094,5,,,2,99,,11095,5,,,2,399,,11096,5,,,2,275,,11098,5,,,2,112,,11097,5,,,2,94,,11099,5,,,2,90,,11100,5,,,2
45400,'65040',648,,11107,4,,,2,69,,11109,4,,,2,22,,11108,4,,,2,72,,11110,4,,,2,36,,11111,4,,,2,697,,11112,4,,,2
45401,'65040',1510,,11113,1,,,2,29,,11115,1,,,2,67,3,11117,1,,,2,40,3,11116,1,,,2,64,51,11114,1,,,2
60400,'65040',607,,11378,4,4,,0,28,,11379,4,4,,0,70,,11380,4,4,,0,14,,11381,4,4,,0,85,,11382,4,4,,0,708,,11383,4,4,,0,30,,11384,4,4,,0,11,,11385,4,4,,0
60400,'65041',732,,11386,4,4,,0
60400,'65042',732,,11387,4,4,,0
90801,'65040',2420,2,11509,1,,,0
90801,'65041',2420,,11510,1,,,0
90801,'65042',2420,,11511,1,,,0
