600,'65040',714,,8668,21,,,0,45,,8669,21,,,0,78,,8670,21,,,0,65,,8671,21,,,0,27,,8672,21,,,0,29,,8673,21,,,0,70,,8674,21,,,0,30,,8675,21,,,0,70,,8676,21,,,0,30,,8677,21,,,0,72,,8678,21,,,0,29,,8679,21,,,0,73,,8680,21,,,0,26,,8681,21,,,0,72,,8682,21,,,0,70,,8683,21,,,0,23,,8684,21,,,0,25,,8685,21,,,0,73,,8686,21,,,0,21,,8687,21,,,0,17,,8688,21,,,0,69,,8689,21,,,0,30,,8690,21,,,0,73,,8691,21,,,0,92,,8692,21,,,0,93,,8693,21,,,0,100,,8694,21,,,0,39,,8695,21,,,0,70,,8696,21,,,0,28,,8697,21,,,0,66,,8698,21,,,0
600,'65041',702,,8708,21,,,0,48,,8709,21,,,0,65,,8710,21,,,0,97,,8700,21,,,0,94,,8701,21,,,0,97,,8702,21,,,0,100,,8703,21,,,0,100,,8704,21,,,0,100,,8705,21,,,0,100,,8706,21,,,0,100,,8707,21,,,0,100,,8718,21,,,0,109,,8716,21,,,0,89,,8715,21,,,0,103,,8714,21,,,0,101,,8713,21,,,0,100,,8712,21,,,0,100,,8711,21,,,0
600,'65042',702,,8727,21,,,0,48,,8728,21,,,0,65,,8729,21,,,0,97,,8719,21,,,0,94,,8720,21,,,0,97,,8721,21,,,0,100,,8722,21,,,0,100,,8723,21,,,0,100,,8724,21,,,0,100,,8725,21,,,0,100,,8726,21,,,0,100,,8737,21,,,0,109,,8735,21,,,0,89,,8734,21,,,0,103,,8733,21,,,0,101,,8732,21,,,0,100,,8731,21,,,0,100,,8730,21,,,0
801,'65040',644,,9126,52,,,1,71,,9127,52,,,1,17,,9128,47,,,1,16,,9129,52,,,1,55,,9130,52,,,1,15,,9175,47,,,1,17,,9131,47,,,1,13,,9132,52,,,1,61,,9133,47,,,1,18,,9134,47,,,1,20,,9135,47,,,1,61,,9136,47,,,1,19,,9137,47,,,1,23,,9138,47,,,1,61,,9139,47,,,1,19,,9140,47,,,1,20,,9141,47,,,1,61,,9142,47,,,1,20,,9143,47,,,1,20,,9144,47,,,1,61,,9145,47,,,1,20,,9146,47,,,1,20,,9147,47,,,1,60,,9148,47,,,1,20,,9149,47,,,1,20,,9150,47,,,1,61,,9151,47,,,1,13,,9152,47,,,1,17,,9153,47,,,1,57,,9154,47,,,1,12,,9155,47,,,1,17,,9156,47,,,1,14,,9157,52,,,1,14,,9158,47,,,1,56,,9159,47,,,1,12,,9160,47,,,1,15,,9161,47,,,1,15,,9162,47,,,1,55,,9163,47,,,1,19,,9164,47,,,1,21,,9165,47,,,1,62,,9166,47,,,1,26,,9167,47,,,1,70,,9168,47,,,1,30,,9169,47,,,1,70,,9170,47,,,1,30,,9171,47,,,1,68,,9172,47,,,1,37,,9173,47,,,1,99,,9174,47,,,1
801,'65041',743,,9193,47,,,1,67,,9204,52,,,1,29,,9194,47,,,1,20,,9195,47,,,1,70,,9176,47,,,1,30,,9177,47,,,1,71,,9178,47,,,1,70,,9179,47,,,1,31,,9180,47,,,1,70,,9181,47,,,1,30,,9182,47,,,1,70,,9183,47,,,1,30,,9184,47,,,1,70,,9185,47,,,1,30,,9186,47,,,1,70,,9187,47,,,1,30,,9188,47,,,1,70,,9189,47,,,1,29,,9190,47,,,1,70,,9191,47,,,1,30,,9192,47,,,1,29,,9196,47,,,1,72,,9197,47,,,1,80,,9198,47,,,1,32,,9199,47,,,1,69,,9200,47,,,1,30,,9205,47,,,1,100,,9201,47,,,1,98,,9202,47,,,1,100,,9203,47,,,1
801,'65042',743,,9223,47,,,1,67,,9234,52,,,1,29,,9224,47,,,1,20,,9225,47,,,1,70,,9206,47,,,1,30,,9207,47,,,1,71,,9208,47,,,1,70,,9209,47,,,1,31,,9210,47,,,1,70,,9211,47,,,1,30,,9212,47,,,1,70,,9213,47,,,1,30,,9214,47,,,1,70,,9215,47,,,1,30,,9216,47,,,1,70,,9217,47,,,1,30,,9218,47,,,1,70,,9219,47,,,1,29,,9220,47,,,1,70,,9221,47,,,1,30,,9222,47,,,1,29,,9226,47,,,1,72,,9227,47,,,1,80,,9228,47,,,1,32,,9229,47,,,1,69,,9230,47,,,1,30,,9235,47,,,1,100,,9231,47,,,1,98,,9232,47,,,1,100,,9233,47,,,1
901,'65040',732,,9289,55,,,0,68,,9290,55,,,0,28,,9291,55,,,0,115,,9292,55,,,0,100,,9293,55,,,0,100,,9294,55,,,0,103,,9295,55,,,0,71,,9296,55,,,0,101,,9297,55,,,0,100,,9298,55,,,0,30,,9299,55,,,0,68,,9300,55,,,0,133,,9301,55,,,0
901,'65041',1039,,9313,55,,,0,101,,9314,55,,,0,101,,9320,55,,,0,100,,9319,55,,,0,100,,9318,55,,,0,100,,9317,55,,,0,101,,9316,55,,,0,101,,9315,55,,,0
901,'65042',1039,,9329,55,,,0,101,,9330,55,,,0,101,,9336,55,,,0,100,,9335,55,,,0,100,,9334,55,,,0,100,,9333,55,,,0,101,,9332,55,,,0,101,,9331,55,,,0
1100,'65040',611,,9378,24,0,22 23 2 67,0,43,,9365,24,,,0,71,,9345,45,,,0,14,,9366,24,,,0,18,,9371,24,0,22 23 2 67,0,58,,9346,45,,,0,25,,9347,45,,,0,72,,9367,24,,,0,33,,9348,45,,,0,63,,9368,24,,,0,36,,9349,45,,,0,67,,9372,24,0,22 23 2 67,0,32,,9350,45,,,0,63,,9373,24,0,22 23 2 67,0,40,,9351,45,,,0,61,,9374,24,0,22 23 2 67,0,39,,9352,45,,,0,60,,9369,24,,,0,38,,9353,45,,,0,68,,9370,24,,,0,31,,9354,45,,,0,69,,9355,45,,,0,32,,9356,45,,,0,69,,9357,45,,,0,30,,9358,45,,,0,70,,9359,45,,,0,31,,9376,45,0,22 23 2 67,0,71,,9360,45,,,0,34,,9377,45,0,22 23 2 67,0,79,,9361,45,,,0,24,,9375,24,0,22 23 2 67,0,76,,9362,45,,,0,104,,9363,45,,,0,100,,9364,45,0,57,0,90,,9379,45,0,22 23 2 67,0
1100,'65041',719,,9395,24,,,0,100,,9396,45,,,0,32,,9397,24,,,0,69,,9380,45,,,0,31,,9381,45,,,0,56,,9388,24,,,0,31,,9382,45,,,0,69,,9389,24,,,0,30,,9383,45,,,0,71,,9390,24,,,0,30,,9384,45,,,0,70,,9391,24,,,0,30,,9385,45,,,0,70,,9392,24,,,0,30,,9386,45,,,0,70,,9393,24,,,0,30,,9387,45,,,0,70,,9394,24,,,0,30,,9398,45,,,0,70,,9399,45,,,0,92,,9400,24,0,22 23 2 67,0,21,,9401,45,,,0,99,,9402,45,,,0,100,,9403,45,,,0,99,,9404,45,,,0,100,,9405,45,,,0,99,,9406,45,,,0,100,,9407,45,0,22 23 2 67,0
1100,'65042',719,,9423,24,,,0,100,,9424,45,,,0,32,,9425,24,,,0,69,,9408,45,,,0,31,,9409,45,,,0,56,,9416,24,,,0,31,,9410,45,,,0,69,,9417,24,,,0,30,,9411,45,,,0,71,,9418,24,,,0,30,,9412,45,,,0,70,,9419,24,,,0,30,,9413,45,,,0,70,,9420,24,,,0,30,,9414,45,,,0,70,,9421,24,,,0,30,,9415,45,,,0,70,,9422,24,,,0,30,,9426,45,,,0,70,,9427,45,,,0,92,,9428,24,0,22 23 2 67,0,21,,9429,45,,,0,99,,9430,45,,,0,100,,9431,45,,,0,99,,9432,45,,,0,100,,9433,45,,,0,99,,9434,45,,,0,100,,9435,45,0,22 23 2 67,0
1101,'65040',639,,9472,31,0,54,0,20,,9436,31,,,0,74,,9437,31,,,0,70,,9459,31,0,54,0,36,,9438,31,,,0,18,,9460,31,0,54,0,71,,9461,31,0,54,0,27,,9439,31,,,0,70,,9462,31,0,54,0,30,,9440,31,,,0,80,,9463,31,0,54,0,20,,9441,31,,,0,79,,9473,9,0,54,0,20,,9442,31,,,0,79,,9464,9,0,54,0,23,,9443,31,,,0,70,,9465,9,0,54,0,29,,9444,31,,,0,70,,9445,31,,,0,30,,9446,31,,,0,54,,9466,9,0,54,0,16,,9447,31,,,0,31,,9448,31,,,0,71,,9449,31,,,0,16,,9475,31,0,54,0,14,,9450,31,,,0,69,,9451,31,,,0,30,,9467,31,0,54,0,69,,9452,31,,,0,30,,9476,9,0,54,0,70,,9453,31,,,0,30,,9468,9,0,54,0,55,,9471,31,0,54,0,26,,9454,31,,,0,11,,9469,9,0,54,0,53,,9470,9,0,54,0,33,,9455,31,,,0,104,,9456,31,,,0,75,,9474,31,0,54,0
1101,'65041',822,,9494,31,,,0,29,,9477,9,,,0,85,,9486,31,0,54,0,70,,9478,31,,,0,30,,9487,31,0,54,0,70,,9479,31,,,0,29,,9488,31,0,54,0,70,,9480,31,,,0,30,,9489,31,0,54,0,70,,9481,31,,,0,29,,9490,31,0,54,0,70,,9482,31,,,0,30,,9491,31,0,54,0,69,,9483,31,,,0,30,,9492,31,0,54,0,70,,9484,31,,,0,30,,9493,31,0,54,0,70,,9485,31,,,0,22,,9497,31,0,54,0,24,,9498,31,,,0,68,,9499,31,0,54,0,16,,9500,31,,,0,100,,9501,31,,,0,100,,9502,31,,,0,99,,9503,31,,,0,98,,9504,31,,,0,100,,9505,31,,,0,100,,9506,31,0,54,0
1101,'65042',822,,9524,31,,,0,29,,9507,9,,,0,85,,9516,31,0,54,0,70,,9508,31,,,0,30,,9517,31,0,54,0,70,,9509,31,,,0,29,,9518,31,0,54,0,70,,9510,31,,,0,30,,9519,31,0,54,0,70,,9511,31,,,0,29,,9520,31,0,54,0,70,,9512,31,,,0,30,,9521,31,0,54,0,69,,9513,31,,,0,30,,9522,31,0,54,0,70,,9514,31,,,0,30,,9523,31,0,54,0,70,,9515,31,,,0,22,,9527,31,0,54,0,24,,9528,31,,,0,68,,9529,31,0,54,0,16,,9530,31,,,0,100,,9531,31,,,0,100,,9532,31,,,0,99,,9533,31,,,0,98,,9534,31,,,0,100,,9535,31,,,0,100,,9536,31,0,54,0
1401,'65040',558,,9776,38,,,0,100,,9777,38,,,0,92,,9778,38,,,0,52,,9812,38,,,0,16,,9779,38,,,0,29,,9780,38,,,0,64,,9781,38,,,0,16,,9782,38,,,0,17,,9783,38,,,0,75,,9784,38,,,0,25,,9785,38,,,0,80,,9786,38,,,0,21,,9787,38,,,0,76,,9788,38,,,0,23,,9789,38,,,0,76,,9790,38,,,0,25,,9791,38,,,0,77,,9792,38,,,0,17,,9793,38,,,0,20,,9813,38,,,0,60,,9794,38,,,0,25,,9795,38,,,0,66,,9796,38,,,0,27,,9797,38,,,0,70,,9798,38,,,0,30,,9799,38,,,0,14,,9800,38,,,0,61,,9801,38,,,0,32,,9802,38,,,0,62,,9803,38,,,0,44,,9804,38,,,0,80,,9805,38,,,0,23,,9806,38,,,0,77,,9807,38,,,0,71,,9808,38,,,0,57,,9809,38,,,0,98,,9810,38,,,0,56,,9811,38,,,0
1401,'65041',754,,9821,38,,,0,95,,9822,38,,,0,96,,9814,38,,,0,68,,9815,38,,,0,100,,9816,38,,,0,100,,9817,38,,,0,100,,9830,38,,,0,99,,9818,38,,,0,100,,9819,38,,,0,101,,9820,38,,,0,101,,9832,38,,,0,98,,9831,38,,,0,38,,9823,38,,,0,104,,9824,38,,,0,101,,9825,38,,,0,98,,9826,38,,,0,99,,9827,38,,,0,99,,9828,38,,,0,61,,9829,38,,,0
1401,'65042',754,,9840,38,,,0,95,,9841,38,,,0,96,,9833,38,,,0,68,,9834,38,,,0,100,,9835,38,,,0,100,,9836,38,,,0,100,,9849,38,,,0,99,,9837,38,,,0,100,,9838,38,,,0,101,,9839,38,,,0,101,,9851,38,,,0,98,,9850,38,,,0,38,,9842,38,,,0,104,,9843,38,,,0,101,,9844,38,,,0,98,,9845,38,,,0,99,,9846,38,,,0,99,,9847,38,,,0,61,,9848,38,,,0
1501,'65040',739,,9912,10,,,0,74,,9897,10,,,0,27,,9913,10,,,0,63,,9910,10,,,0,103,,9909,10,,,0,104,,9908,10,,,0,97,,9907,10,,,0,95,,9906,10,,,0,48,,9905,10,,,0,152,,9904,10,,,0,31,,9903,10,,,0,71,,9902,10,,,0,28,,9911,10,,,0,72,,9901,10,,,0,99,,9900,10,,,0,98,,9899,10,,,0,100,,9898,10,,,0
1501,'65041',826,,9921,10,,,0,109,,9914,10,,,0,86,,9915,10,,,0,100,,9916,10,,,0,100,,9917,10,,,0,100,,9918,10,,,0,100,,9919,10,,,0,101,,9920,10,,,0,101,,9922,10,,,0,111,,9923,10,,,0,98,,9927,10,,,0,93,,9924,10,,,0,103,,9925,10,,,0,98,,9926,10,,,0
1501,'65042',826,,9935,10,,,0,109,,9928,10,,,0,86,,9929,10,,,0,100,,9930,10,,,0,100,,9931,10,,,0,100,,9932,10,,,0,100,,9933,10,,,0,101,,9934,10,,,0,101,,9936,10,,,0,111,,9937,10,,,0,98,,9941,10,,,0,93,,9938,10,,,0,103,,9939,10,,,0,98,,9940,10,,,0
1601,'65040',641,,10008,18,,,0,71,,10009,18,,,0,29,,10010,18,,,0,63,,10011,18,,,0,27,,10036,18,,,0,73,,10012,18,,,0,31,,10013,18,,,0,74,,10014,18,,,0,98,,10015,18,,,0,95,,10016,18,,,0,34,,10017,18,,,0,74,,10018,18,,,0,99,,10019,18,,,0,94,,10020,18,,,0,26,,10021,18,,,0,29,,10022,18,,,0,61,,10023,18,,,0,21,,10024,18,,,0,65,,10033,18,,,0,25,,10025,18,,,0,75,,10026,18,,,0,28,,10027,18,,,0,85,,10028,18,,,0,25,,10029,18,,,0,73,,10030,18,,,0,28,,10031,18,,,0,83,,10037,18,,,0,78,,10032,18,,,0,44,,10034,18,,,0,70,,10035,18,,,0
1601,'65041',713,,10047,18,,,0,95,,10048,18,,,0,97,,10046,18,,,0,98,,10054,18,,,0,31,,10038,18,,,0,100,,10039,18,,,0,100,,10040,18,,,0,100,,10041,18,,,0,100,,10042,18,,,0,100,,10043,18,,,0,100,,10044,18,,,0,102,,10045,18,,,0,97,,10053,18,,,0,80,,10049,18,,,0,99,,10050,18,,,0,99,,10052,18,,,0,98,,10051,18,,,0,35,,10055,18,,,0
1601,'65042',713,,10065,18,,,0,95,,10066,18,,,0,97,,10064,18,,,0,98,,10072,18,,,0,31,,10056,18,,,0,100,,10057,18,,,0,100,,10058,18,,,0,100,,10059,18,,,0,100,,10060,18,,,0,100,,10061,18,,,0,100,,10062,18,,,0,102,,10063,18,,,0,97,,10071,18,,,0,80,,10067,18,,,0,99,,10068,18,,,0,99,,10070,18,,,0,98,,10069,18,,,0,35,,10073,18,,,0
1800,'65040',707,,10171,39,,,0,36,,10172,39,,,0,73,,10173,39,,,0,90,,10174,39,,,0,100,,10175,39,,,0,100,,10176,39,,,0,41,,10177,39,,,0,101,,10178,39,,,0,101,,10179,39,,,0,101,,10180,39,,,0,100,,10181,39,,,0,88,,10182,39,,,0,89,,10183,39,,,0,81,,10184,39,,,0,106,,10185,39,,,0,91,,10186,39,,,0,46,,10187,39,,,0,68,,10188,39,,,0,98,,10189,39,,,0
1800,'65041',808,,10199,39,,,0,113,,10190,39,,,0,99,,10191,39,,,0,100,,10192,39,,,0,95,,10193,39,,,0,100,,10194,39,,,0,101,,10195,39,,,0,100,,10196,39,,,0,99,,10197,39,,,0,101,,10198,39,,,0,100,,10200,39,,,0,93,,10201,39,,,0,101,,10202,39,,,0,100,,10203,39,,,0,99,,10204,39,,,0
1800,'65042',808,,10214,39,,,0,113,,10205,39,,,0,99,,10206,39,,,0,100,,10207,39,,,0,95,,10208,39,,,0,100,,10209,39,,,0,101,,10210,39,,,0,100,,10211,39,,,0,99,,10212,39,,,0,101,,10213,39,,,0,100,,10215,39,,,0,93,,10216,39,,,0,101,,10217,39,,,0,100,,10218,39,,,0,99,,10219,39,,,0
2400,'65040',634,,10399,22,,,2,71,,10398,22,,,2,31,,10400,22,,,2,65,,10401,22,,,2,12,,10397,22,,,2,27,,10402,22,,,2,75,,10403,22,,,2,31,,10404,22,,,2,71,,10405,22,,,2,31,,10406,22,,,2,71,,10408,22,,,2,31,,10407,22,,,2,71,,10409,22,,,2,31,,10412,22,,,2,71,,10411,22,,,2,31,,10413,22,,,2,71,,10410,22,,,2,31,,10415,22,,,2,72,,10414,22,,,2,73,,10416,22,,,2,36,,10417,22,,,2,75,,10418,22,,,2,39,,10419,22,,,2,74,,10420,22,,,2,75,,10421,22,,,2,35,,10422,22,,,2,75,,10426,22,,,2,35,,10423,22,,,2,80,,10424,22,,,2,32,,10425,22,,,2
2400,'65041',802,,10443,22,,,2,41,,10439,22,,,2,78,,10440,22,,,2,96,,10442,22,,,2,100,,10441,22,,,2,100,,10438,22,,,2,100,,10437,22,,,2,100,,10436,22,,,2,100,,10435,22,,,2,100,,10432,22,,,2,105,,10429,22,,,2,99,,10428,22,,,2,84,,10431,22,,,2,46,,10434,22,,,2,100,,10427,22,,,2,98,,10433,22,,,2,100,,10430,22,,,2
2400,'65042',802,,10460,22,,,2,41,,10456,22,,,2,78,,10457,22,,,2,96,,10459,22,,,2,100,,10458,22,,,2,100,,10455,22,,,2,100,,10454,22,,,2,100,,10453,22,,,2,100,,10452,22,,,2,100,,10449,22,,,2,105,,10446,22,,,2,99,,10445,22,,,2,84,,10448,22,,,2,46,,10451,22,,,2,100,,10444,22,,,2,98,,10450,22,,,2,100,,10447,22,,,2
45301,'65040',816,,11101,9,,,2,505,,11102,10,,,2,226,,11103,9,,,2,153,,11105,9,,,2,53,,11106,9,,,2,98,,11104,10,,,2
91800,'65041',2304,,11528,41,,,0
91800,'65042',2304,,11529,41,,,0
