801,'65040',641,,9126,49,,,1,71,,9127,49,,,1,17,,9128,44,,,1,15,,9129,49,,,1,15,,9130,49,,,1,55,,9175,44,,,1,17,,9131,44,,,1,13,,9132,49,,,1,61,,9133,44,,,1,19,,9134,44,,,1,20,,9135,44,,,1,61,,9136,44,,,1,19,,9137,44,,,1,23,,9138,44,,,1,61,,9139,44,,,1,19,,9140,44,,,1,20,,9141,44,,,1,61,,9142,44,,,1,20,,9143,44,,,1,20,,9144,44,,,1,61,,9145,44,,,1,20,,9146,44,,,1,20,,9147,44,,,1,60,,9148,44,,,1,20,,9149,44,,,1,20,,9150,44,,,1,60,,9151,44,,,1,13,,9152,44,,,1,17,,9153,44,,,1,17,,9154,44,,,1,52,,9155,44,,,1,17,,9156,44,,,1,14,,9157,49,,,1,14,,9158,44,,,1,56,,9159,44,,,1,12,,9160,44,,,1,15,,9161,44,,,1,15,,9162,44,,,1,55,,9163,44,,,1,19,,9164,44,,,1,21,,9165,44,,,1,62,,9166,44,,,1,26,,9167,44,,,1,70,,9168,44,,,1,30,,9169,44,,,1,70,,9170,44,,,1,30,,9171,44,,,1,69,,9172,44,,,1,37,,9173,44,,,1,99,,9174,44,,,1
801,'65041',741,,9193,44,,,1,67,,9204,49,,,1,29,,9194,44,,,1,20,,9195,44,,,1,70,,9176,44,,,1,30,,9177,44,,,1,71,,9178,44,,,1,30,,9179,44,,,1,71,,9180,44,,,1,30,,9181,44,,,1,70,,9182,44,,,1,30,,9183,44,,,1,70,,9184,44,,,1,30,,9185,44,,,1,70,,9186,44,,,1,30,,9187,44,,,1,70,,9188,44,,,1,30,,9189,44,,,1,69,,9190,44,,,1,30,,9191,44,,,1,70,,9192,44,,,1,29,,9196,44,,,1,72,,9197,44,,,1,80,,9198,44,,,1,32,,9199,44,,,1,69,,9200,44,,,1,30,,9205,44,,,1,100,,9201,44,,,1,98,,9202,44,,,1,100,,9203,44,,,1
801,'65042',741,,9223,44,,,1,67,,9234,49,,,1,29,,9224,44,,,1,20,,9225,44,,,1,70,,9206,44,,,1,30,,9207,44,,,1,71,,9208,44,,,1,30,,9209,44,,,1,71,,9210,44,,,1,30,,9211,44,,,1,70,,9212,44,,,1,30,,9213,44,,,1,70,,9214,44,,,1,30,,9215,44,,,1,70,,9216,44,,,1,30,,9217,44,,,1,70,,9218,44,,,1,30,,9219,44,,,1,69,,9220,44,,,1,30,,9221,44,,,1,70,,9222,44,,,1,29,,9226,44,,,1,72,,9227,44,,,1,80,,9228,44,,,1,32,,9229,44,,,1,69,,9230,44,,,1,30,,9235,44,,,1,100,,9231,44,,,1,98,,9232,44,,,1,100,,9233,44,,,1
901,'65040',729,,9289,52,,,0,27,,9290,52,,,0,70,,9291,52,,,0,115,,9292,52,,,0,100,,9293,52,,,0,100,,9294,52,,,0,102,,9295,52,,,0,71,,9296,52,,,0,101,,9297,52,,,0,100,,9298,52,,,0,30,,9299,52,,,0,68,,9300,52,,,0,133,,9301,52,,,0
901,'65041',1036,,9313,52,,,0,101,,9314,52,,,0,101,,9320,52,,,0,100,,9319,52,,,0,100,,9318,52,,,0,100,,9317,52,,,0,101,,9316,52,,,0,101,,9315,52,,,0
901,'65042',1036,,9329,52,,,0,101,,9330,52,,,0,101,,9336,52,,,0,100,,9335,52,,,0,100,,9334,52,,,0,100,,9333,52,,,0,101,,9332,52,,,0,101,,9331,52,,,0
1100,'65040',608,,9378,21,0,22 23 2 67,0,43,,9365,21,,,0,71,,9345,42,,,0,13,,9366,21,,,0,18,,9371,21,0,22 23 2 67,0,58,,9346,42,,,0,25,,9347,42,,,0,73,,9367,21,,,0,32,,9348,42,,,0,64,,9368,21,,,0,37,,9349,42,,,0,66,,9372,21,0,22 23 2 67,0,33,,9350,42,,,0,62,,9373,21,0,22 23 2 67,0,39,,9351,42,,,0,62,,9374,21,0,22 23 2 67,0,38,,9352,42,,,0,61,,9369,21,,,0,38,,9353,42,,,0,68,,9370,21,,,0,31,,9354,42,,,0,68,,9355,42,,,0,32,,9356,42,,,0,69,,9357,42,,,0,30,,9358,42,,,0,72,,9359,42,,,0,31,,9376,42,0,22 23 2 67,0,71,,9360,42,,,0,34,,9377,42,0,22 23 2 67,0,79,,9361,42,,,0,24,,9375,21,0,22 23 2 67,0,76,,9362,42,,,0,104,,9363,42,,,0,100,,9364,42,0,57,0,90,,9379,42,0,22 23 2 67,0
1100,'65041',716,,9395,21,,,0,100,,9396,42,,,0,32,,9397,21,,,0,70,,9380,42,,,0,30,,9381,42,,,0,56,,9388,21,,,0,31,,9382,42,,,0,69,,9389,21,,,0,31,,9383,42,,,0,69,,9390,21,,,0,32,,9384,42,,,0,68,,9391,21,,,0,32,,9385,42,,,0,68,,9392,21,,,0,32,,9386,42,,,0,68,,9393,21,,,0,32,,9387,42,,,0,68,,9394,21,,,0,32,,9398,42,,,0,70,,9399,42,,,0,50,,9400,21,0,22 23 2 67,0,63,,9401,42,,,0,99,,9402,42,,,0,100,,9403,42,,,0,99,,9404,42,,,0,100,,9405,42,,,0,99,,9406,42,,,0,100,,9407,42,0,22 23 2 67,0
1100,'65042',716,,9423,21,,,0,100,,9424,42,,,0,32,,9425,21,,,0,70,,9408,42,,,0,30,,9409,42,,,0,56,,9416,21,,,0,31,,9410,42,,,0,69,,9417,21,,,0,31,,9411,42,,,0,69,,9418,21,,,0,32,,9412,42,,,0,68,,9419,21,,,0,32,,9413,42,,,0,68,,9420,21,,,0,32,,9414,42,,,0,68,,9421,21,,,0,32,,9415,42,,,0,68,,9422,21,,,0,32,,9426,42,,,0,70,,9427,42,,,0,50,,9428,21,0,22 23 2 67,0,63,,9429,42,,,0,99,,9430,42,,,0,100,,9431,42,,,0,99,,9432,42,,,0,100,,9433,42,,,0,99,,9434,42,,,0,100,,9435,42,0,22 23 2 67,0
1401,'65040',557,,9776,35,,,0,100,,9777,35,,,0,91,,9778,35,,,0,11,,9812,35,,,0,56,,9779,35,,,0,29,,9780,35,,,0,64,,9781,35,,,0,17,,9782,35,,,0,17,,9783,35,,,0,75,,9784,35,,,0,25,,9785,35,,,0,79,,9786,35,,,0,21,,9787,35,,,0,76,,9788,35,,,0,23,,9789,35,,,0,76,,9790,35,,,0,25,,9791,35,,,0,77,,9792,35,,,0,17,,9793,35,,,0,20,,9813,35,,,0,60,,9794,35,,,0,25,,9795,35,,,0,66,,9796,35,,,0,27,,9797,35,,,0,70,,9798,35,,,0,30,,9799,35,,,0,14,,9800,35,,,0,61,,9801,35,,,0,32,,9802,35,,,0,62,,9803,35,,,0,44,,9804,35,,,0,80,,9805,35,,,0,23,,9806,35,,,0,77,,9807,35,,,0,73,,9808,35,,,0,57,,9809,35,,,0,98,,9810,35,,,0,56,,9811,35,,,0
1401,'65041',752,,9821,35,,,0,95,,9822,35,,,0,96,,9814,35,,,0,68,,9815,35,,,0,100,,9816,35,,,0,100,,9817,35,,,0,99,,9830,35,,,0,99,,9818,35,,,0,100,,9819,35,,,0,101,,9820,35,,,0,100,,9832,35,,,0,99,,9831,35,,,0,39,,9823,35,,,0,104,,9824,35,,,0,101,,9825,35,,,0,98,,9826,35,,,0,99,,9827,35,,,0,99,,9828,35,,,0,61,,9829,35,,,0
1401,'65042',752,,9840,35,,,0,95,,9841,35,,,0,96,,9833,35,,,0,68,,9834,35,,,0,100,,9835,35,,,0,100,,9836,35,,,0,99,,9849,35,,,0,99,,9837,35,,,0,100,,9838,35,,,0,101,,9839,35,,,0,100,,9851,35,,,0,99,,9850,35,,,0,39,,9842,35,,,0,104,,9843,35,,,0,101,,9844,35,,,0,98,,9845,35,,,0,99,,9846,35,,,0,99,,9847,35,,,0,61,,9848,35,,,0
1601,'65040',638,,10008,15,,,0,71,,10009,15,,,0,28,,10010,15,,,0,63,,10011,15,,,0,27,,10036,15,,,0,73,,10012,15,,,0,31,,10013,15,,,0,74,,10014,15,,,0,98,,10015,15,,,0,55,,10016,15,,,0,74,,10017,15,,,0,74,,10018,15,,,0,99,,10019,15,,,0,54,,10020,15,,,0,66,,10021,15,,,0,29,,10022,15,,,0,61,,10023,15,,,0,21,,10024,15,,,0,65,,10033,15,,,0,25,,10025,15,,,0,76,,10026,15,,,0,28,,10027,15,,,0,85,,10028,15,,,0,25,,10029,15,,,0,73,,10030,15,,,0,28,,10031,15,,,0,83,,10037,15,,,0,78,,10032,15,,,0,44,,10034,15,,,0,70,,10035,15,,,0
1601,'65041',711,,10047,15,,,0,95,,10048,15,,,0,97,,10046,15,,,0,97,,10054,15,,,0,31,,10038,15,,,0,100,,10039,15,,,0,100,,10040,15,,,0,100,,10041,15,,,0,100,,10042,15,,,0,100,,10043,15,,,0,100,,10044,15,,,0,102,,10045,15,,,0,98,,10053,15,,,0,80,,10049,15,,,0,99,,10050,15,,,0,99,,10052,15,,,0,98,,10051,15,,,0,35,,10055,15,,,0
1601,'65042',711,,10065,15,,,0,95,,10066,15,,,0,97,,10064,15,,,0,97,,10072,15,,,0,31,,10056,15,,,0,100,,10057,15,,,0,100,,10058,15,,,0,100,,10059,15,,,0,100,,10060,15,,,0,100,,10061,15,,,0,100,,10062,15,,,0,102,,10063,15,,,0,98,,10071,15,,,0,80,,10067,15,,,0,99,,10068,15,,,0,99,,10070,15,,,0,98,,10069,15,,,0,35,,10073,15,,,0
