100,'65040',852,,7922,20,,,0,100,,7923,20,,,0,99,,7924,20,,,0,99,,7925,20,,,0,100,,7926,20,,,0,100,,7927,20,,,0,292,,7928,20,,,0,67,,7929,20,,,0,31,,7930,20,,,0,193,,7931,20,,,0,105,,7932,20,,,0,90,,7933,20,,,0,91,,7934,20,0,5 6 2 68,0,101,,7935,20,0,5 6 2 68,0
100,'65041',1728,,7951,20,0,5 6 2 68,0
100,'65042',1728,,7962,20,0,5 6 2 68,0
300,'65040',618,,8132,35,,,0,25,,8133,35,,,0,15,,8134,35,,,0,58,,8135,35,,,0,12,,8136,35,,,0,14,,8137,35,,,0,16,,8138,35,,,0,55,,8139,35,,,0,13,,8140,35,,,0,17,,8141,35,,,0,60,,8142,35,,,0,20,,8143,35,,,0,20,,8144,35,,,0,60,,8145,35,,,0,20,,8146,35,,,0,20,,8147,35,,,0,60,,8148,35,,,0,20,,8149,35,,,0,20,,8150,35,,,0,58,,8151,35,,,0,22,,8152,35,,,0,20,,8153,35,,,0,60,,8154,35,,,0,20,,8155,35,,,0,20,,8156,35,,,0,60,,8157,35,,,0,15,,8158,35,,,0,13,,8159,35,,,0,17,,8181,35,,,0,55,,8160,35,,,0,15,,8161,35,,,0,13,,8162,35,,,0,22,,8163,35,,,0,55,,8164,35,,,0,20,,8165,35,,,0,25,,8166,35,,,0,65,,8167,35,,,0,30,,8168,35,,,0,60,,8169,35,,,0,20,,8170,35,,,0,20,,8171,35,,,0,65,,8172,35,,,0,28,,8173,35,,,0,73,,8174,35,,,0,27,,8175,35,,,0,67,,8180,35,,,0,20,,8176,35,,,0,20,,8177,35,,,0,77,,8178,35,,,0
300,'65041',714,,8198,35,,,0,20,,8199,35,,,0,71,,8200,35,,,0,28,,8211,35,,,0,70,,8182,35,,,0,30,,8183,35,,,0,70,,8184,35,,,0,30,,8185,35,,,0,70,,8186,35,,,0,30,,8187,35,,,0,70,,8188,35,,,0,30,,8189,35,,,0,70,,8190,35,,,0,30,,8191,35,,,0,69,,8192,35,,,0,31,,8193,35,,,0,70,,8194,35,,,0,30,,8195,35,,,0,70,,8196,35,,,0,30,,8197,35,,,0,70,,8201,35,,,0,15,,8202,35,,,0,18,,8203,35,,,0,72,,8204,35,,,0,34,,8205,35,,,0,77,,8206,35,,,0,31,,8212,35,,,0,70,,8207,35,,,0,100,,8208,35,,,0,100,,8209,35,,,0,98,,8210,35,,,0
300,'65042',714,,8229,35,,,0,20,,8230,35,,,0,71,,8231,35,,,0,28,,8242,35,,,0,70,,8213,35,,,0,30,,8214,35,,,0,70,,8215,35,,,0,30,,8216,35,,,0,70,,8217,35,,,0,30,,8218,35,,,0,70,,8219,35,,,0,30,,8220,35,,,0,70,,8221,35,,,0,30,,8222,35,,,0,69,,8223,35,,,0,31,,8224,35,,,0,70,,8225,35,,,0,30,,8226,35,,,0,70,,8227,35,,,0,30,,8228,35,,,0,70,,8232,35,,,0,15,,8233,35,,,0,18,,8234,35,,,0,72,,8235,35,,,0,34,,8236,35,,,0,77,,8237,35,,,0,31,,8243,35,,,0,70,,8238,35,,,0,100,,8239,35,,,0,100,,8240,35,,,0,98,,8241,35,,,0
700,'65040',620,,8806,21,,,0,18,,8841,21,0,5 6 2 69,0,17,,8807,21,,,0,62,,8808,29,,,0,15,,8842,21,0,5 6 2 69,0,20,,8809,29,,,0,50,,8843,21,0,5 6 2 69,0,18,,8810,21,,,0,16,,8844,21,0,5 6 2 69,0,19,,8811,29,,,0,63,,8812,21,,,0,25,,8813,21,,,0,57,,8845,21,0,5 6 2 69,0,24,,8814,21,,,0,18,,8815,21,,,0,60,,8846,29,0,5 6 2 69,0,20,,8816,29,,,0,20,,8817,29,,,0,13,,8847,21,0,5 6 2 69,0,63,,8818,21,,,0,23,,8819,29,,,0,15,,8848,21,0,5 6 2 69,0,61,,8820,21,,,0,23,,8821,29,,,0,16,,8822,21,,,0,61,,8823,21,,,0,26,,8824,29,,,0,57,,8825,21,,,0,20,,8826,21,,,0,27,,8827,21,,,0,59,,8828,21,,,0,28,,8829,21,,,0,20,,8849,29,0,5 6 2 69,0,57,,8830,29,,,0,26,,8831,21,,,0,73,,8832,29,,,0,28,,8833,21,,,0,68,,8834,21,,,0,31,,8835,21,,,0,75,,8836,21,,,0,25,,8837,21,,,0,71,,8838,21,,,0,41,,8839,29,,,0,69,,8840,21,,,0,104,,8850,29,,,0
700,'65041',614,,8865,21,0,5 6 2 69,0,103,,8866,21,,,0,96,,8877,29,,,0,24,,8876,21,0,5 6 2 69,0,71,,8878,21,,,0,30,,8875,21,0,5 6 2 69,0,69,,8851,21,,,0,30,,8858,21,0,5 6 2 69,0,70,,8852,21,,,0,30,,8859,21,0,5 6 2 69,0,70,,8853,21,,,0,30,,8860,21,0,5 6 2 69,0,70,,8854,21,,,0,30,,8861,21,0,5 6 2 69,0,70,,8855,21,,,0,30,,8862,21,0,5 6 2 69,0,70,,8856,21,,,0,30,,8863,21,0,5 6 2 69,0,70,,8857,21,0,5 6 2 69,0,30,,8864,21,0,5 6 2 69,0,70,,8867,21,0,5 6 2 69,0,30,,8868,21,0,5 6 2 69,0,82,,8872,29,,,0,96,,8874,21,,,0,101,,8873,29,,,0,100,,8869,29,,,0,100,,8870,29,,,0,99,,8871,29,,,0
700,'65042',614,,8893,21,0,5 6 2 69,0,103,,8894,21,,,0,96,,8905,29,,,0,24,,8904,21,0,5 6 2 69,0,71,,8906,21,,,0,30,,8903,21,0,5 6 2 69,0,69,,8879,21,,,0,30,,8886,21,0,5 6 2 69,0,70,,8880,21,,,0,30,,8887,21,0,5 6 2 69,0,70,,8881,21,,,0,30,,8888,21,0,5 6 2 69,0,70,,8882,21,,,0,30,,8889,21,0,5 6 2 69,0,70,,8883,21,,,0,30,,8890,21,0,5 6 2 69,0,70,,8884,21,,,0,30,,8891,21,0,5 6 2 69,0,70,,8885,21,0,5 6 2 69,0,30,,8892,21,0,5 6 2 69,0,70,,8895,21,0,5 6 2 69,0,30,,8896,21,0,5 6 2 69,0,82,,8900,29,,,0,96,,8902,21,,,0,101,,8901,29,,,0,100,,8897,29,,,0,100,,8898,29,,,0,99,,8899,29,,,0
800,'65040',626,,9013,19,,,1,27,,9014,19,,,1,55,,9065,19,,,1,16,,9015,19,,,1,15,,9016,19,,,1,16,,9017,19,,,1,54,,9018,19,,,1,15,,9019,19,,,1,10,,9020,19,,,1,17,,9021,19,,,1,60,,9022,19,,,1,22,,9023,19,,,1,20,,9024,19,,,1,58,,9025,19,,,1,20,,9026,19,,,1,21,,9027,19,,,1,60,,9028,19,,,1,19,,9029,19,,,1,20,,9030,19,,,1,60,,9031,19,,,1,19,,9032,19,,,1,20,,9033,19,,,1,61,,9034,19,,,1,20,,9035,19,,,1,19,,9036,19,,,1,62,,9037,19,,,1,11,,9038,19,,,1,13,,9039,19,,,1,22,,9040,19,,,1,54,,9041,19,,,1,11,,9042,19,,,1,15,,9043,19,,,1,15,,9044,19,,,1,50,,9045,19,,,1,15,,9046,19,,,1,10,,9047,19,,,1,9,,9048,19,,,1,16,,9049,19,,,1,53,,9050,19,,,1,17,,9051,19,,,1,14,,9052,19,,,1,20,,9053,19,,,1,61,,9054,19,,,1,20,,9055,19,,,1,18,,9056,19,,,1,70,,9057,19,,,1,30,,9058,19,,,1,71,,9059,19,,,1,31,,9060,19,,,1,80,,9061,19,,,1,21,,9062,19,,,1,67,,9063,19,,,1,100,,9064,19,,,1
800,'65041',624,,9082,19,,,1,99,,9083,19,,,1,29,,9084,19,,,1,68,,9085,19,,,1,24,,9086,19,,,1,69,,9066,19,,,1,31,,9067,19,,,1,70,,9068,19,,,1,30,,9069,19,,,1,70,,9070,19,,,1,30,,9071,19,,,1,69,,9072,19,,,1,29,,9073,19,,,1,71,,9074,19,,,1,30,,9075,19,,,1,70,,9076,19,,,1,30,,9077,19,,,1,70,,9078,19,,,1,30,,9079,19,,,1,70,,9080,19,,,1,30,,9081,19,,,1,70,,9087,19,,,1,32,,9088,19,,,1,70,,9094,19,,,1,33,,9089,19,,,1,77,,9095,19,,,1,100,,9090,19,,,1,100,,9091,19,,,1,100,,9092,19,,,1,100,,9093,19,,,1
800,'65042',624,,9112,19,,,1,99,,9113,19,,,1,29,,9114,19,,,1,68,,9115,19,,,1,24,,9116,19,,,1,69,,9096,19,,,1,31,,9097,19,,,1,70,,9098,19,,,1,30,,9099,19,,,1,70,,9100,19,,,1,30,,9101,19,,,1,69,,9102,19,,,1,29,,9103,19,,,1,71,,9104,19,,,1,30,,9105,19,,,1,70,,9106,19,,,1,30,,9107,19,,,1,70,,9108,19,,,1,30,,9109,19,,,1,70,,9110,19,,,1,30,,9111,19,,,1,70,,9117,19,,,1,32,,9118,19,,,1,70,,9124,19,,,1,33,,9119,19,,,1,77,,9125,19,,,1,100,,9120,19,,,1,100,,9121,19,,,1,100,,9122,19,,,1,100,,9123,19,,,1
1200,'65040',621,,9537,30,,,0,27,,9538,30,,,0,64,,9539,30,,,0,30,,9540,30,,,0,61,,9541,30,,,0,29,,9542,30,,,0,74,,9543,30,,,0,31,,9544,30,,,0,69,,9545,30,,,0,31,,9546,30,,,0,70,,9547,30,,,0,29,,9548,30,,,0,71,,9549,30,,,0,30,,9550,30,,,0,70,,9551,30,,,0,28,,9552,30,,,0,72,,9553,30,,,0,26,,9554,30,,,0,69,,9555,30,,,0,20,,9556,30,,,0,28,,9557,30,,,0,56,,9558,30,,,0,30,,9559,30,,,0,66,,9560,30,,,0,30,,9561,30,,,0,75,,9562,30,,,0,24,,9563,30,,,0,91,,9564,30,,,0,25,,9565,30,,,0,75,,9566,30,,,0,26,,9567,30,,,0,79,,9568,30,,,0
1200,'65041',717,,9578,30,,,0,99,,9579,30,,,0,91,,9569,30,,,0,30,,9586,30,,,0,69,,9570,30,,,0,29,,9587,30,,,0,71,,9571,30,,,0,28,,9588,30,,,0,72,,9572,30,,,0,28,,9589,30,,,0,72,,9573,30,,,0,28,,9590,30,,,0,72,,9574,30,,,0,28,,9591,30,,,0,72,,9575,30,,,0,28,,9592,30,,,0,72,,9576,30,,,0,30,,9593,30,,,0,70,,9594,30,,,0,34,,9577,30,,,0,69,,9580,30,,,0,107,,9581,30,,,0,103,,9582,30,,,0,100,,9583,30,,,0,99,,9584,30,,,0,99,,9585,30,,,0
1200,'65042',717,,9604,30,,,0,99,,9605,30,,,0,91,,9595,30,,,0,30,,9612,30,,,0,69,,9596,30,,,0,29,,9613,30,,,0,71,,9597,30,,,0,28,,9614,30,,,0,72,,9598,30,,,0,28,,9615,30,,,0,72,,9599,30,,,0,28,,9616,30,,,0,72,,9600,30,,,0,28,,9617,30,,,0,72,,9601,30,,,0,28,,9618,30,,,0,72,,9602,30,,,0,30,,9619,30,,,0,70,,9620,30,,,0,34,,9603,30,,,0,69,,9606,30,,,0,107,,9607,30,,,0,103,,9608,30,,,0,100,,9609,30,,,0,99,,9610,30,,,0,99,,9611,30,,,0
5700,'65040',929,,11002,41,,,2,102,,11000,41,,,2,123,,11001,41,,,2,105,,10998,41,,,2,160,,11003,41,,,2,105,,10999,41,,,2,120,,11004,41,,,2
5700,'65041',1135,,11010,41,,,2,113,,11009,41,,,2,102,,11008,41,,,2,152,,11007,41,,,2,102,,11006,41,,,2,112,,11005,41,0,56,2
5700,'65042',1135,,11016,41,,,2,113,,11015,41,,,2,102,,11014,41,,,2,152,,11013,41,,,2,102,,11012,41,,,2,112,,11011,41,0,56,2
90300,'65040',2326,,11467,42,,,0,106,,11468,42,,,0
90300,'65041',2433,,11471,42,,,0
90300,'65042',2433,,11473,42,,,0
91200,'65040',2220,,11512,33,,,0,100,,11513,33,,,0
