700,'65040',612,,8806,11,,,0,19,,8841,11,0,5 6 2 69,0,17,,8807,11,,,0,61,,8808,19,,,0,14,,8842,11,0,5 6 2 69,0,19,,8809,19,,,0,10,,8843,11,0,5 6 2 69,0,58,,8810,11,,,0,16,,8844,11,0,5 6 2 69,0,19,,8811,19,,,0,63,,8812,11,,,0,26,,8813,11,,,0,17,,8845,11,0,5 6 2 69,0,64,,8814,11,,,0,18,,8815,11,,,0,20,,8846,19,0,5 6 2 69,0,60,,8816,19,,,0,20,,8817,19,,,0,13,,8847,11,0,5 6 2 69,0,63,,8818,11,,,0,23,,8819,19,,,0,15,,8848,11,0,5 6 2 69,0,61,,8820,11,,,0,23,,8821,19,,,0,16,,8822,11,,,0,61,,8823,11,,,0,26,,8824,19,,,0,17,,8825,11,,,0,60,,8826,11,,,0,26,,8827,11,,,0,18,,8828,11,,,0,68,,8829,11,,,0,20,,8849,19,0,5 6 2 69,0,57,,8830,19,,,0,26,,8831,11,,,0,33,,8832,19,,,0,70,,8833,11,,,0,28,,8834,11,,,0,71,,8835,11,,,0,75,,8836,11,,,0,25,,8837,11,,,0,31,,8838,11,,,0,82,,8839,19,,,0,69,,8840,11,,,0,104,,8850,19,,,0
700,'65041',607,,8865,11,0,5 6 2 69,0,102,,8866,11,,,0,96,,8877,19,,,0,24,,8876,11,0,5 6 2 69,0,71,,8878,11,,,0,30,,8875,11,0,5 6 2 69,0,29,,8851,11,,,0,70,,8858,11,0,5 6 2 69,0,30,,8852,11,,,0,70,,8859,11,0,5 6 2 69,0,30,,8853,11,,,0,70,,8860,11,0,5 6 2 69,0,30,,8854,11,,,0,70,,8861,11,0,5 6 2 69,0,30,,8855,11,,,0,70,,8862,11,0,5 6 2 69,0,30,,8856,11,,,0,70,,8863,11,0,5 6 2 69,0,30,,8857,11,0,5 6 2 69,0,70,,8864,11,0,5 6 2 69,0,30,,8867,11,0,5 6 2 69,0,70,,8868,11,0,5 6 2 69,0,82,,8872,19,,,0,96,,8874,11,,,0,101,,8873,19,,,0,100,,8869,19,,,0,100,,8870,19,,,0,100,,8871,19,,,0
700,'65042',607,,8893,11,0,5 6 2 69,0,102,,8894,11,,,0,96,,8905,19,,,0,24,,8904,11,0,5 6 2 69,0,71,,8906,11,,,0,30,,8903,11,0,5 6 2 69,0,29,,8879,11,,,0,70,,8886,11,0,5 6 2 69,0,30,,8880,11,,,0,70,,8887,11,0,5 6 2 69,0,30,,8881,11,,,0,70,,8888,11,0,5 6 2 69,0,30,,8882,11,,,0,70,,8889,11,0,5 6 2 69,0,30,,8883,11,,,0,70,,8890,11,0,5 6 2 69,0,30,,8884,11,,,0,70,,8891,11,0,5 6 2 69,0,30,,8885,11,0,5 6 2 69,0,70,,8892,11,0,5 6 2 69,0,30,,8895,11,0,5 6 2 69,0,70,,8896,11,0,5 6 2 69,0,82,,8900,19,,,0,96,,8902,11,,,0,101,,8901,19,,,0,100,,8897,19,,,0,100,,8898,19,,,0,100,,8899,19,,,0
1100,'65040',603,,9378,10,0,22 23 2 67,0,42,,9365,10,,,0,68,,9345,31,,,0,16,,9366,10,,,0,17,,9371,10,0,22 23 2 67,0,55,,9346,31,,,0,25,,9347,31,,,0,76,,9367,10,,,0,30,,9348,31,,,0,27,,9368,10,,,0,74,,9349,31,,,0,69,,9372,10,0,22 23 2 67,0,30,,9350,31,,,0,25,,9373,10,0,22 23 2 67,0,75,,9351,31,,,0,25,,9374,10,0,22 23 2 67,0,75,,9352,31,,,0,24,,9369,10,,,0,76,,9353,31,,,0,70,,9370,10,,,0,29,,9354,31,,,0,27,,9355,31,,,0,72,,9356,31,,,0,70,,9357,31,,,0,30,,9358,31,,,0,72,,9359,31,,,0,31,,9376,31,0,22 23 2 67,0,71,,9360,31,,,0,34,,9377,31,0,22 23 2 67,0,79,,9361,31,,,0,27,,9375,10,0,22 23 2 67,0,73,,9362,31,,,0,104,,9363,31,,,0,101,,9364,31,0,57,0,90,,9379,31,0,22 23 2 67,0
1100,'65041',709,,9395,10,,,0,100,,9396,31,,,0,32,,9397,10,,,0,70,,9380,31,,,0,30,,9381,31,,,0,16,,9388,10,,,0,71,,9382,31,,,0,29,,9389,10,,,0,71,,9383,31,,,0,29,,9390,10,,,0,72,,9384,31,,,0,28,,9391,10,,,0,72,,9385,31,,,0,28,,9392,10,,,0,72,,9386,31,,,0,28,,9393,10,,,0,72,,9387,31,,,0,28,,9394,10,,,0,72,,9398,31,,,0,30,,9399,31,,,0,90,,9400,10,0,22 23 2 67,0,63,,9401,31,,,0,99,,9402,31,,,0,100,,9403,31,,,0,99,,9404,31,,,0,100,,9405,31,,,0,99,,9406,31,,,0,100,,9407,31,0,22 23 2 67,0
1100,'65042',709,,9423,10,,,0,100,,9424,31,,,0,32,,9425,10,,,0,70,,9408,31,,,0,30,,9409,31,,,0,16,,9416,10,,,0,71,,9410,31,,,0,29,,9417,10,,,0,71,,9411,31,,,0,29,,9418,10,,,0,72,,9412,31,,,0,28,,9419,10,,,0,72,,9413,31,,,0,28,,9420,10,,,0,72,,9414,31,,,0,28,,9421,10,,,0,72,,9415,31,,,0,28,,9422,10,,,0,72,,9426,31,,,0,30,,9427,31,,,0,90,,9428,10,0,22 23 2 67,0,63,,9429,31,,,0,99,,9430,31,,,0,100,,9431,31,,,0,99,,9432,31,,,0,100,,9433,31,,,0,99,,9434,31,,,0,100,,9435,31,0,22 23 2 67,0
5501,'65040',758,,10979,70,,,2,156,,10972,70,,,2,116,,10980,70,,,2,115,,10973,70,,,2,156,,10981,70,,,2,118,,10974,70,,,2,113,,10977,70,,,2,125,,10975,70,,,2,153,,10978,70,,,2
5501,'65041',853,,10989,70,,,2,150,,10988,70,,,2,110,,10987,70,,,2,111,,10986,70,,,2,110,,10985,70,,,2,110,,10984,70,,,2,109,,10982,70,,,2
5501,'65042',853,,10997,70,,,2,150,,10996,70,,,2,110,,10995,70,,,2,111,,10994,70,,,2,110,,10993,70,,,2,110,,10992,70,,,2,109,,10990,70,,,2
90700,'65040',624,,11508,11,,,0
