101,'65040',705,,7964,32,,,0,20,,7965,32,,,0,22,,7966,32,,,0,189,,7967,32,,,0,100,,7968,32,,,0,100,,7969,32,,,0,99,,7970,32,,,0,101,,7971,32,,,0,100,,7972,32,,,0,176,,7973,32,,,0,140,,7976,32,,,0,261,,7975,32,,,0,105,,7974,32,,,0,122,,7987,9,,,0,100,,7988,9,,,0
301,'65040',558,,8244,30,,,0,69,,8245,30,,,0,16,,8246,30,,,0,64,,8247,30,,,0,15,,8251,30,,,0,15,,8248,30,,,0,15,,8249,30,,,0,55,,8250,30,,,0,17,,8252,30,,,0,13,,8260,30,,,0,21,,8253,30,,,0,60,,8254,30,,,0,19,,8255,30,,,0,21,,8256,30,,,0,59,,8257,30,,,0,22,,8258,30,,,0,20,,8259,30,,,0,59,,8261,30,,,0,20,,8262,30,,,0,21,,8263,30,,,0,60,,8264,30,,,0,20,,8265,30,,,0,61,,8266,30,,,0,20,,8267,30,,,0,20,,8268,30,,,0,60,,8269,30,,,0,19,,8270,30,,,0,21,,8271,30,,,0,19,,8272,30,,,0,53,,8294,30,,,0,16,,8273,30,,,0,17,,8274,30,,,0,12,,8275,30,,,0,56,,8276,30,,,0,14,,8277,30,,,0,15,,8278,30,,,0,15,,8279,30,,,0,55,,8293,30,,,0,15,,8280,30,,,0,16,,8281,30,,,0,59,,8282,30,,,0,16,,8283,30,,,0,29,,8284,30,,,0,55,,8285,30,,,0,30,,8286,30,,,0,70,,8287,30,,,0,29,,8288,30,,,0,73,,8289,30,,,0,27,,8290,30,,,0,70,,8295,30,,,0,25,,8291,30,,,0,100,,8292,30,,,0
301,'65041',631,,8313,30,,,0,70,,8314,30,,,0,32,,8315,30,,,0,69,,8316,30,,,0,29,,8317,30,,,0,25,,8312,30,,,0,70,,8296,30,,,0,30,,8297,30,,,0,70,,8298,30,,,0,30,,8299,30,,,0,70,,8300,30,,,0,30,,8301,30,,,0,70,,8302,30,,,0,30,,8303,30,,,0,70,,8304,30,,,0,30,,8305,30,,,0,70,,8306,30,,,0,31,,8307,30,,,0,69,,8308,30,,,0,32,,8309,30,,,0,70,,8310,30,,,0,30,,8311,30,,,0,70,,8318,30,,,0,30,,8319,30,,,0,71,,8320,30,,,0,73,,8326,30,,,0,30,,8321,30,,,0,70,,8327,30,,,0,30,,8322,30,,,0,100,,8323,30,,,0,100,,8324,30,,,0,100,,8325,30,,,0
301,'65042',631,,8345,30,,,0,70,,8346,30,,,0,32,,8347,30,,,0,69,,8348,30,,,0,29,,8349,30,,,0,25,,8344,30,,,0,70,,8328,30,,,0,30,,8329,30,,,0,70,,8330,30,,,0,30,,8331,30,,,0,70,,8332,30,,,0,30,,8333,30,,,0,70,,8334,30,,,0,30,,8335,30,,,0,70,,8336,30,,,0,30,,8337,30,,,0,70,,8338,30,,,0,31,,8339,30,,,0,69,,8340,30,,,0,32,,8341,30,,,0,70,,8342,30,,,0,30,,8343,30,,,0,70,,8350,30,,,0,30,,8351,30,,,0,71,,8352,30,,,0,73,,8358,30,,,0,30,,8353,30,,,0,70,,8359,30,,,0,30,,8354,30,,,0,100,,8355,30,,,0,100,,8356,30,,,0,100,,8357,30,,,0
701,'65040',630,,8907,9,0,54,0,80,,8908,9,0,54,0,17,,8916,22,0,54,0,23,,8917,22,0,54,0,57,,8918,22,,,0,20,,8919,22,,,0,20,,8920,22,0,54,0,66,,8921,22,0,54,0,26,,8922,22,0,54,0,15,,8923,22,0,54,0,63,,8924,22,,,0,25,,8925,22,0,54,0,15,,8909,9,,,0,67,,8926,22,0,54,0,23,,8927,22,0,54,0,9,,8910,9,,,0,69,,8928,22,0,54,0,21,,8929,22,0,54,0,9,,8911,9,,,0,69,,8930,22,0,54,0,21,,8931,22,0,54,0,12,,8912,9,,,0,62,,8932,22,0,54,0,21,,8933,22,0,54,0,19,,8913,9,0,54,0,55,,8934,22,0,54,0,18,,8935,22,0,54,0,70,,8936,22,,,0,15,,8937,22,,,0,15,,8938,22,0,54,0,69,,8939,22,0,54,0,16,,8914,9,,,0,16,,8940,22,0,54,0,73,,8941,22,0,54,0,28,,8942,22,0,54,0,71,,8943,22,0,54,0,36,,8944,22,0,54,0,65,,8945,22,0,54,0,31,,8946,22,0,54,0,68,,8947,22,,,0,30,,8948,22,0,54,0,70,,8949,22,0,54,0,36,,8950,22,,,0,100,,8952,22,0,54,0,114,,8915,9,0,54,0
701,'65041',733,,8970,9,,,0,76,,8981,22,0,54,0,31,,8980,9,0,54,0,70,,8969,22,0,54,0,28,,8961,9,0,54,0,70,,8953,22,0,54,0,29,,8962,9,0,54,0,70,,8954,22,0,54,0,29,,8963,9,0,54,0,70,,8955,22,0,54,0,30,,8964,9,0,54,0,70,,8956,22,0,54,0,30,,8965,9,0,54,0,70,,8957,22,0,54,0,30,,8966,9,0,54,0,70,,8958,22,0,54,0,30,,8967,9,0,54,0,70,,8959,22,0,54,0,30,,8968,9,0,54,0,70,,8960,9,0,54,0,30,,8971,9,,,0,71,,8972,9,0,54,0,38,,8979,9,0,54,0,89,,8982,22,,,0,102,,8973,22,,,0,100,,8974,22,,,0,100,,8975,22,,,0,100,,8976,22,0,54,0,119,,8977,9,0,54,0
701,'65042',733,,9000,9,,,0,76,,9011,22,0,54,0,31,,9010,9,0,54,0,70,,8999,22,0,54,0,28,,8991,9,0,54,0,70,,8983,22,0,54,0,29,,8992,9,0,54,0,70,,8984,22,0,54,0,29,,8993,9,0,54,0,70,,8985,22,0,54,0,30,,8994,9,0,54,0,70,,8986,22,0,54,0,30,,8995,9,0,54,0,70,,8987,22,0,54,0,30,,8996,9,0,54,0,70,,8988,22,0,54,0,30,,8997,9,0,54,0,70,,8989,22,0,54,0,30,,8998,9,0,54,0,70,,8990,9,0,54,0,30,,9001,9,,,0,71,,9002,9,0,54,0,38,,9009,9,0,54,0,89,,9012,22,,,0,102,,9003,22,,,0,100,,9004,22,,,0,100,,9005,22,,,0,100,,9006,22,0,54,0,119,,9007,9,0,54,0
801,'65040',631,,9126,34,,,1,70,,9127,34,,,1,16,,9128,29,,,1,15,,9129,34,,,1,15,,9130,34,,,1,55,,9175,29,,,1,17,,9131,29,,,1,13,,9132,34,,,1,21,,9133,29,,,1,59,,9134,29,,,1,20,,9135,29,,,1,21,,9136,29,,,1,59,,9137,29,,,1,22,,9138,29,,,1,20,,9139,29,,,1,59,,9140,29,,,1,20,,9141,29,,,1,21,,9142,29,,,1,60,,9143,29,,,1,20,,9144,29,,,1,21,,9145,29,,,1,60,,9146,29,,,1,20,,9147,29,,,1,20,,9148,29,,,1,60,,9149,29,,,1,20,,9150,29,,,1,19,,9151,29,,,1,53,,9152,29,,,1,16,,9153,29,,,1,17,,9154,29,,,1,12,,9155,29,,,1,56,,9156,29,,,1,14,,9157,34,,,1,14,,9158,29,,,1,16,,9159,29,,,1,55,,9160,29,,,1,15,,9161,29,,,1,16,,9162,29,,,1,15,,9163,29,,,1,59,,9164,29,,,1,21,,9165,29,,,1,22,,9166,29,,,1,66,,9167,29,,,1,31,,9168,29,,,1,70,,9169,29,,,1,30,,9170,29,,,1,70,,9171,29,,,1,29,,9172,29,,,1,78,,9173,29,,,1,99,,9174,29,,,1
801,'65041',730,,9193,29,,,1,27,,9204,34,,,1,69,,9194,29,,,1,20,,9195,29,,,1,69,,9176,29,,,1,30,,9177,29,,,1,70,,9178,29,,,1,30,,9179,29,,,1,70,,9180,29,,,1,30,,9181,29,,,1,70,,9182,29,,,1,30,,9183,29,,,1,70,,9184,29,,,1,30,,9185,29,,,1,70,,9186,29,,,1,30,,9187,29,,,1,70,,9188,29,,,1,30,,9189,29,,,1,70,,9190,29,,,1,30,,9191,29,,,1,70,,9192,29,,,1,29,,9196,29,,,1,72,,9197,29,,,1,40,,9198,29,,,1,72,,9199,29,,,1,30,,9200,29,,,1,70,,9205,29,,,1,100,,9201,29,,,1,100,,9202,29,,,1,100,,9203,29,,,1
801,'65042',730,,9223,29,,,1,27,,9234,34,,,1,69,,9224,29,,,1,20,,9225,29,,,1,69,,9206,29,,,1,30,,9207,29,,,1,70,,9208,29,,,1,30,,9209,29,,,1,70,,9210,29,,,1,30,,9211,29,,,1,70,,9212,29,,,1,30,,9213,29,,,1,70,,9214,29,,,1,30,,9215,29,,,1,70,,9216,29,,,1,30,,9217,29,,,1,70,,9218,29,,,1,30,,9219,29,,,1,70,,9220,29,,,1,30,,9221,29,,,1,70,,9222,29,,,1,29,,9226,29,,,1,72,,9227,29,,,1,40,,9228,29,,,1,72,,9229,29,,,1,30,,9230,29,,,1,70,,9235,29,,,1,100,,9231,29,,,1,100,,9232,29,,,1,100,,9233,29,,,1
1201,'65040',627,,9621,9,,,0,99,,9622,9,,,0,25,,9623,9,,,0,56,,9624,9,,,0,19,,9625,9,,,0,31,,9626,9,,,0,73,,9627,9,,,0,72,,9628,9,,,0,30,,9629,9,,,0,70,,9630,9,,,0,30,,9631,9,,,0,71,,9632,9,,,0,29,,9633,9,,,0,71,,9634,9,,,0,21,,9635,9,,,0,77,,9636,9,,,0,31,,9637,9,,,0,70,,9638,9,,,0,29,,9639,9,,,0,28,,9640,9,,,0,73,,9641,9,,,0,24,,9642,9,,,0,56,,9643,9,,,0,31,,9644,9,,,0,73,,9645,9,,,0,25,,9646,9,,,0,67,,9647,9,,,0,24,,9648,9,,,0,73,,9649,9,,,0,27,,9650,9,,,0,84,,9651,9,,,0,25,,9652,9,,,0,188,,9653,9,,,0
1201,'65041',736,,9662,9,,,0,96,,9663,9,,,0,91,,9676,9,,,0,30,,9668,9,,,0,70,,9654,9,,,0,30,,9669,9,,,0,70,,9655,9,,,0,31,,9670,9,,,0,70,,9656,9,,,0,31,,9671,9,,,0,69,,9657,9,,,0,31,,9672,9,,,0,69,,9658,9,,,0,31,,9673,9,,,0,69,,9659,9,,,0,31,,9674,9,,,0,69,,9660,9,,,0,30,,9677,9,,,0,69,,9661,9,,,0,29,,9664,9,,,0,79,,9675,9,,,0,103,,9665,9,,,0,101,,9666,9,,,0,100,,9667,9,,,0
1201,'65042',736,,9686,9,,,0,96,,9687,9,,,0,91,,9700,9,,,0,30,,9692,9,,,0,70,,9678,9,,,0,30,,9693,9,,,0,70,,9679,9,,,0,31,,9694,9,,,0,70,,9680,9,,,0,31,,9695,9,,,0,69,,9681,9,,,0,31,,9696,9,,,0,69,,9682,9,,,0,31,,9697,9,,,0,69,,9683,9,,,0,31,,9698,9,,,0,69,,9684,9,,,0,30,,9701,9,,,0,69,,9685,9,,,0,29,,9688,9,,,0,79,,9699,9,,,0,103,,9689,9,,,0,101,,9690,9,,,0,100,,9691,9,,,0
5701,'65040',927,,11020,53,,,2,123,,11022,53,,,2,104,,11018,53,,,2,162,,11021,53,,,2,105,,11019,53,,,2,120,,11023,53,,,2,105,,11017,53,,,2
5701,'65041',1145,,11029,53,,,2,102,,11028,53,,,2,153,,11027,53,,,2,102,,11026,53,,,2,111,,11025,53,,,2
5701,'65042',1145,,11035,53,,,2,102,,11034,53,,,2,153,,11033,53,,,2,102,,11032,53,,,2,111,,11031,53,,,2
91201,'65040',2239,,11514,9,,,0,100,,11515,9,,,0
91201,'65041',2235,,11516,9,,,0,97,,11517,9,,,0
91201,'65042',2235,,11518,9,,,0,97,,11519,9,,,0
91301,'65040',2455,,11520,9,,,0
91301,'65041',2455,,11521,9,,,0
91301,'65042',2455,,11522,9,,,0
