'65009',200,63100,4,'',0,7000,4,'',0,2500,4,'',0,2900,4,'',0,18200,4,'',0,11500,4,'',0,10100,4,'',0,10000,4,'',0,10100,4,'',0,10000,4,'',0,10400,4,'',0,7100,4,'',0,7100,4,'',0,3100,4,'',0,9500,4,'',0,3000,4,'',0,6700,4,'',0,9900,4,'',0,10000,4,'',0,10800,4,'',0,9900,4,'',0
'65010',200,72500,4,'',0,10000,4,'',0,9600,4,'',0,8000,4,'',0,10000,4,'',0,10000,4,'',0,10000,4,'',0,10100,4,'',0,30600,4,'',0
'65011',200,72500,4,'',0,10000,4,'',0,9600,4,'',0,8000,4,'',0,10000,4,'',0,10000,4,'',0,10000,4,'',0,10100,4,'',0,10000,4,'',0,10500,4,'',0,10100,4,'',0,10200,4,'',0,2800,4,'',0,9100,4,'',0,10000,4,'',0,10000,4,'',0,10000,4,'',0,10000,4,'',0
'65012',200,150200,4,'',0,10500,4,'',0,20300,4,'',0,2800,4,'',0,9100,4,'',0,10000,4,'',0,10000,4,'',0,10000,4,'',0,10000,4,'',0
'65013',200,150200,4,'',0,10500,4,'',0,20300,4,'',0,2800,4,'',0
'65009',501,62900,4,'',0,9600,4,'',0,8500,4,'',0,3800,4,'',0,10000,4,'',0,10000,4,'',0,10000,4,'',0,9800,4,'',0,10200,4,'',0,10000,4,'',0,10000,4,'',0,8200,4,'',0,17100,4,'',0,2800,4,'',0,8400,4,'',0,4500,4,'',0,10000,4,'',0,15500,4,'',0,10700,4,'',0
'65010',501,72100,4,'',0,10000,4,'',0,7900,4,'',0,11700,4,'',0,9900,4,'',0,10000,4,'',0,10100,4,'',0,10100,4,'',0,10000,4,'',0,9900,4,'',0,21200,4,'',0
'65011',501,72100,4,'',0,10000,4,'',0,7900,4,'',0,11700,4,'',0,9900,4,'',0,10000,4,'',0,10100,4,'',0,10100,4,'',0,10000,4,'',0,9900,4,'',0,10000,4,'',0,11200,4,'',0,19200,4,'',0,10000,4,'',0,10000,4,'',0
'65012',501,171700,4,'',0,30400,4,'',0,10000,4,'',0,10000,4,'',0
'65013',501,171700,4,'',0
'65009',1200,62800,4,'',0,2800,4,'',0,6400,4,'',0,3000,4,'',0,9100,4,'',0,7400,4,'',0,3100,4,'',0,6900,4,'',0,3100,4,'',0,7000,4,'',0,2900,4,'',0,10100,4,'',0,7100,4,'',0,2800,4,'',0,7200,4,'',0,2600,4,'',0,6900,4,'',0,2000,4,'',0,7100,4,'',0,4500,4,'',0,6400,4,'',0,3000,4,'',0,7400,4,'',0,2400,4,'',0,9100,4,'',0,10000,4,'',0,2600,4,'',0,7900,4,'',0
'65010',1200,72600,4,'',0,10100,4,'',0,9500,4,'',0,8800,4,'',0,10000,4,'',0,10000,4,'',0,10100,4,'',0,10000,4,'',0,9900,4,'',0,10000,4,'',0,14100,4,'',0
'65011',1200,72600,4,'',0,10100,4,'',0,9500,4,'',0,8800,4,'',0,10000,4,'',0,10000,4,'',0,10100,4,'',0,10000,4,'',0,9900,4,'',0,10000,4,'',0,10000,4,'',0,4100,4,'',0,7500,4,'',0,10000,4,'',0,10100,4,'',0,10000,4,'',0,9900,4,'',0,10000,4,'',0
'65012',1200,171000,4,'',0,11600,4,'',0,10000,4,'',0,10100,4,'',0,10000,4,'',0,9900,4,'',0,10000,4,'',0
'65013',1200,171000,4,'',0,11600,4,'',0
'65009',1400,65400,4,'',0,6900,4,'',0,1600,4,'',0,7200,4,'',0,3000,4,'',0,6600,4,'',0,2800,4,'',0,7100,4,'',0,3000,4,'',0,10100,4,'',0,2000,4,'',0,6000,4,'',0,2000,4,'',0,7300,4,'',0,2200,4,'',0,2500,4,'',0,6500,4,'',0,3700,4,'',0,6800,4,'',0,3000,4,'',0,6500,4,'',0,2000,4,'',0,7000,4,'',0,3000,4,'',0,8900,4,'',0,7000,4,'',0,3000,4,'',0,2300,4,'',0,7100,4,'',0,3000,4,'',0,6600,4,'',0,2600,4,'',0,7900,4,'',0,9700,4,'',0,2600,4,'',0,9200,4,'',0
'65010',1400,72500,4,'',0,9800,4,'',0,8800,4,'',0,10300,4,'',0,9900,4,'',0,10000,4,'',0,10000,4,'',0,10100,4,'',0,20000,4,'',0
'65011',1400,72500,4,'',0,9800,4,'',0,8800,4,'',0,10300,4,'',0,9900,4,'',0,10000,4,'',0,10000,4,'',0,10100,4,'',0,10000,4,'',0,10000,4,'',0,10500,4,'',0,9600,4,'',0,11100,4,'',0,9900,4,'',0,9900,4,'',0,10000,4,'',0,10000,4,'',0,11600,4,'',0
'65012',1400,151400,4,'',0,20500,4,'',0,9600,4,'',0,11100,4,'',0,9900,4,'',0,9900,4,'',0,10000,4,'',0,10000,4,'',0,11600,4,'',0
'65013',1400,151400,4,'',0,20500,4,'',0,9600,4,'',0
'65009',1700,72400,4,'',0,7700,4,'',0,3300,4,'',0,7300,4,'',0,10100,4,'',0,10000,4,'',0,10100,4,'',0,10000,4,'',0,10000,4,'',0,9900,4,'',0
'65009',1900,72100,4,'',0,3500,4,'',0,6200,4,'',0,10000,4,'',0,9900,4,'',0,10400,4,'',0,10000,4,'',0,9700,4,'',0,10000,4,'',0,9900,4,'',0,4200,4,'',0,7900,4,'',0,7000,4,'',0,9900,4,'',0,4400,4,'',0
'65009',2001,65300,4,'',0,6500,4,'',0,3200,4,'',0,6900,4,'',0,3400,4,'',0,37100,4,'',0,3000,4,'',0,30400,4,'',0,7000,4,'',0,3000,4,'',0,6800,4,'',0,2800,4,'',0,7100,4,'',0
'65009',5101,70200,4,'',0,2300,4,'',0,8600,4,'',0,1600,4,'',0,10600,4,'',0,9700,4,'',0,10300,4,'',0,9800,4,'',0,20200,4,'',0,10700,4,'',0,9500,4,'',0,6800,4,'',0,2500,4,'',0,2400,4,'',0,16400,4,'',0,8500,4,'',0,4700,4,'',0,9600,4,'',0,8000,4,'',0
'65011',5101,82200,4,'',0,9600,4,'',0,9200,4,'',0,10000,4,'',0,10000,4,'',0,10000,4,'',0,10000,4,'',0,10000,4,'',0,10000,4,'',0,10000,4,'',0,11000,4,'',0,10000,4,'',0,10000,4,'',0,10000,4,'',0,10000,4,'',0
'65012',5101,82200,4,'',0,9600,4,'',0,9200,4,'',0,10000,4,'',0,10000,4,'',0,10000,4,'',0,10000,4,'',0,10000,4,'',0,10000,4,'',0,10000,4,'',0,11000,4,'',0,10000,4,'',0,10000,4,'',0,10000,4,'',0,10000,4,'',0
'65013',5101,82200,4,'',0,9600,4,'',0,9200,4,'',0,10000,4,'',0,10000,4,'',0,10000,4,'',0,10000,4,'',0,10000,4,'',0,10000,4,'',0,10000,4,'',0,11000,4,'',0
'65009',90300,233400,4,'',0,10700,4,'',0
'65011',90300,244200,4,'',0
'65012',90300,244200,4,'',0
'65009',90401,61900,4,'',0,170300,4,'',0
'65010',90401,62700,4,'',0,10000,4,'',0
'65011',90401,62700,4,'',0,10000,4,'',0,119700,4,'',0,20000,4,'',0,10000,4,'',0,10000,4,'',0
'65012',90401,192400,4,'',0,20000,4,'',0,10000,4,'',0,10000,4,'',0
'65009',90801,244800,4,'',0
'65011',90801,244700,4,'',0
'65012',90801,244700,4,'',0
'65009',91200,222800,4,'',0,10000,4,'',0
'65009',91700,62500,4,'',0
'65009',91900,62200,4,'',0
