100,8001,1,0
100,387,2,0
100,388,3,0
100,389,4,0
100,1486,5,0
100,1487,6,0
100,332,7,0
100,333,8,0
100,334,9,0
100,1523,10,0
100,337,11,0
100,338,12,0
100,339,13,0
100,340,14,0
100,341,15,0
100,342,16,0
100,343,17,0
100,345,18,0
100,346,19,0
100,347,20,0
100,349,21,0
100,5100,22,0
100,102,23,0
100,208,24,0
100,499,25,0
100,500,26,0
100,6011,27,0
100,640,28,0
100,641,29,0
100,209,30,0
100,210,31,0
100,211,32,0
100,352,33,0
100,2049,34,0
100,2001,35,0
100,105,36,0
100,306,37,0
100,307,38,0
100,1660,39,0
100,1659,40,1
101,1659,1,0
101,2010,2,0
101,2422,3,0
101,2423,4,0
101,2015,5,0
101,2016,6,0
101,2429,7,0
101,2017,8,0
101,1474,9,0
101,747,10,0
101,454,11,0
101,455,12,0
101,24,13,0
101,25,14,0
101,26,15,0
101,2018,16,0
101,374,17,0
101,254,18,0
101,255,19,0
101,256,20,0
101,257,21,0
101,499,22,0
101,500,23,0
101,6004,24,0
101,640,25,0
101,641,26,0
101,642,27,0
101,258,28,0
101,28,29,0
101,5200,30,0
101,260,31,0
101,261,32,0
101,262,33,0
101,1090,34,0
101,263,35,0
101,265,36,0
101,266,37,0
101,267,38,0
101,268,39,0
101,269,40,0
101,1340,41,0
101,270,42,0
101,272,43,0
101,1478,44,0
101,275,45,0
101,276,46,0
101,278,47,0
101,1483,48,0
101,1484,49,0
101,1485,50,0
101,1166,51,0
101,419,52,0
101,8000,53,1
200,93,1,0
200,94,2,0
200,103,3,0
200,104,4,0
200,106,5,0
200,107,6,0
200,2282,7,0
200,109,8,0
200,110,9,0
200,112,10,0
200,113,11,0
200,114,12,0
200,115,13,0
200,116,14,0
200,1709,15,0
200,1708,16,0
200,709,17,0
200,710,18,0
200,349,19,0
200,5100,20,0
200,102,21,0
200,915,22,0
200,2019,23,0
200,916,24,0
200,2020,25,0
200,2021,26,0
200,2022,27,0
200,2023,28,0
200,2024,29,0
200,793,30,0
200,794,31,0
200,638,32,0
200,6000,33,1
201,6006,1,0
201,502,2,0
201,2380,3,0
201,504,4,0
201,505,5,0
201,1542,6,0
201,1543,7,0
201,511,8,0
201,512,9,0
201,513,10,0
201,514,11,0
201,515,12,0
201,5200,13,0
201,643,14,0
201,644,15,0
201,1707,16,0
201,1706,17,0
201,79,18,0
201,80,19,0
201,81,20,0
201,82,21,0
201,84,22,0
201,83,23,0
201,86,24,0
201,87,25,0
201,89,26,0
201,90,27,0
201,91,28,0
201,92,29,0
201,93,30,1
300,8002,1,0
300,1326,2,0
300,312,3,0
300,313,4,0
300,295,5,0
300,994,6,0
300,314,7,0
300,315,8,0
300,316,9,0
300,1186,10,0
300,1771,11,0
300,1769,12,0
300,324,13,0
300,325,14,0
300,326,15,0
300,327,16,0
300,271,17,0
300,328,18,0
300,2278,19,0
300,330,20,0
300,1321,21,0
300,332,22,0
300,333,23,0
300,334,24,0
300,1523,25,0
300,337,26,0
300,338,27,0
300,339,28,0
300,340,29,0
300,341,30,0
300,342,31,0
300,343,32,0
300,345,33,0
300,346,34,0
300,347,35,0
300,349,36,0
300,5100,37,0
300,102,38,0
300,208,39,0
300,499,40,0
300,500,41,0
300,6009,42,0
300,502,43,0
300,589,44,0
300,590,45,0
300,2028,46,0
300,2293,47,0
300,2029,48,0
300,1558,49,0
300,2030,50,0
300,414,51,0
300,415,52,0
300,1772,53,0
300,821,54,0
300,822,55,0
300,823,56,0
300,2033,57,0
300,2034,58,0
300,2035,59,0
300,1032,60,0
300,2273,61,1
301,2037,1,0
301,1580,2,0
301,441,3,0
301,1404,4,0
301,1147,5,0
301,1167,6,0
301,1148,7,0
301,829,8,0
301,830,9,0
301,831,10,0
301,1773,11,0
301,2025,12,0
301,2026,13,0
301,2027,14,0
301,1453,15,0
301,1454,16,0
301,2292,17,0
301,1456,18,0
301,1457,19,0
301,559,20,0
301,638,21,0
301,6002,22,0
301,640,23,0
301,641,24,0
301,642,25,0
301,258,26,0
301,28,27,0
301,5200,28,0
301,260,29,0
301,261,30,0
301,262,31,0
301,1090,32,0
301,263,33,0
301,265,34,0
301,266,35,0
301,267,36,0
301,268,37,0
301,269,38,0
301,1340,39,0
301,270,40,0
301,272,41,0
301,1478,42,0
301,275,43,0
301,276,44,0
301,278,45,0
301,279,46,0
301,280,47,0
301,281,48,0
301,282,49,0
301,283,50,0
301,842,51,0
301,844,52,0
301,1779,53,0
301,1770,54,0
301,1185,55,0
301,293,56,0
301,294,57,0
301,1299,58,0
301,1002,59,0
301,1380,60,0
301,297,61,0
301,1447,62,0
301,1342,63,0
301,8000,64,1
400,8001,1,0
400,387,2,0
400,388,3,0
400,389,4,0
400,390,5,0
400,391,6,0
400,392,7,0
400,393,8,0
400,56,9,0
400,57,10,0
400,394,11,0
400,396,12,0
400,199,13,0
400,200,14,0
400,202,15,0
400,203,16,0
400,204,17,0
400,1290,18,0
400,70,19,0
400,2253,20,0
400,2120,21,0
400,2121,22,0
400,119,23,0
400,2122,24,0
400,792,25,0
400,793,26,0
400,794,27,0
400,638,28,0
400,6008,29,0
400,640,30,0
400,641,31,0
400,209,32,0
400,210,33,0
400,211,34,0
400,352,35,0
400,2049,36,0
400,354,37,0
400,355,38,0
400,356,39,0
400,357,40,0
400,358,41,0
400,1569,42,0
400,1796,43,0
400,740,44,0
400,1466,45,0
400,1467,46,0
400,1468,47,0
400,1469,48,0
400,2051,49,0
400,1802,50,0
400,1803,51,0
400,1804,52,0
400,1805,53,0
400,1806,54,0
400,1807,55,0
400,1808,56,1
401,1808,1,0
401,621,2,0
401,622,3,0
401,2296,4,0
401,629,5,0
401,1464,6,0
401,1465,7,0
401,364,8,0
401,365,9,0
401,366,10,0
401,2414,11,0
401,2046,12,0
401,2047,13,0
401,2048,14,0
401,406,15,0
401,407,16,0
401,1056,17,0
401,408,18,0
401,374,19,0
401,254,20,0
401,255,21,0
401,256,22,0
401,257,23,0
401,499,24,0
401,500,25,0
401,6001,26,0
401,502,27,0
401,2380,28,0
401,562,29,0
401,2116,30,0
401,206,31,0
401,207,32,0
401,2117,33,0
401,2118,34,0
401,34,35,0
401,120,36,0
401,121,37,0
401,69,38,0
401,122,39,0
401,124,40,0
401,125,41,0
401,378,42,0
401,379,43,0
401,380,44,0
401,381,45,0
401,382,46,0
401,383,47,0
401,384,48,0
401,385,49,0
401,386,50,0
401,1166,51,0
401,419,52,0
401,8000,53,1
500,6012,1,0
500,502,2,0
500,589,3,0
500,796,4,0
500,1133,5,0
500,1327,6,0
500,421,7,0
500,422,8,0
500,1493,9,0
500,1494,10,0
500,1813,11,0
500,1815,12,0
500,435,13,0
500,436,14,0
500,1106,15,0
500,1497,16,0
500,2067,17,0
500,239,18,0
500,240,19,0
500,241,20,0
500,2068,21,0
500,2037,22,1
501,2037,1,0
501,226,2,0
501,227,3,0
501,228,4,0
501,229,5,0
501,2069,6,0
501,2070,7,0
501,1502,8,0
501,1503,9,0
501,1514,10,0
501,1814,11,0
501,1506,12,0
501,1508,13,0
501,1509,14,0
501,437,15,0
501,438,16,0
501,1134,17,0
501,806,18,0
501,638,19,0
501,6000,20,1
600,1382,1,0
600,1383,2,0
600,1479,3,0
600,1480,4,0
600,1388,5,0
600,1389,6,0
600,1390,7,0
600,1482,8,0
600,1394,9,0
600,2078,10,0
600,488,11,0
600,489,12,0
600,490,13,0
600,491,14,0
600,492,15,0
600,493,16,0
600,494,17,0
600,2079,18,0
600,463,19,0
600,1548,20,0
600,1504,21,0
600,1505,22,0
600,1536,23,0
600,7000,24,1
601,7005,1,0
601,169,2,0
601,171,3,0
601,172,4,0
601,1344,5,0
601,1488,6,0
601,1507,7,0
601,2277,8,0
601,472,9,0
601,474,10,0
601,475,11,0
601,1381,12,0
601,1382,13,1
700,2091,1,0
700,1334,2,0
700,1277,3,0
700,1278,4,0
700,1279,5,0
700,758,6,0
700,759,7,1
700,760,8,0
700,1280,9,0
700,1281,10,0
700,1282,11,0
700,778,12,0
700,2080,13,0
700,2081,14,0
700,2083,15,0
700,2084,16,0
700,543,17,0
700,544,18,0
700,545,19,0
700,546,20,0
700,547,21,0
700,1430,22,0
700,548,23,0
700,549,24,0
700,550,25,0
700,2085,26,0
700,552,27,0
700,553,28,0
700,554,29,0
700,347,30,0
700,349,31,0
700,5100,32,0
700,102,33,0
700,208,34,0
700,499,35,0
700,500,36,0
700,6010,37,0
700,502,38,0
700,589,39,0
700,590,40,0
700,1767,41,0
700,1764,42,0
700,222,43,0
700,223,44,0
700,224,45,0
700,2037,46,0
700,2086,47,0
700,2087,48,0
700,1790,49,0
700,2280,50,0
700,2285,51,0
700,2287,52,0
700,2283,53,0
700,2430,54,0
700,233,55,0
700,1041,56,0
700,234,57,1
701,2287,1,0
701,2283,2,0
701,2430,3,0
701,233,4,0
701,1041,5,0
701,234,6,0
701,1788,7,0
701,2281,8,0
701,1791,9,0
701,2088,10,0
701,2089,11,0
701,2068,12,0
701,2037,13,1
701,242,14,0
701,243,15,0
701,244,16,0
701,1765,17,0
701,1766,18,0
701,1768,19,0
701,638,20,0
701,6003,21,0
701,640,22,0
701,641,23,0
701,642,24,0
701,258,25,0
701,28,26,0
701,5200,27,0
701,260,28,0
701,261,29,0
701,516,30,0
701,518,31,0
701,520,32,0
701,521,33,0
701,522,34,0
701,523,35,0
701,524,36,0
701,525,37,0
701,526,38,0
701,1043,39,0
701,1413,40,0
701,1412,41,0
701,2090,42,0
701,754,43,0
701,529,44,0
701,530,45,0
701,1231,46,0
701,1279,47,0
701,758,48,0
701,1272,49,0
701,1273,50,0
701,1274,51,0
701,1275,52,0
701,776,53,0
701,777,54,0
701,778,55,0
701,2080,56,0
701,532,57,0
701,1331,58,0
701,1332,59,0
701,1322,60,0
701,1323,61,0
701,1324,62,1
701,759,63,1
701,760,64,0
701,1280,65,1
800,7002,1,0
800,169,2,0
800,171,3,0
800,172,4,0
800,173,5,0
800,174,6,0
800,577,7,0
800,578,8,0
800,580,9,0
800,581,10,0
800,582,11,0
800,583,12,0
800,584,13,0
800,1330,14,0
800,587,15,0
800,588,16,0
800,552,17,0
800,553,18,0
800,554,19,0
800,347,20,0
800,349,21,0
800,5100,22,0
800,2318,23,0
800,2376,24,0
800,1724,25,0
800,402,26,0
800,24,27,0
800,407,28,0
800,1056,29,0
800,408,30,0
800,409,31,0
800,410,32,0
800,214,33,0
800,215,34,0
800,216,35,0
800,1319,36,0
800,217,37,0
800,218,38,0
800,219,39,0
800,220,40,0
800,221,41,0
800,222,42,0
800,223,43,0
800,224,44,0
800,2037,45,0
800,2086,46,0
800,2087,47,0
800,1790,48,0
800,2280,49,0
800,2285,50,0
800,2287,51,0
800,2283,52,0
800,2430,53,0
800,233,54,0
800,1041,55,0
800,234,56,1
801,2287,1,0
801,2283,2,0
801,2430,3,0
801,233,4,0
801,1041,5,0
801,234,6,0
801,1788,7,0
801,2281,8,0
801,1791,9,0
801,2088,10,0
801,2089,11,0
801,242,12,0
801,243,13,0
801,244,14,0
801,245,15,0
801,246,16,0
801,247,17,0
801,248,18,0
801,249,19,0
801,250,20,0
801,251,21,0
801,252,22,0
801,452,23,0
801,373,24,0
801,354,25,0
801,355,26,0
801,417,27,0
801,307,28,0
801,2378,29,0
801,2379,30,0
801,2325,31,0
801,5200,32,0
801,260,33,0
801,261,34,0
801,516,35,0
801,518,36,0
801,1059,37,0
801,564,38,0
801,565,39,0
801,566,40,0
801,567,41,0
801,568,42,0
801,569,43,0
801,570,44,0
801,571,45,0
801,572,46,0
801,573,47,0
801,574,48,0
801,461,49,0
801,462,50,0
801,463,51,0
801,1548,52,0
801,1504,53,0
801,1505,54,0
801,1536,55,0
801,7000,56,1
900,7005,1,0
900,169,2,0
900,171,3,0
900,172,4,0
900,173,5,0
900,174,6,0
900,577,7,0
900,578,8,0
900,580,9,0
900,581,10,0
900,711,11,0
900,712,12,0
900,713,13,0
900,2085,14,0
900,552,15,0
900,553,16,0
900,554,17,0
900,376,18,0
900,377,19,0
900,2120,20,0
900,2121,21,0
900,119,22,0
900,2122,23,0
900,792,24,0
900,793,25,0
900,794,26,0
900,638,27,0
900,6011,28,0
900,640,29,0
900,641,30,0
900,209,31,0
900,210,32,0
900,1146,33,0
900,817,34,0
900,818,35,0
900,1127,36,0
900,594,37,0
900,595,38,0
900,596,39,0
900,597,40,0
900,598,41,0
900,1306,42,0
900,601,43,0
900,1301,44,0
900,1631,45,0
900,602,46,0
900,1518,47,0
900,1519,48,0
900,607,49,0
900,608,50,0
900,2254,51,0
900,2255,52,0
900,1633,53,0
900,1634,54,0
900,2097,55,1
901,2097,1,0
901,2098,2,0
901,2099,3,0
901,2100,4,0
901,2101,5,0
901,2102,6,0
901,2103,7,0
901,2104,8,0
901,2105,9,0
901,2107,10,0
901,2109,11,0
901,2110,12,0
901,2111,13,0
901,2112,14,0
901,2113,15,0
901,2114,16,0
901,631,17,0
901,2386,18,0
901,633,19,0
901,634,20,0
901,1446,21,0
901,2115,22,0
901,1122,23,0
901,1123,24,0
901,834,25,0
901,835,26,0
901,256,27,0
901,257,28,0
901,499,29,0
901,500,30,0
901,6005,31,0
901,502,32,0
901,2380,33,0
901,562,34,0
901,2116,35,0
901,206,36,0
901,207,37,0
901,2117,38,0
901,2118,39,0
901,398,40,0
901,2119,41,0
901,516,42,0
901,518,43,0
901,520,44,0
901,751,45,0
901,752,46,0
901,570,47,0
901,571,48,0
901,572,49,0
901,573,50,0
901,574,51,0
901,461,52,0
901,462,53,0
901,463,54,0
901,1548,55,0
901,1504,56,0
901,1505,57,0
901,1536,58,0
901,7000,59,1
1100,93,1,0
1100,94,2,0
1100,95,3,0
1100,96,4,0
1100,97,5,0
1100,769,6,0
1100,770,7,0
1100,1083,8,0
1100,1574,9,0
1100,1573,10,0
1100,1812,11,0
1100,2411,12,0
1100,1781,13,0
1100,771,14,0
1100,1334,15,0
1100,1277,16,0
1100,1278,17,0
1100,1279,18,0
1100,758,19,0
1100,759,20,0
1100,760,21,0
1100,1280,22,0
1100,1281,23,0
1100,1282,24,0
1100,778,25,0
1100,779,26,0
1100,540,27,0
1100,541,28,0
1100,542,29,0
1100,780,30,0
1100,781,31,0
1100,546,32,0
1100,547,33,0
1100,1430,34,0
1100,548,35,0
1100,782,36,0
1100,569,37,0
1100,570,38,0
1100,571,39,0
1100,572,40,0
1100,573,41,0
1100,574,42,0
1100,461,43,0
1100,462,44,0
1100,463,45,0
1100,1548,46,0
1100,1504,47,0
1100,1505,48,0
1100,1536,49,0
1100,7001,50,0
1100,1234,51,0
1100,1447,52,0
1100,1342,53,0
1100,8002,54,0
1100,1545,55,0
1100,299,56,0
1100,1552,57,0
1100,1553,58,0
1100,1554,59,0
1100,1555,60,0
1100,1556,61,0
1100,815,62,0
1100,2443,63,0
1100,304,64,0
1100,1398,65,0
1100,1399,66,0
1100,2125,67,0
1100,2436,68,0
1100,2373,69,0
1100,2126,70,0
1100,1741,71,0
1100,1742,72,0
1100,2127,73,0
1100,2418,74,0
1100,2128,75,0
1100,54,76,1
1101,54,1,0
1101,790,2,0
1101,2417,3,0
1101,1305,4,0
1101,1743,5,0
1101,795,6,0
1101,2374,7,0
1101,2375,8,0
1101,2343,9,0
1101,814,10,0
1101,303,11,0
1101,1550,12,0
1101,2444,13,0
1101,1551,14,0
1101,1176,15,0
1101,1312,16,0
1101,1177,17,0
1101,1178,18,0
1101,1179,19,0
1101,309,20,0
1101,310,21,0
1101,311,22,0
1101,8001,23,0
1101,1326,24,0
1101,993,25,0
1101,2419,26,0
1101,2242,27,0
1101,169,28,0
1101,171,29,0
1101,1548,30,0
1101,1504,31,0
1101,1505,32,0
1101,1536,33,0
1101,7003,34,0
1101,172,35,0
1101,173,36,0
1101,174,37,0
1101,577,38,0
1101,578,39,0
1101,580,40,0
1101,581,41,0
1101,582,42,0
1101,583,43,0
1101,523,44,0
1101,524,45,0
1101,525,46,0
1101,526,47,0
1101,527,48,0
1101,753,49,0
1101,754,50,0
1101,755,51,0
1101,756,52,0
1101,757,53,0
1101,758,54,0
1101,1272,55,0
1101,1273,56,0
1101,1274,57,0
1101,1275,58,0
1101,776,59,0
1101,777,60,0
1101,778,61,0
1101,2080,62,0
1101,532,63,0
1101,1331,64,0
1101,1332,65,0
1101,763,66,0
1101,1780,67,0
1101,2412,68,0
1101,1811,69,0
1101,1572,70,0
1101,1575,71,0
1101,2129,72,0
1101,764,73,0
1101,765,74,0
1101,766,75,0
1101,767,76,0
1101,768,77,0
1101,92,78,0
1101,93,79,1
1101,759,80,0
1101,760,81,0
1101,1280,82,1
1200,8002,1,0
1200,1545,2,0
1200,299,3,0
1200,300,4,0
1200,301,5,0
1200,1088,6,0
1200,302,7,0
1200,2125,8,0
1200,2291,9,0
1200,1233,10,0
1200,784,11,0
1200,1292,12,0
1200,787,13,0
1200,1228,14,0
1200,788,15,0
1200,789,16,0
1200,1293,17,0
1200,1271,18,0
1200,62,19,0
1200,63,20,0
1200,64,21,0
1200,65,22,0
1200,66,23,0
1200,67,24,0
1200,2131,25,0
1200,69,26,0
1200,70,27,0
1200,398,28,0
1200,399,29,0
1200,347,30,0
1200,349,31,0
1200,5100,32,0
1200,102,33,0
1200,208,34,0
1200,499,35,0
1200,500,36,0
1200,6000,37,1
1201,6004,1,0
1201,640,2,0
1201,641,3,0
1201,642,4,0
1201,258,5,0
1201,28,6,0
1201,5200,7,0
1201,260,8,0
1201,261,9,0
1201,262,10,0
1201,376,11,0
1201,377,12,0
1201,34,13,0
1201,2130,14,0
1201,1078,15,0
1201,37,16,0
1201,38,17,0
1201,39,18,0
1201,40,19,0
1201,41,20,0
1201,42,21,0
1201,43,22,0
1201,44,23,0
1201,45,24,0
1201,46,25,0
1201,1227,26,0
1201,47,27,0
1201,1052,28,0
1201,48,29,0
1201,1232,30,0
1201,2343,31,0
1201,814,32,0
1201,1409,33,0
1201,1089,34,0
1201,815,35,0
1201,1044,36,0
1201,816,37,0
1201,311,38,0
1201,8000,39,1
1301,602,1,0
1301,1518,2,0
1301,1519,3,0
1301,607,4,0
1301,608,5,0
1301,2254,6,0
1301,2255,7,0
1301,621,8,0
1301,622,9,0
1301,2296,10,0
1301,629,11,0
1301,2455,12,0
1301,1474,13,0
1301,747,14,0
1301,454,15,0
1301,455,16,0
1301,457,17,0
1301,2460,18,0
1301,750,19,0
1301,520,20,0
1301,751,21,0
1301,752,22,0
1301,570,23,0
1301,571,24,0
1301,572,25,0
1301,573,26,0
1301,574,27,0
1301,461,28,0
1301,462,29,0
1301,463,30,0
1301,1548,31,0
1301,1504,32,0
1301,1505,33,0
1301,1536,34,0
1301,7000,35,1
1400,7002,1,0
1400,169,2,0
1400,171,3,0
1400,172,4,0
1400,173,5,0
1400,174,6,0
1400,577,7,0
1400,578,8,0
1400,580,9,0
1400,581,10,0
1400,582,11,0
1400,583,12,0
1400,584,13,0
1400,585,14,0
1400,693,15,0
1400,694,16,0
1400,1745,17,0
1400,1139,18,0
1400,697,19,0
1400,698,20,0
1400,699,21,0
1400,700,22,0
1400,701,23,0
1400,702,24,0
1400,703,25,0
1400,1541,26,0
1400,705,27,0
1400,706,28,0
1400,707,29,0
1400,708,30,0
1400,709,31,0
1400,710,32,0
1400,349,33,0
1400,5100,34,0
1400,102,35,0
1400,208,36,0
1400,499,37,0
1400,500,38,0
1400,6000,39,1
1401,6005,1,0
1401,640,2,0
1401,641,3,0
1401,642,4,0
1401,258,5,0
1401,28,6,0
1401,5200,7,0
1401,643,8,0
1401,644,9,0
1401,645,10,0
1401,646,11,0
1401,647,12,0
1401,1137,13,0
1401,648,14,0
1401,2132,15,0
1401,2133,16,0
1401,2275,17,0
1401,2134,18,0
1401,2135,19,0
1401,2136,20,0
1401,1534,21,0
1401,1535,22,0
1401,982,23,0
1401,657,24,0
1401,658,25,0
1401,566,26,0
1401,567,27,0
1401,568,28,0
1401,569,29,0
1401,570,30,0
1401,571,31,0
1401,572,32,0
1401,573,33,0
1401,574,34,0
1401,461,35,0
1401,462,36,0
1401,463,37,0
1401,1548,38,0
1401,1504,39,0
1401,1505,40,0
1401,1536,41,0
1401,7000,42,1
1500,7005,1,0
1500,169,2,0
1500,171,3,0
1500,467,4,0
1500,468,5,0
1500,2137,6,0
1500,2138,7,0
1500,2139,8,0
1500,1778,9,0
1500,1475,10,1
1501,1475,1,0
1501,1476,2,0
1501,1316,3,0
1501,164,4,0
1501,165,5,0
1501,166,6,0
1501,1549,7,0
1501,167,8,0
1501,1548,9,0
1501,1504,10,0
1501,1505,11,0
1501,1536,12,0
1501,7000,13,1
1600,7004,1,0
1600,169,2,0
1600,171,3,0
1600,172,4,0
1600,173,5,0
1600,174,6,0
1600,176,7,0
1600,177,8,0
1600,1294,9,0
1600,178,10,0
1600,179,11,0
1600,58,12,0
1600,59,13,0
1600,60,14,0
1600,1271,15,0
1600,62,16,0
1600,63,17,0
1600,129,18,1
1601,129,1,0
1601,130,2,0
1601,131,3,0
1601,132,4,0
1601,133,5,0
1601,1816,6,0
1601,1817,7,0
1601,143,8,0
1601,2140,9,0
1601,144,10,0
1601,145,11,0
1601,1087,12,0
1601,1579,13,0
1601,785,14,0
1601,1156,15,0
1601,1157,16,0
1601,1158,17,0
1601,1292,18,0
1601,787,19,0
1601,1228,20,0
1601,788,21,0
1601,789,22,0
1601,1293,23,0
1601,154,24,0
1601,155,25,0
1601,1525,26,0
1601,156,27,0
1601,157,28,0
1601,158,29,0
1601,159,30,0
1601,160,31,0
1601,461,32,0
1601,462,33,0
1601,463,34,0
1601,1548,35,0
1601,1504,36,0
1601,1505,37,0
1601,1536,38,0
1601,7000,39,1
1700,963,1,0
1700,1669,2,0
1700,1704,3,0
1700,1667,4,0
1700,1665,5,0
1700,1211,6,0
1700,1513,7,0
1700,1353,8,0
1700,1354,9,0
1700,1355,10,0
1700,1012,11,0
1700,1013,12,0
1700,1014,13,0
1700,1015,14,0
1700,1373,15,0
1700,1601,16,0
1700,1602,17,0
1700,1603,18,0
1700,1604,19,0
1700,1376,20,0
1700,1746,21,0
1700,1605,22,0
1700,1606,23,0
1700,1607,24,0
1700,1608,25,0
1700,1609,26,0
1700,901,27,0
1700,902,28,0
1700,903,29,0
1700,905,30,0
1700,906,31,0
1700,907,32,0
1700,908,33,0
1700,418,34,0
1700,324,35,0
1700,325,36,0
1700,1447,37,0
1700,1342,38,0
1700,8001,39,0
1700,387,40,0
1700,388,41,0
1700,389,42,0
1700,390,43,0
1700,391,44,0
1700,392,45,0
1700,393,46,0
1700,56,47,0
1700,57,48,0
1700,394,49,0
1700,396,50,0
1700,199,51,0
1700,200,52,0
1700,202,53,0
1700,203,54,0
1700,204,55,0
1700,1290,56,0
1700,70,57,0
1700,2253,58,0
1700,2120,59,0
1700,2121,60,0
1700,119,61,0
1700,2122,62,0
1700,792,63,0
1700,793,64,0
1700,794,65,0
1700,638,66,0
1700,6000,67,1
1701,6001,1,0
1701,502,2,0
1701,2380,3,0
1701,562,4,0
1701,2116,5,0
1701,206,6,0
1701,207,7,0
1701,2117,8,0
1701,2118,9,0
1701,34,10,0
1701,120,11,0
1701,121,12,0
1701,69,13,0
1701,122,14,0
1701,124,15,0
1701,125,16,0
1701,378,17,0
1701,379,18,0
1701,380,19,0
1701,381,20,0
1701,382,21,0
1701,383,22,0
1701,384,23,0
1701,385,24,0
1701,386,25,0
1701,1166,26,0
1701,419,27,0
1701,8002,28,0
1701,1326,29,0
1701,993,30,0
1701,842,31,0
1701,734,32,0
1701,1003,33,0
1701,847,34,0
1701,848,35,0
1701,849,36,0
1701,851,37,0
1701,852,38,0
1701,853,39,0
1701,854,40,0
1701,1610,41,0
1701,1611,42,0
1701,1612,43,0
1701,1613,44,0
1701,1747,45,0
1701,1748,46,0
1701,1614,47,0
1701,1615,48,0
1701,1616,49,0
1701,1617,50,0
1701,1663,51,0
1701,1371,52,0
1701,975,53,0
1701,976,54,0
1701,977,55,0
1701,1208,56,0
1701,1256,57,0
1701,1197,58,0
1701,1314,59,0
1701,948,60,0
1701,1666,61,0
1701,1668,62,0
1701,1703,63,0
1701,1670,64,0
1701,2454,65,0
1701,2457,66,1
1800,2148,1,0
1800,2149,2,0
1800,2150,3,0
1800,2151,4,0
1800,2152,5,0
1800,2153,6,0
1800,2154,7,0
1800,2155,8,0
1800,2156,9,0
1800,1220,10,0
1800,878,11,0
1800,879,12,0
1800,880,13,0
1800,881,14,0
1800,1357,15,0
1800,2157,16,0
1800,1618,17,0
1800,1619,18,0
1800,1620,19,0
1800,1621,20,0
1800,2159,21,0
1800,2160,22,0
1800,2161,23,0
1800,1361,24,0
1800,1362,25,0
1800,1626,26,0
1800,1721,27,0
1800,1720,28,0
1800,1719,29,0
1800,1364,30,0
1800,1769,31,0
1800,324,32,0
1800,325,33,0
1800,2419,34,0
1800,2242,35,0
1800,169,36,0
1800,171,37,0
1800,1548,38,0
1800,1504,39,0
1800,1505,40,0
1800,1536,41,0
1800,7000,42,1
1801,7004,1,0
1801,1234,2,0
1801,842,3,0
1801,844,4,0
1801,287,5,0
1801,288,6,0
1801,1200,7,0
1801,1718,8,0
1801,1717,9,0
1801,1627,10,0
1801,1635,11,0
1801,1348,12,0
1801,2141,13,0
1801,2142,14,0
1801,2143,15,0
1801,1622,16,0
1801,1623,17,0
1801,1624,18,0
1801,1625,19,0
1801,2145,20,0
1801,1351,21,0
1801,873,22,0
1801,874,23,0
1801,875,24,0
1801,876,25,0
1801,939,26,0
1801,940,27,0
1801,1251,28,0
1801,942,29,0
1801,943,30,0
1801,945,31,0
1801,971,32,0
1801,946,33,0
1801,947,34,0
1801,1255,35,0
1801,1254,36,0
1801,2147,37,1
1900,1382,1,0
1900,1383,2,0
1900,1479,3,0
1900,1480,4,0
1900,1388,5,0
1900,1389,6,0
1900,1390,7,0
1900,1482,8,0
1900,1394,9,0
1900,2078,10,0
1900,488,11,0
1900,489,12,0
1900,490,13,0
1900,491,14,0
1900,492,15,0
1900,493,16,0
1900,494,17,0
1900,2079,18,0
1900,173,19,0
1900,174,20,0
1900,577,21,0
1900,1565,22,0
1900,1566,23,0
1900,1405,24,0
1900,689,25,0
1900,690,26,0
1900,691,27,0
1900,692,28,0
1900,2163,29,0
1900,713,30,0
1900,2085,31,0
1900,716,32,0
1900,717,33,0
1900,707,34,0
1900,708,35,0
1900,709,36,0
1900,710,37,0
1900,349,38,0
1900,5100,39,0
1900,102,40,0
1900,208,41,0
1900,499,42,0
1900,500,43,0
1900,6000,44,1
1901,6006,1,0
1901,640,2,0
1901,641,3,0
1901,642,4,0
1901,258,5,0
1901,28,6,0
1901,5200,7,0
1901,643,8,0
1901,644,9,0
1901,645,10,0
1901,646,11,0
1901,750,12,0
1901,520,13,0
1901,751,14,0
1901,2164,15,0
1901,660,16,0
1901,661,17,0
1901,662,18,0
1901,1406,19,0
1901,663,20,0
1901,2165,21,0
1901,574,22,0
1901,2398,23,0
1901,161,24,0
1901,162,25,0
1901,163,26,0
1901,164,27,0
1901,165,28,0
1901,2277,29,0
1901,472,30,0
1901,474,31,0
1901,475,32,0
1901,1381,33,0
1901,1382,34,1
2000,6007,1,0
2000,502,2,0
2000,2380,3,0
2000,504,4,0
2000,1458,5,0
2000,917,6,0
2000,2223,7,0
2000,1787,8,0
2000,978,9,0
2000,987,10,0
2000,988,11,0
2000,979,12,0
2000,918,13,0
2000,919,14,0
2000,920,15,0
2000,772,16,0
2000,773,17,0
2000,921,18,0
2000,922,19,0
2000,990,20,1
2001,990,1,0
2001,923,2,0
2001,511,3,0
2001,512,4,0
2001,793,5,0
2001,794,6,0
2001,638,7,0
2001,6000,8,1
2100,600,1,0
2100,1650,2,0
2100,926,3,0
2100,1641,4,0
2100,1636,5,0
2100,1662,6,0
2100,1664,7,1
2100,1822,8,0
2100,1041,9,0
2100,234,10,1
2101,234,1,0
2101,635,2,0
2101,1823,3,0
2101,1664,4,0
2101,1637,5,0
2101,1661,6,0
2101,1658,7,0
2101,1638,8,0
2101,1639,9,0
2101,1641,10,1
2200,2051,1,0
2200,1632,2,0
2200,2058,3,0
2200,2059,4,0
2200,2060,5,0
2200,1798,6,0
2200,1797,7,0
2200,2109,8,0
2200,2110,9,0
2200,2111,10,0
2200,2112,11,0
2200,2113,12,0
2200,2114,13,0
2200,600,14,0
2200,1650,15,0
2200,926,16,0
2200,1636,17,0
2200,2297,18,0
2200,1800,19,0
2200,1027,20,0
2200,2298,21,0
2200,2299,22,0
2200,1790,23,0
2200,2280,24,0
2200,1041,25,0
2200,234,26,1
2201,234,1,0
2201,1788,2,0
2201,2281,3,0
2201,1791,4,0
2201,2301,5,0
2201,2303,6,0
2201,1026,7,0
2201,1799,8,0
2201,2302,9,0
2201,1582,10,0
2201,925,11,0
2201,2295,12,0
2201,2051,13,1
2300,600,1,0
2300,1650,2,0
2300,926,3,0
2300,1649,4,0
2300,1648,5,0
2300,1646,6,0
2300,1651,7,0
2300,1644,8,0
2300,1657,9,1
2301,1657,1,0
2301,1654,2,0
2301,1655,3,0
2301,1653,4,0
2301,1656,5,0
2301,1652,6,0
2301,1645,7,0
2301,1647,8,0
2301,2112,9,0
2301,2113,10,0
2301,2114,11,0
2301,600,12,1
2400,965,1,0
2400,1415,2,0
2400,1414,3,0
2400,953,4,0
2400,1810,5,0
2400,954,6,0
2400,1240,7,0
2400,1250,8,0
2400,955,9,0
2400,1264,10,0
2400,956,11,0
2400,957,12,0
2400,1267,13,0
2400,1268,14,0
2400,1702,15,0
2400,1336,16,0
2400,2419,17,0
2400,2242,18,0
2400,169,19,0
2400,171,20,0
2400,1548,21,0
2400,1504,22,0
2400,1505,23,0
2400,1536,24,0
2400,7000,25,1
2401,7006,1,0
2401,1234,2,0
2401,2420,3,0
2401,1315,4,0
2401,1259,5,0
2401,1260,6,0
2401,958,7,0
2401,1438,8,0
2401,1439,9,0
2401,960,10,0
2401,1440,11,0
2401,1239,12,0
2401,961,13,0
2401,1809,14,0
2401,962,15,0
2401,1431,16,0
2401,1669,17,0
2401,965,18,1
2500,2037,1,0
2500,1580,2,0
2500,441,3,0
2500,1307,4,0
2500,1400,5,0
2500,1417,6,0
2500,1401,7,0
2500,1026,8,0
2500,1028,9,1
2500,1404,10,0
2500,1147,11,0
2500,2448,12,0
2500,2449,13,0
2500,2450,14,0
2500,2322,15,1
2500,2252,16,0
2500,1033,17,0
2500,1034,18,0
2500,1035,19,1
2501,1028,1,0
2501,1801,2,0
2501,1403,3,0
2501,1402,4,0
2501,1030,5,0
2501,1308,6,0
2501,1309,7,0
2501,2322,8,0
2501,2226,9,0
2501,1032,10,0
2501,2273,11,0
2501,2252,12,1
2501,1035,13,0
2501,1038,14,0
2501,2413,15,0
2501,1037,16,0
2501,1039,17,0
2501,436,18,0
2501,437,19,0
2501,438,20,0
2501,803,21,0
2501,800,22,0
2501,2037,23,1
2600,1739,1,0
2600,1737,2,0
2600,1735,3,0
2600,1733,4,0
2600,1731,5,0
2600,1685,6,0
2600,1763,7,0
2600,2256,8,0
2600,2257,9,0
2600,2258,10,0
2600,2445,11,0
2600,2259,12,0
2600,2260,13,0
2600,1447,14,0
2600,1342,15,0
2600,8000,16,1
2601,8001,1,0
2601,1326,2,0
2601,993,3,0
2601,1676,4,0
2601,1677,5,0
2601,1678,6,0
2601,1679,7,0
2601,1762,8,0
2601,1680,9,0
2601,1730,10,0
2601,1732,11,0
2601,1734,12,0
2601,1736,13,0
2601,1738,14,0
2601,1740,15,1
2700,1317,1,0
2700,1189,2,0
2700,986,3,0
2700,1190,4,0
2700,2390,5,0
2700,1431,6,0
2700,1669,7,0
2700,965,8,0
2700,1415,9,0
2700,1414,10,0
2700,1751,11,0
2700,1432,12,0
2700,2452,13,0
2700,1433,14,0
2700,1434,15,0
2700,1435,16,0
2700,1436,17,0
2700,7000,18,1
2701,7006,1,0
2701,992,2,0
2701,1425,3,0
2701,2453,4,0
2701,1424,5,0
2701,1427,6,0
2701,1749,7,0
2701,2279,8,0
2701,1428,9,0
2701,1317,10,1
2800,93,1,0
2800,2359,2,0
2800,2360,3,0
2800,1785,4,0
2800,2361,5,0
2800,2362,6,1
2800,2364,7,1
2800,2355,8,0
2800,2356,9,0
2800,2357,10,1
2801,2357,1,0
2801,2362,2,0
2801,1786,3,0
2801,2363,4,0
2801,2364,5,0
2801,2365,6,0
2801,2356,7,0
2801,94,8,0
2801,93,9,1
2900,7006,1,0
2900,169,2,0
2900,171,3,0
2900,172,4,0
2900,173,5,0
2900,174,6,0
2900,577,7,0
2900,578,8,0
2900,580,9,0
2900,581,10,0
2900,711,11,0
2900,712,12,0
2900,713,13,0
2900,2085,14,0
2900,552,15,0
2900,553,16,0
2900,554,17,0
2900,347,18,0
2900,349,19,0
2900,5100,20,1
2901,5100,1,0
2901,2318,2,0
2901,2376,3,0
2901,1724,4,0
2901,457,5,0
2901,2460,6,0
2901,2459,7,0
2901,750,8,0
2901,520,9,0
2901,751,10,0
2901,752,11,0
2901,570,12,0
2901,571,13,0
2901,572,14,0
2901,573,15,0
2901,574,16,0
2901,461,17,0
2901,462,18,0
2901,463,19,0
2901,1548,20,0
2901,1504,21,0
2901,1505,22,0
2901,1536,23,0
2901,7000,24,1
3600,1220,1,0
3600,878,2,0
3600,858,3,0
3600,1694,4,0
3600,1695,5,0
3600,1696,6,0
3600,1697,7,0
3600,1698,8,0
3600,1699,9,0
3600,1700,10,0
3600,1701,11,0
3600,1683,12,0
3600,1684,13,0
3600,1685,14,0
3600,1763,15,0
3600,1729,16,0
3600,1727,17,0
3600,1447,18,0
3600,1342,19,0
3600,8000,20,1
3601,8001,1,0
3601,1326,2,0
3601,1728,3,0
3601,1762,4,0
3601,1680,5,0
3601,1730,6,0
3601,1681,7,0
3601,1682,8,0
3601,1686,9,0
3601,1705,10,0
3601,1687,11,0
3601,1688,12,0
3601,1689,13,0
3601,1690,14,0
3601,1691,15,0
3601,1692,16,0
3601,1693,17,0
3601,860,18,0
3601,877,19,0
3601,1220,20,1
5000,972,1,0
5000,843,2,0
5000,1820,3,0
5000,1784,4,0
5000,2370,5,0
5000,2368,6,0
5000,910,7,0
5000,924,8,0
5000,930,9,0
5000,931,10,0
5000,968,11,0
5000,969,12,0
5000,933,13,0
5000,934,14,0
5000,935,15,0
5000,936,16,0
5000,1818,17,0
5000,937,18,0
5000,805,19,0
5000,941,20,0
5000,952,21,0
5000,964,22,0
5000,1283,23,0
5000,2441,24,0
5000,1284,25,0
5000,1285,26,0
5000,1286,27,0
5000,1287,28,0
5000,1288,29,0
5000,1289,30,0
5000,2237,31,0
5000,1299,32,0
5000,1002,33,0
5000,1380,34,0
5000,297,35,0
5000,1447,36,0
5000,1342,37,0
5000,8000,38,1
5001,8003,1,0
5001,1326,2,0
5001,312,3,0
5001,313,4,0
5001,295,5,0
5001,994,6,0
5001,314,7,0
5001,2442,8,0
5001,1284,9,0
5001,1285,10,0
5001,1286,11,0
5001,1287,12,0
5001,1288,13,0
5001,1289,14,0
5001,2440,15,0
5001,832,16,0
5001,2464,17,0
5001,804,18,0
5001,938,19,0
5001,808,20,0
5001,1819,21,0
5001,2238,22,0
5001,2239,23,0
5001,809,24,0
5001,2240,25,0
5001,813,26,0
5001,819,27,0
5001,820,28,0
5001,824,29,0
5001,825,30,0
5001,2369,31,0
5001,833,32,0
5001,980,33,0
5001,973,34,0
5001,972,35,1
5100,6007,1,0
5100,502,2,0
5100,2380,3,0
5100,562,4,0
5100,1726,5,0
5100,2300,6,0
5100,1004,7,0
5100,1760,8,0
5100,1789,9,0
5100,1021,10,0
5100,1005,11,0
5100,1006,12,0
5100,2446,13,0
5100,1007,14,0
5100,1008,15,0
5100,1009,16,0
5100,1010,17,0
5100,1011,18,0
5100,1017,19,0
5100,1019,20,0
5100,1020,21,0
5100,1023,22,0
5100,1036,23,0
5100,1024,24,0
5100,1031,25,0
5100,2466,26,0
5100,1042,27,0
5100,1050,28,1
5101,1050,1,0
5101,1061,2,0
5101,2465,3,0
5101,1062,4,0
5101,1063,5,0
5101,1064,6,0
5101,1065,7,0
5101,1067,8,0
5101,1069,9,0
5101,1070,10,0
5101,1073,11,0
5101,1077,12,0
5101,1079,13,0
5101,1095,14,0
5101,2447,15,0
5101,1096,16,0
5101,1098,17,0
5101,1049,18,0
5101,1750,19,0
5101,1761,20,0
5101,1628,21,0
5101,2305,22,0
5101,792,23,0
5101,793,24,0
5101,794,25,0
5101,638,26,0
5101,6000,27,1
5200,482,1,0
5200,654,2,0
5200,484,3,0
5200,655,4,0
5200,485,5,0
5200,486,6,0
5200,656,7,0
5200,495,8,0
5200,965,9,0
5200,1415,10,0
5200,1414,11,0
5200,496,12,0
5200,696,13,0
5200,497,14,0
5200,1220,15,1
5201,1220,1,0
5201,878,2,0
5201,858,3,0
5201,860,4,0
5201,877,5,0
5201,649,6,0
5201,439,7,0
5201,440,8,0
5201,965,9,0
5201,1415,10,0
5201,1414,11,0
5201,496,12,0
5201,650,13,0
5201,458,14,0
5201,473,15,0
5201,651,16,0
5201,652,17,0
5201,653,18,0
5201,481,19,0
5201,482,20,1
5500,2166,1,0
5500,2382,2,0
5500,2435,3,0
5500,2167,4,0
5500,2168,5,0
5500,8001,6,0
5500,2169,7,0
5500,1629,8,0
5500,2170,9,0
5500,2171,10,0
5500,2387,11,0
5500,2172,12,0
5500,2276,13,0
5500,2278,14,0
5500,330,15,0
5500,1321,16,0
5500,332,17,0
5500,333,18,0
5500,334,19,0
5500,335,20,0
5500,762,21,0
5500,336,22,0
5500,337,23,0
5500,338,24,0
5500,339,25,0
5500,158,26,0
5500,159,27,0
5500,160,28,0
5500,2398,29,0
5500,2173,30,0
5500,687,31,0
5500,688,32,0
5500,1405,33,0
5500,689,34,0
5500,1783,35,0
5500,581,36,0
5500,582,37,0
5500,2392,38,0
5500,583,39,0
5500,523,40,0
5500,2439,41,0
5500,2438,42,0
5500,2437,43,0
5500,524,44,0
5500,525,45,0
5500,526,46,0
5500,563,47,0
5500,2394,48,0
5500,694,49,0
5500,2175,50,0
5500,2203,51,0
5500,2284,52,0
5500,2176,53,0
5500,2177,54,0
5500,2178,55,0
5500,2459,56,0
5500,750,57,0
5500,552,58,0
5500,553,59,0
5500,2179,60,0
5500,2180,61,0
5500,710,62,0
5500,349,63,0
5500,5100,64,0
5500,102,65,0
5500,915,66,0
5500,2019,67,0
5500,916,68,0
5500,2020,69,0
5500,2337,70,0
5500,2388,71,0
5500,2338,72,0
5500,2397,73,0
5500,2023,74,0
5500,2024,75,0
5500,793,76,0
5500,794,77,0
5500,638,78,0
5500,6008,79,0
5500,640,80,0
5500,641,81,0
5500,209,82,0
5500,210,83,0
5500,211,84,0
5500,352,85,0
5500,2049,86,0
5500,354,87,0
5500,355,88,0
5500,356,89,0
5500,357,90,0
5500,453,91,0
5500,2185,92,0
5500,2186,93,0
5500,1569,94,0
5500,726,95,0
5500,1570,96,0
5500,2182,97,0
5500,2183,98,0
5500,364,99,0
5500,365,100,0
5500,366,101,0
5500,729,102,0
5500,2414,103,0
5500,251,104,0
5500,2349,105,0
5500,2339,106,0
5500,2350,107,0
5500,2188,108,0
5500,2189,109,0
5500,415,110,0
5500,219,111,0
5500,220,112,0
5500,221,113,0
5500,222,114,0
5500,223,115,0
5500,1032,116,0
5500,2273,117,1
5501,2037,1,0
5501,1580,2,0
5501,441,3,0
5501,416,4,0
5501,1329,5,0
5501,244,6,0
5501,245,7,0
5501,246,8,0
5501,247,9,0
5501,2190,10,0
5501,2191,11,0
5501,2340,12,0
5501,214,13,0
5501,215,14,0
5501,738,15,0
5501,739,16,0
5501,740,17,0
5501,1466,18,0
5501,1467,19,0
5501,2197,20,0
5501,2198,21,0
5501,2181,22,0
5501,369,23,0
5501,370,24,0
5501,2047,25,0
5501,2194,26,0
5501,747,27,0
5501,405,28,0
5501,2048,29,0
5501,406,30,0
5501,407,31,0
5501,1056,32,0
5501,408,33,0
5501,374,34,0
5501,254,35,0
5501,255,36,0
5501,256,37,0
5501,257,38,0
5501,499,39,0
5501,500,40,0
5501,6001,41,0
5501,502,42,0
5501,2380,43,0
5501,504,44,0
5501,505,45,0
5501,2396,46,0
5501,2341,47,0
5501,2389,48,0
5501,2342,49,0
5501,511,50,0
5501,512,51,0
5501,513,52,0
5501,514,53,0
5501,515,54,0
5501,5200,55,0
5501,643,56,0
5501,644,57,0
5501,2199,58,0
5501,518,59,0
5501,716,60,0
5501,717,61,0
5501,718,62,0
5501,647,63,0
5501,2201,64,0
5501,2202,65,0
5501,1072,66,0
5501,657,67,0
5501,2395,68,0
5501,2204,69,0
5501,546,70,0
5501,547,71,0
5501,1430,72,0
5501,548,73,0
5501,2439,74,0
5501,2438,75,0
5501,2437,76,0
5501,782,77,0
5501,569,78,0
5501,570,79,0
5501,1782,80,0
5501,2205,81,0
5501,1406,82,0
5501,663,83,0
5501,2165,84,0
5501,574,85,0
5501,177,86,0
5501,1294,87,0
5501,2381,88,0
5501,1340,89,0
5501,270,90,0
5501,272,91,0
5501,273,92,0
5501,1328,93,0
5501,274,94,0
5501,275,95,0
5501,276,96,0
5501,278,97,0
5501,279,98,0
5501,280,99,0
5501,2207,100,0
5501,2304,101,0
5501,2208,102,0
5501,2431,103,0
5501,537,104,0
5501,36,105,0
5501,8002,106,0
5501,387,107,0
5501,2209,108,0
5501,2166,109,1
5700,8001,1,0
5700,387,2,0
5700,388,3,0
5700,389,4,0
5700,1486,5,0
5700,1487,6,0
5700,332,7,0
5700,333,8,0
5700,334,9,0
5700,335,10,0
5700,762,11,0
5700,336,12,0
5700,2306,13,0
5700,2383,14,0
5700,2307,15,0
5700,2308,16,0
5700,56,17,0
5700,57,18,0
5700,394,19,0
5700,2309,20,0
5700,2344,21,0
5700,2405,22,0
5700,2310,23,0
5700,2311,24,0
5700,2312,25,0
5700,194,26,0
5700,195,27,0
5700,65,28,0
5700,66,29,0
5700,67,30,0
5700,2131,31,0
5700,69,32,0
5700,70,33,0
5700,398,34,0
5700,2313,35,0
5700,2399,36,0
5700,2314,37,0
5700,2315,38,0
5700,2316,39,0
5700,2404,40,0
5700,2317,41,0
5700,5100,42,0
5700,2318,43,0
5700,2376,44,0
5700,402,45,0
5700,24,46,0
5700,2346,47,0
5700,25,48,0
5700,2407,49,0
5700,26,50,0
5700,2367,51,0
5700,2319,52,0
5700,2348,53,0
5700,2196,54,0
5700,209,55,0
5700,210,56,0
5700,1146,57,0
5700,817,58,0
5700,2408,59,0
5700,818,60,0
5700,1127,61,0
5700,594,62,0
5700,595,63,0
5700,596,64,0
5700,2401,65,0
5700,597,66,0
5700,598,67,0
5700,1306,68,0
5700,601,69,0
5700,1301,70,0
5700,1774,71,0
5700,1643,72,0
5700,1675,73,0
5700,1642,74,0
5700,2112,75,0
5700,2113,76,0
5700,2320,77,0
5700,2321,78,0
5700,2351,79,0
5700,2354,80,0
5700,2322,81,0
5700,2226,82,0
5700,821,83,0
5700,822,84,0
5700,823,85,0
5700,2033,86,0
5700,2034,87,0
5700,1309,88,0
5700,2035,89,0
5700,1032,90,0
5700,2273,91,0
5700,2252,92,0
5700,2068,93,0
5700,242,94,0
5700,2385,95,0
5700,224,96,1
5701,224,1,0
5701,2037,2,0
5701,1580,3,0
5701,441,4,0
5701,1404,5,0
5701,1147,6,0
5701,1167,7,0
5701,1148,8,0
5701,829,9,0
5701,830,10,0
5701,831,11,0
5701,1560,12,0
5701,2261,13,0
5701,2353,14,0
5701,2352,15,0
5701,2323,16,0
5701,2324,17,0
5701,2415,18,0
5701,1301,19,0
5701,1774,20,0
5701,1643,21,0
5701,1675,22,0
5701,1642,23,0
5701,2112,24,0
5701,2113,25,0
5701,2114,26,0
5701,631,27,0
5701,2386,28,0
5701,633,29,0
5701,2402,30,0
5701,634,31,0
5701,1446,32,0
5701,2115,33,0
5701,1122,34,0
5701,1123,35,0
5701,2409,36,0
5701,834,37,0
5701,835,38,0
5701,256,39,0
5701,257,40,0
5701,2184,41,0
5701,2347,42,0
5701,2001,43,0
5701,105,44,0
5701,306,45,0
5701,2346,46,0
5701,307,47,0
5701,2378,48,0
5701,2379,49,0
5701,2325,50,0
5701,5200,51,0
5701,2326,52,0
5701,2403,53,0
5701,2327,54,0
5701,2328,55,0
5701,2329,56,0
5701,2400,57,0
5701,2330,58,0
5701,377,59,0
5701,34,60,0
5701,2130,61,0
5701,1078,62,0
5701,37,63,0
5701,38,64,0
5701,39,65,0
5701,129,66,0
5701,130,67,0
5701,2331,68,0
5701,2332,69,0
5701,2333,70,0
5701,2406,71,0
5701,2345,72,0
5701,2334,73,0
5701,378,74,0
5701,379,75,0
5701,380,76,0
5701,381,77,0
5701,2335,78,0
5701,2336,79,0
5701,2384,80,0
5701,272,81,0
5701,273,82,0
5701,1328,83,0
5701,274,84,0
5701,275,85,0
5701,276,86,0
5701,278,87,0
5701,1483,88,0
5701,1484,89,0
5701,1485,90,0
5701,1166,91,0
5701,419,92,0
5701,8000,93,1
40100,1014,1,0
40100,1220,2,0
40100,1775,3,0
40100,2285,4,0
40100,2287,5,0
40100,2283,6,0
40100,2430,7,0
40100,233,8,0
40100,1041,9,0
40100,234,10,1
40101,2287,1,0
40101,2283,2,0
40101,2430,3,0
40101,233,4,0
40101,1041,5,0
40101,234,6,0
40101,1788,7,0
40101,1776,8,0
40101,939,9,0
40101,975,10,1
40500,6012,1,0
40500,2037,2,1
41100,8002,1,0
41100,54,2,1
41101,54,1,0
41101,8000,2,1
44800,2432,1,0
44800,2434,2,0
44800,2294,3,1
44801,2294,1,0
44801,2433,2,0
44801,2432,3,1
44900,2294,1,0
44900,1342,2,0
44900,393,3,0
44900,396,4,0
44900,204,5,0
44900,1290,6,0
44900,209,7,1
44901,209,1,0
44901,354,2,0
44901,355,3,0
44901,25,4,0
44901,120,5,0
44901,69,6,0
44901,378,7,0
44901,382,8,0
44901,1326,9,0
44901,2294,10,1
45300,7006,1,0
45300,1234,2,0
45300,2285,3,0
45300,2287,4,0
45300,2283,5,0
45300,2430,6,0
45300,233,7,0
45300,1041,8,0
45300,234,9,1
45301,234,1,0
45301,1788,2,0
45301,8001,3,0
45301,2419,4,0
45301,2242,5,0
45301,169,6,0
45301,171,7,0
45301,1548,8,0
45301,1504,9,0
45301,1505,10,0
45301,1536,11,0
45301,7000,12,1
45400,2294,1,0
45400,2285,2,0
45400,2287,3,0
45400,2283,4,0
45400,2430,5,0
45400,233,6,0
45400,1041,7,0
45400,234,8,1
45401,2287,1,0
45401,2283,2,0
45401,2430,3,0
45401,233,4,0
45401,1041,5,0
45401,234,6,0
45401,1788,7,0
45401,2294,8,1
60100,7005,1,0
60100,1778,2,1
60101,1777,1,0
60101,7000,2,1
60200,1777,1,0
60200,6000,2,1
60201,6006,1,0
60201,1778,2,1
60300,1777,1,0
60300,8000,2,1
60301,8002,1,0
60301,1778,2,1
60400,1777,1,0
60400,2287,2,1
60401,234,1,0
60401,1778,2,1
90300,8002,1,0
90300,1326,2,0
90300,2256,3,0
90300,2257,4,0
90300,2258,5,0
90300,996,6,0
90300,997,7,0
90300,2445,8,0
90300,2259,9,0
90300,2260,10,0
90300,313,11,0
90300,295,12,0
90300,994,13,0
90300,314,14,0
90300,315,15,0
90300,316,16,0
90300,1186,17,0
90300,1771,18,0
90300,1769,19,0
90300,324,20,0
90300,325,21,0
90300,326,22,0
90300,327,23,0
90300,271,24,0
90300,328,25,0
90300,2278,26,0
90300,330,27,0
90300,1321,28,0
90300,332,29,0
90300,333,30,0
90300,334,31,0
90300,1523,32,0
90300,337,33,0
90300,338,34,0
90300,339,35,0
90300,340,36,0
90300,341,37,0
90300,342,38,0
90300,343,39,0
90300,345,40,0
90300,346,41,0
90300,347,42,0
90300,349,43,0
90300,5100,44,0
90300,102,45,0
90300,208,46,0
90300,499,47,0
90300,500,48,0
90300,6000,49,1
90400,6008,1,0
90400,640,2,0
90400,641,3,0
90400,209,4,0
90400,210,5,0
90400,211,6,0
90400,352,7,0
90400,2049,8,0
90400,354,9,0
90400,355,10,0
90400,417,11,0
90400,1660,12,0
90400,1659,13,0
90400,2010,14,0
90400,2422,15,0
90400,2423,16,0
90400,2015,17,0
90400,2429,18,0
90400,2017,19,0
90400,2185,20,0
90400,2186,21,0
90400,1569,22,0
90400,1796,23,0
90400,740,24,0
90400,1466,25,0
90400,1467,26,0
90400,1468,27,0
90400,1469,28,0
90400,2051,29,0
90400,1632,30,0
90400,2058,31,0
90400,2059,32,0
90400,2060,33,0
90400,1798,34,0
90400,1797,35,0
90400,2109,36,0
90400,2110,37,0
90400,2111,38,0
90400,2112,39,0
90400,2113,40,0
90400,2114,41,0
90400,631,42,0
90400,2386,43,0
90400,633,44,0
90400,634,45,0
90400,1446,46,0
90400,217,47,0
90400,218,48,0
90400,219,49,0
90400,220,50,0
90400,221,51,0
90400,222,52,0
90400,223,53,0
90400,224,54,1
90401,602,1,0
90401,1518,2,0
90401,1519,3,0
90401,607,4,0
90401,608,5,0
90401,2254,6,0
90401,2255,7,0
90401,621,8,0
90401,622,9,0
90401,2296,10,0
90401,629,11,0
90401,1464,12,0
90401,1465,13,0
90401,364,14,0
90401,365,15,0
90401,366,16,0
90401,2414,17,0
90401,2046,18,0
90401,2047,19,0
90401,2194,20,0
90401,2002,21,0
90401,2428,22,0
90401,2003,23,0
90401,16,24,0
90401,18,25,0
90401,2424,26,0
90401,2008,27,0
90401,2426,28,0
90401,24,29,0
90401,407,30,0
90401,1056,31,0
90401,408,32,0
90401,374,33,0
90401,254,34,0
90401,255,35,0
90401,256,36,0
90401,257,37,0
90401,499,38,0
90401,500,39,0
90401,6000,40,1
90700,1281,1,0
90700,1282,2,0
90700,778,3,0
90700,779,4,0
90700,540,5,0
90700,541,6,0
90700,542,7,0
90700,543,8,0
90700,544,9,0
90700,545,10,0
90700,546,11,0
90700,547,12,0
90700,1725,13,0
90700,694,14,0
90700,1745,15,0
90700,1139,16,0
90700,1130,17,0
90700,1129,18,0
90700,1072,19,0
90700,566,20,0
90700,567,21,0
90700,568,22,0
90700,569,23,0
90700,570,24,0
90700,571,25,0
90700,572,26,0
90700,573,27,0
90700,574,28,0
90700,177,29,0
90700,1340,30,0
90700,270,31,0
90700,272,32,0
90700,1478,33,0
90700,275,34,0
90700,276,35,0
90700,278,36,0
90700,1483,37,0
90700,1484,38,0
90700,1485,39,0
90700,1166,40,0
90700,419,41,0
90700,8001,42,1
90800,6010,1,0
90800,640,2,0
90800,641,3,0
90800,209,4,0
90800,210,5,0
90800,211,6,0
90800,352,7,0
90800,2049,8,0
90800,354,9,0
90800,355,10,0
90800,356,11,0
90800,1723,12,0
90800,410,13,0
90800,214,14,0
90800,215,15,0
90800,216,16,0
90800,1319,17,0
90800,217,18,0
90800,218,19,0
90800,219,20,0
90800,220,21,0
90800,221,22,0
90800,222,23,0
90800,223,24,0
90800,224,25,0
90800,799,26,0
90800,420,27,0
90800,421,28,0
90800,2229,29,0
90800,1106,30,0
90800,1497,31,0
90800,2067,32,0
90800,232,33,0
90800,1790,34,0
90800,2280,35,0
90800,2285,36,0
90800,2287,37,0
90800,2283,38,0
90800,2430,39,0
90800,233,40,0
90800,1041,41,0
90800,234,42,1
90801,2287,1,0
90801,2283,2,0
90801,2430,3,0
90801,233,4,0
90801,1041,5,0
90801,234,6,0
90801,1788,7,0
90801,2281,8,0
90801,1791,9,0
90801,2088,10,0
90801,236,11,0
90801,2069,12,0
90801,2070,13,0
90801,1502,14,0
90801,437,15,0
90801,438,16,0
90801,803,17,0
90801,800,18,0
90801,243,19,0
90801,244,20,0
90801,245,21,0
90801,246,22,0
90801,247,23,0
90801,248,24,0
90801,249,25,0
90801,250,26,0
90801,251,27,0
90801,252,28,0
90801,452,29,0
90801,1722,30,0
90801,407,31,0
90801,1056,32,0
90801,408,33,0
90801,374,34,0
90801,254,35,0
90801,255,36,0
90801,256,37,0
90801,257,38,0
90801,499,39,0
90801,500,40,0
90801,6000,41,1
91200,8002,1,0
91200,1545,2,0
91200,299,3,0
91200,300,4,0
91200,301,5,0
91200,1088,6,0
91200,302,7,0
91200,2125,8,0
91200,2291,9,0
91200,1233,10,0
91200,784,11,0
91200,1292,12,0
91200,787,13,0
91200,1228,14,0
91200,788,15,0
91200,789,16,0
91200,181,17,0
91200,183,18,0
91200,184,19,0
91200,191,20,0
91200,192,21,0
91200,193,22,0
91200,194,23,0
91200,195,24,0
91200,65,25,0
91200,66,26,0
91200,67,27,0
91200,2131,28,0
91200,69,29,0
91200,70,30,0
91200,398,31,0
91200,399,32,0
91200,347,33,0
91200,349,34,0
91200,5100,35,0
91200,102,36,0
91200,208,37,0
91200,499,38,0
91200,500,39,0
91200,6000,40,1
91201,6004,1,0
91201,640,2,0
91201,641,3,0
91201,642,4,0
91201,258,5,0
91201,28,6,0
91201,5200,7,0
91201,260,8,0
91201,261,9,0
91201,262,10,0
91201,376,11,0
91201,377,12,0
91201,34,13,0
91201,2130,14,0
91201,1078,15,0
91201,37,16,0
91201,38,17,0
91201,39,18,0
91201,40,19,0
91201,129,20,0
91201,130,21,0
91201,131,22,0
91201,132,23,0
91201,133,24,0
91201,1816,25,0
91201,1817,26,0
91201,143,27,0
91201,2140,28,0
91201,45,29,0
91201,46,30,0
91201,1227,31,0
91201,47,32,0
91201,1052,33,0
91201,48,34,0
91201,1232,35,0
91201,2343,36,0
91201,814,37,0
91201,1409,38,0
91201,1089,39,0
91201,815,40,0
91201,1044,41,0
91201,816,42,0
91201,311,43,0
91201,8000,44,1
91301,6002,1,0
91301,640,2,0
91301,641,3,0
91301,642,4,0
91301,258,5,0
91301,28,6,0
91301,5200,7,0
91301,260,8,0
91301,261,9,0
91301,262,10,0
91301,1090,11,0
91301,263,12,0
91301,265,13,0
91301,266,14,0
91301,267,15,0
91301,268,16,0
91301,269,17,0
91301,1340,18,0
91301,270,19,0
91301,272,20,0
91301,1478,21,0
91301,275,22,0
91301,276,23,0
91301,278,24,0
91301,1483,25,0
91301,1484,26,0
91301,1485,27,0
91301,2343,28,0
91301,814,29,0
91301,1409,30,0
91301,1089,31,0
91301,815,32,0
91301,1044,33,0
91301,816,34,0
91301,311,35,0
91301,312,36,0
91301,313,37,0
91301,295,38,0
91301,994,39,0
91301,314,40,0
91301,315,41,0
91301,316,42,0
91301,1186,43,0
91301,324,44,0
91301,325,45,0
91301,2419,46,0
91301,2242,47,0
91301,169,48,0
91301,171,49,0
91301,172,50,0
91301,1344,51,0
91301,1488,52,0
91301,1507,53,0
91301,2277,54,0
91301,472,55,0
91301,474,56,0
91301,475,57,0
91301,1381,58,1
91700,963,1,0
91700,1669,2,0
91700,1704,3,0
91700,1667,4,0
91700,1665,5,0
91700,1211,6,0
91700,1513,7,0
91700,1353,8,0
91700,2151,9,0
91700,2152,10,0
91700,2153,11,0
91700,2154,12,0
91700,2155,13,0
91700,2156,14,0
91700,1220,15,0
91700,878,16,0
91700,879,17,0
91700,880,18,0
91700,881,19,0
91700,1357,20,0
91700,2157,21,0
91700,1618,22,0
91700,1619,23,0
91700,1620,24,0
91700,1621,25,0
91700,2159,26,0
91700,2160,27,0
91700,2274,28,0
91700,1113,29,0
91700,894,30,0
91700,896,31,0
91700,1441,32,0
91700,1426,33,0
91700,418,34,0
91700,324,35,0
91700,325,36,0
91700,1447,37,0
91700,1342,38,0
91700,8001,39,0
91700,387,40,0
91700,388,41,0
91700,389,42,0
91700,390,43,0
91700,391,44,0
91700,392,45,0
91700,393,46,0
91700,56,47,0
91700,57,48,0
91700,394,49,0
91700,396,50,0
91700,199,51,0
91700,200,52,0
91700,202,53,0
91700,203,54,0
91700,204,55,0
91700,1290,56,0
91700,792,57,0
91700,793,58,0
91700,794,59,0
91700,638,60,0
91700,6000,61,1
91701,8002,1,0
91701,1326,2,0
91701,993,3,0
91701,842,4,0
91701,734,5,0
91701,1003,6,0
91701,853,7,0
91701,1442,8,0
91701,1443,9,0
91701,1116,10,0
91701,1121,11,0
91701,2142,12,0
91701,2143,13,0
91701,1622,14,0
91701,1623,15,0
91701,1624,16,0
91701,1625,17,0
91701,2145,18,0
91701,1351,19,0
91701,873,20,0
91701,874,21,0
91701,875,22,0
91701,876,23,0
91701,939,24,0
91701,940,25,0
91701,1251,26,0
91701,942,27,0
91701,943,28,0
91701,945,29,0
91701,971,30,0
91701,946,31,0
91701,947,32,0
91701,1314,33,0
91701,948,34,0
91701,1666,35,0
91701,1668,36,0
91701,1703,37,0
91701,1670,38,0
91701,2454,39,0
91701,2457,40,1
91800,963,1,0
91800,1669,2,0
91800,1667,3,0
91800,1665,4,0
91800,1211,5,0
91800,1513,6,0
91800,1353,7,0
91800,2151,8,0
91800,2152,9,0
91800,2153,10,0
91800,2154,11,0
91800,2155,12,0
91800,2156,13,0
91800,1220,14,0
91800,878,15,0
91800,879,16,0
91800,880,17,0
91800,881,18,0
91800,1357,19,0
91800,2157,20,0
91800,1618,21,0
91800,1619,22,0
91800,1620,23,0
91800,1621,24,0
91800,2159,25,0
91800,2160,26,0
91800,2274,27,0
91800,1113,28,0
91800,894,29,0
91800,896,30,0
91800,1441,31,0
91800,1426,32,0
91800,418,33,0
91800,324,34,0
91800,325,35,0
91800,2419,36,0
91800,2242,37,0
91800,169,38,0
91800,171,39,0
91800,1548,40,0
91800,1504,41,0
91800,1505,42,0
91800,1536,43,0
91800,7000,44,1
91801,7004,1,0
91801,1234,2,0
91801,1447,3,0
91801,1342,4,0
91801,8002,5,0
91801,1326,6,0
91801,993,7,0
91801,842,8,0
91801,734,9,0
91801,1003,10,0
91801,853,11,0
91801,1442,12,0
91801,1443,13,0
91801,1116,14,0
91801,1121,15,0
91801,2142,16,0
91801,2143,17,0
91801,1622,18,0
91801,1623,19,0
91801,1624,20,0
91801,1625,21,0
91801,2145,22,0
91801,1351,23,0
91801,873,24,0
91801,874,25,0
91801,875,26,0
91801,876,27,0
91801,939,28,0
91801,940,29,0
91801,1251,30,0
91801,942,31,0
91801,943,32,0
91801,945,33,0
91801,971,34,0
91801,946,35,0
91801,947,36,0
91801,1314,37,0
91801,948,38,0
91801,1666,39,0
91801,1668,40,0
91801,1670,41,0
91801,2454,42,0
91801,2457,43,1
91900,1382,1,0
91900,1383,2,0
91900,1479,3,0
91900,1480,4,0
91900,1388,5,0
91900,1389,6,0
91900,1390,7,0
91900,1482,8,0
91900,1394,9,0
91900,2078,10,0
91900,488,11,0
91900,489,12,0
91900,490,13,0
91900,491,14,0
91900,492,15,0
91900,493,16,0
91900,494,17,0
91900,2079,18,0
91900,173,19,0
91900,174,20,0
91900,577,21,0
91900,578,22,0
91900,580,23,0
91900,581,24,0
91900,582,25,0
91900,583,26,0
91900,584,27,0
91900,585,28,0
91900,693,29,0
91900,694,30,0
91900,1745,31,0
91900,1139,32,0
91900,697,33,0
91900,698,34,0
91900,699,35,0
91900,700,36,0
91900,701,37,0
91900,702,38,0
91900,703,39,0
91900,1541,40,0
91900,705,41,0
91900,706,42,0
91900,707,43,0
91900,708,44,0
91900,709,45,0
91900,710,46,0
91900,349,47,0
91900,5100,48,0
91900,102,49,0
91900,208,50,0
91900,499,51,0
91900,500,52,0
91900,6000,53,1
