700,'65040',647,,8806,46,,,0,77,,8807,46,,,0,23,,8808,54,,,0,75,,8809,54,,,0,29,,8810,46,,,0,75,,8811,54,,,0,23,,8812,46,,,0,65,,8813,46,,,0,42,,8814,46,,,0,56,,8815,46,,,0,40,,8816,54,,,0,60,,8817,54,,,0,37,,8818,46,,,0,64,,8819,54,,,0,36,,8820,46,,,0,63,,8821,54,,,0,16,,8822,46,,,0,23,,8823,46,,,0,66,,8824,54,,,0,18,,8825,46,,,0,20,,8826,46,,,0,67,,8827,46,,,0,19,,8828,46,,,0,66,,8829,46,,,0,35,,8830,54,,,0,66,,8831,46,,,0,31,,8832,54,,,0,68,,8833,46,,,0,27,,8834,46,,,0,71,,8835,46,,,0,34,,8836,46,,,0,65,,8837,46,,,0,29,,8838,46,,,0,81,,8839,54,,,0,30,,8840,46,,,0,104,,8850,54,,,0
700,'65041',744,,8866,46,,,0,101,,8877,54,,,0,94,,8878,46,,,0,100,,8851,46,,,0,100,,8852,46,,,0,101,,8853,46,,,0,100,,8854,46,,,0,100,,8855,46,,,0,100,,8856,46,,,0,309,,8872,54,,,0,98,,8874,46,,,0,100,,8873,54,,,0,100,,8869,54,,,0,100,,8870,54,,,0,98,,8871,54,,,0
700,'65042',744,,8894,46,,,0,101,,8905,54,,,0,94,,8906,46,,,0,100,,8879,46,,,0,100,,8880,46,,,0,101,,8881,46,,,0,100,,8882,46,,,0,100,,8883,46,,,0,100,,8884,46,,,0,309,,8900,54,,,0,98,,8902,46,,,0,100,,8901,54,,,0,100,,8897,54,,,0,100,,8898,54,,,0,98,,8899,54,,,0
800,'65040',652,,9013,53,,,1,69,,9014,53,,,1,17,,9065,53,,,1,16,,9015,53,,,1,55,,9016,53,,,1,16,,9017,53,,,1,14,,9018,53,,,1,16,,9019,53,,,1,50,,9020,53,,,1,17,,9021,53,,,1,19,,9022,53,,,1,62,,9023,53,,,1,20,,9024,53,,,1,19,,9025,53,,,1,60,,9026,53,,,1,21,,9027,53,,,1,20,,9028,53,,,1,60,,9029,53,,,1,20,,9030,53,,,1,20,,9031,53,,,1,60,,9032,53,,,1,20,,9033,53,,,1,20,,9034,53,,,1,60,,9035,53,,,1,19,,9036,53,,,1,22,,9037,53,,,1,11,,9038,53,,,1,53,,9039,53,,,1,22,,9040,53,,,1,15,,9041,53,,,1,13,,9042,53,,,1,56,,9043,53,,,1,15,,9044,53,,,1,10,,9045,53,,,1,15,,9046,53,,,1,50,,9047,53,,,1,8,,9048,53,,,1,15,,9049,53,,,1,12,,9050,53,,,1,15,,9051,53,,,1,54,,9052,53,,,1,18,,9053,53,,,1,20,,9054,53,,,1,59,,9055,53,,,1,18,,9056,53,,,1,30,,9057,53,,,1,70,,9058,53,,,1,31,,9059,53,,,1,71,,9060,53,,,1,78,,9061,53,,,1,20,,9062,53,,,1,27,,9063,53,,,1,100,,9064,53,,,1
800,'65041',650,,9082,53,,,1,100,,9083,53,,,1,68,,9084,53,,,1,28,,9085,53,,,1,64,,9086,53,,,1,30,,9066,53,,,1,72,,9067,53,,,1,30,,9068,53,,,1,70,,9069,53,,,1,30,,9070,53,,,1,71,,9071,53,,,1,30,,9072,53,,,1,69,,9073,53,,,1,31,,9074,53,,,1,70,,9075,53,,,1,30,,9076,53,,,1,70,,9077,53,,,1,30,,9078,53,,,1,70,,9079,53,,,1,30,,9080,53,,,1,70,,9081,53,,,1,29,,9087,53,,,1,71,,9088,53,,,1,30,,9094,53,,,1,71,,9089,53,,,1,37,,9095,53,,,1,100,,9090,53,,,1,100,,9091,53,,,1,99,,9092,53,,,1,100,,9093,53,,,1
800,'65042',650,,9112,53,,,1,100,,9113,53,,,1,68,,9114,53,,,1,28,,9115,53,,,1,64,,9116,53,,,1,30,,9096,53,,,1,72,,9097,53,,,1,30,,9098,53,,,1,70,,9099,53,,,1,30,,9100,53,,,1,71,,9101,53,,,1,30,,9102,53,,,1,69,,9103,53,,,1,31,,9104,53,,,1,70,,9105,53,,,1,30,,9106,53,,,1,70,,9107,53,,,1,30,,9108,53,,,1,70,,9109,53,,,1,30,,9110,53,,,1,70,,9111,53,,,1,29,,9117,53,,,1,71,,9118,53,,,1,30,,9124,53,,,1,71,,9119,53,,,1,37,,9125,53,,,1,100,,9120,53,,,1,100,,9121,53,,,1,99,,9122,53,,,1,100,,9123,53,,,1
801,'65040',608,,9126,4,,,1,28,,9127,4,,,1,70,,9129,4,,,1,14,,9130,4,,,1,85,,9132,4,,,1,749,,9157,4,,,1
801,'65041',733,,9204,4,,,1
801,'65042',733,,9234,4,,,1
40100,'65040',647,,11036,9,,,0,69,,11037,9,,,0,30,,11038,9,,,0,70,,11039,9,,,0,32,,11040,9,,,0
40101,'65040',1513,,11041,4,,,0,30,,11042,4,,,0,70,,11043,4,,,0,30,,11044,4,,,0,70,,11045,4,,,0
45300,'65040',748,,11094,8,,,2,99,,11095,8,,,2,399,,11096,8,,,2,275,,11098,8,,,2,112,,11097,8,,,2,94,,11099,8,,,2,90,,11100,8,,,2
45400,'65040',649,,11107,7,,,2,69,,11109,7,,,2,22,,11108,7,,,2,72,,11110,7,,,2,36,,11111,7,,,2,697,,11112,7,,,2
45401,'65040',1511,,11113,4,,,2,29,,11115,4,,,2,67,,11117,4,,,2,40,,11116,4,,,2,64,,11114,4,,,2
90801,'65040',2421,,11509,4,,,0
90801,'65041',2421,,11510,4,,,0
90801,'65042',2421,,11511,4,,,0
