101,'65040',652,,7964,18,,,0,60,,7965,18,,,0,22,,7966,18,,,0,20,,7977,18,0,5 6 2 65,0,74,,7978,18,0,5 6 2 65,0,95,,7967,18,,,0,100,,7968,18,,,0,100,,7969,18,,,0,99,,7970,18,,,0,100,,7971,18,,,0,100,,7972,18,,,0,78,,7979,18,0,5 6 2 65,0,30,,7980,18,0,5 6 2 65,0,26,,7973,18,,,0,73,,7981,18,0,5 6 2 65,0,27,,7982,18,0,5 6 2 65,0,59,,7983,18,0,5 6 2 65,0,26,,7976,18,,,0,70,,7985,18,0,5 6 2 65,0,105,,7984,18,0,5 6 2 65,0,86,,7975,18,,,0,105,,7974,18,,,0,49,,7986,18,0,5 6 2 65,0
101,'65041',816,,7998,18,0,5 6 2 65,0,121,,7989,18,0,5 6 2 65,0,101,,7990,18,0,5 6 2 65,0,100,,7991,18,0,5 6 2 65,0,100,,7992,18,0,5 6 2 65,0,99,,7993,18,0,5 6 2 65,0,99,,7994,18,0,5 6 2 65,0,101,,7995,18,0,5 6 2 65,0,101,,7996,18,0,5 6 2 65,0,82,,7997,18,0,5 6 2 65,0,95,,7999,18,0,5 6 2 65,0
101,'65042',816,,8009,18,0,5 6 2 65,0,121,,8000,18,0,5 6 2 65,0,101,,8001,18,0,5 6 2 65,0,100,,8002,18,0,5 6 2 65,0,100,,8003,18,0,5 6 2 65,0,99,,8004,18,0,5 6 2 65,0,99,,8005,18,0,5 6 2 65,0,101,,8006,18,0,5 6 2 65,0,101,,8007,18,0,5 6 2 65,0,82,,8008,18,0,5 6 2 65,0,95,,8010,18,0,5 6 2 65,0
401,'65040',646,,8456,27,,,0,61,,8457,27,,,0,17,,8458,27,,,0,35,,8459,27,,,0,74,,8460,27,,,0,22,,8461,27,,,0,74,,8462,27,,,0,91,,8463,27,,,0,100,,8464,27,,,0,100,,8480,27,,,0,99,,8479,27,,,0,40,,8478,27,,,0,146,,8477,27,0,5 6 2 70,0,24,,8476,27,,,0,30,,8475,27,,,0,70,,8474,27,,,0,29,,8473,27,,,0,59,,8472,27,,,0,31,,8471,27,,,0,74,,8470,27,,,0,81,,8469,27,,,0,45,,8468,27,,,0,69,,8467,27,,,0,31,,8466,27,,,0,72,,8465,27,,,0,92,,8481,27,0,5 6 2 70,0
401,'65041',818,,8516,27,,,0,39,,8530,27,,,0,85,,8508,27,,,0,100,,8509,27,,,0,100,,8510,27,,,0,100,,8511,27,,,0,101,,8512,27,,,0,100,,8513,27,,,0,100,,8514,27,,,0,100,,8515,27,,,0,99,,8529,27,,,0,61,,8520,27,,,0,22,,8521,27,,,0
401,'65042',818,,8547,27,,,0,39,,8561,27,,,0,85,,8539,27,,,0,100,,8540,27,,,0,100,,8541,27,,,0,100,,8542,27,,,0,101,,8543,27,,,0,100,,8544,27,,,0,100,,8545,27,,,0,100,,8546,27,,,0,99,,8560,27,,,0,61,,8551,27,,,0,22,,8552,27,,,0
5501,'65040',732,,10979,35,,,2,122,,10972,35,,,2,155,,10980,35,,,2,113,,10973,35,,,2,117,,10981,35,,,2,118,,10974,35,,,2,153,,10977,35,,,2,123,,10975,35,,,2,115,,10978,35,,,2,156,,10976,35,0,5 6 2 65,2
5501,'65041',832,,10989,35,,,2,110,,10988,35,,,2,110,,10987,35,,,2,150,,10986,35,,,2,110,,10985,35,,,2,110,,10984,35,,,2,109,,10982,35,,,2,112,,10983,35,0,5 6 2 65,2
5501,'65042',832,,10997,35,,,2,110,,10996,35,,,2,110,,10995,35,,,2,150,,10994,35,,,2,110,,10993,35,,,2,110,,10992,35,,,2,109,,10990,35,,,2,112,,10991,35,0,5 6 2 65,2
90401,'65040',615,,11492,34,,,0,1702,,11493,34,,,0
90401,'65041',618,,11494,34,,,0,102,,11495,34,,,0,1199,,11496,34,,,0,100,,11497,34,,,0,100,,11498,34,,,0,99,,11499,34,,,0,101,,11500,34,,,0
90401,'65042',618,,11501,34,,,0,102,,11502,34,,,0,1199,,11503,34,,,0,100,,11504,34,,,0,100,,11505,34,,,0,99,,11506,34,,,0,101,,11507,34,,,0
90801,'65040',2442,,11509,35,,,0
90801,'65041',2442,,11510,35,,,0
90801,'65042',2442,,11511,35,,,0
