900,'65040',721,,9236,17,,,0,110,,9237,17,,,0,102,,9238,17,,,0,100,,9239,17,,,0,100,,9240,17,,,0,71,,9241,17,,,0,101,,9242,17,,,0,100,,9243,17,,,0,30,,9244,17,,,0,68,,9245,17,,,0,131,,9246,17,,,0,99,,9247,17,,,0,100,,9248,17,,,0,85,,9249,17,,,0
900,'65041',1033,,9260,17,,,0,100,,9261,17,,,0,100,,9262,17,,,0,100,,9263,17,,,0,99,,9264,17,,,0,100,,9265,17,,,0,101,,9266,17,,,0
900,'65042',1033,,9275,17,,,0,100,,9276,17,,,0,100,,9277,17,,,0,100,,9278,17,,,0,99,,9279,17,,,0,100,,9280,17,,,0,101,,9281,17,,,0
1201,'65040',628,,9621,11,,,0,99,,9622,11,,,0,25,,9623,11,,,0,56,,9624,11,,,0,19,,9625,11,,,0,31,,9626,11,,,0,73,,9627,11,,,0,72,,9628,11,,,0,30,,9629,11,,,0,70,,9630,11,,,0,30,,9631,11,,,0,71,,9632,11,,,0,29,,9633,11,,,0,71,,9634,11,,,0,21,,9635,11,,,0,77,,9636,11,,,0,31,,9637,11,,,0,70,,9638,11,,,0,29,,9639,11,,,0,68,,9640,11,,,0,33,,9641,11,,,0,24,,9642,11,,,0,56,,9643,11,,,0,31,,9644,11,,,0,73,,9645,11,,,0,25,,9646,11,,,0,67,,9647,11,,,0,24,,9648,11,,,0,73,,9649,11,,,0,27,,9650,11,,,0,84,,9651,11,,,0,25,,9652,11,,,0,188,,9653,11,,,0
1201,'65041',737,,9662,11,,,0,96,,9663,11,,,0,91,,9676,11,,,0,30,,9668,11,,,0,70,,9654,11,,,0,30,,9669,11,,,0,70,,9655,11,,,0,31,,9670,11,,,0,70,,9656,11,,,0,31,,9671,11,,,0,69,,9657,11,,,0,31,,9672,11,,,0,69,,9658,11,,,0,31,,9673,11,,,0,69,,9659,11,,,0,31,,9674,11,,,0,69,,9660,11,,,0,30,,9677,11,,,0,69,,9661,11,,,0,29,,9664,11,,,0,79,,9675,11,,,0,103,,9665,11,,,0,101,,9666,11,,,0,100,,9667,11,,,0
1201,'65042',737,,9686,11,,,0,96,,9687,11,,,0,91,,9700,11,,,0,30,,9692,11,,,0,70,,9678,11,,,0,30,,9693,11,,,0,70,,9679,11,,,0,31,,9694,11,,,0,70,,9680,11,,,0,31,,9695,11,,,0,69,,9681,11,,,0,31,,9696,11,,,0,69,,9682,11,,,0,31,,9697,11,,,0,69,,9683,11,,,0,31,,9698,11,,,0,69,,9684,11,,,0,30,,9701,11,,,0,69,,9685,11,,,0,29,,9688,11,,,0,79,,9699,11,,,0,103,,9689,11,,,0,101,,9690,11,,,0,100,,9691,11,,,0
5701,'65040',928,,11020,55,,,2,123,,11022,55,,,2,104,,11018,55,,,2,162,,11021,55,,,2,105,,11019,55,,,2,120,,11023,55,,,2,105,,11017,55,,,2
5701,'65041',1145,,11029,55,,,2,102,,11028,55,,,2,153,,11027,55,,,2,102,,11026,55,,,2,111,,11025,55,,,2
5701,'65042',1145,,11035,55,,,2,102,,11034,55,,,2,153,,11033,55,,,2,102,,11032,55,,,2,111,,11031,55,,,2
91201,'65040',2240,,11514,11,,,0,100,,11515,11,,,0
91201,'65041',2236,,11516,11,,,0,97,,11517,11,,,0
91201,'65042',2236,,11518,11,,,0,97,,11519,11,,,0
