1600,'65040',629,,9966,31,4,,0,71,,9965,31,4,,0,28,,9971,31,4,,0,23,,9964,31,4,,0,66,,9963,31,4,,0,33,,9962,31,4,,0,71,,9961,31,4,,0,34,,9960,31,4,,0,98,,9959,31,4,,0,95,,9958,31,4,,0,74,,9957,31,4,,0,34,,9956,31,4,,0,99,,9955,31,4,,0,93,,9954,31,4,,0,66,,9953,31,4,,0,29,,9952,31,4,,0,61,,9951,31,4,,0,21,,9950,31,4,,0,26,,9967,31,4,,0,65,,9949,31,4,,0,36,,9948,31,4,,0,68,,9947,31,4,,0,86,,9946,31,4,,0,25,,9945,31,4,,0,73,,9944,31,4,,0,28,,9943,31,4,,0,83,,9970,31,4,,0,38,,9942,31,4,,0,85,,9968,31,4,,0,70,,9969,31,4,,0
1600,'65041',703,,9987,31,4,,0,54,,9981,31,4,,0,97,,9980,31,4,,0,97,,9988,31,4,,0,70,,9972,31,4,,0,100,,9973,31,4,,0,100,,9974,31,4,,0,100,,9975,31,4,,0,100,,9976,31,4,,0,100,,9977,31,4,,0,100,,9978,31,4,,0,102,,9979,31,4,,0,98,,9986,31,4,,0,80,,9982,31,4,,0,100,,9983,31,4,,0,99,,9985,31,4,,0,59,,9984,31,4,,0,75,,9989,31,4,,0
1600,'65042',703,,10005,31,4,,0,54,,9999,31,4,,0,97,,9998,31,4,,0,97,,10006,31,4,,0,70,,9990,31,4,,0,100,,9991,31,4,,0,100,,9992,31,4,,0,100,,9993,31,4,,0,100,,9994,31,4,,0,100,,9995,31,4,,0,100,,9996,31,4,,0,102,,9997,31,4,,0,98,,10004,31,4,,0,80,,10000,31,4,,0,100,,10001,31,4,,0,99,,10003,31,4,,0,59,,10002,31,4,,0,75,,10007,31,4,,0
1601,'65040',629,,10008,1,,,0,71,,10009,1,,,0,28,,10010,1,,,0,23,,10011,1,,,0,66,,10036,1,,,0,33,,10012,1,,,0,71,,10013,1,,,0,34,,10014,1,,,0,98,,10015,1,,,0,95,,10016,1,,,0,74,,10017,1,,,0,34,,10018,1,,,0,99,,10019,1,,,0,93,,10020,1,,,0,66,,10021,1,,,0,29,,10022,1,,,0,61,,10023,1,,,0,21,,10024,1,,,0,26,,10033,1,,,0,65,,10025,1,,,0,36,,10026,1,,,0,68,,10027,1,,,0,86,,10028,1,,,0,25,,10029,1,,,0,73,,10030,1,,,0,28,,10031,1,,,0,83,,10037,1,,,0,38,,10032,1,,,0,85,,10034,1,,,0,70,,10035,1,,,0
1601,'65041',703,,10047,1,,,0,54,,10048,1,,,0,97,,10046,1,,,0,97,,10054,1,,,0,70,,10038,1,,,0,100,,10039,1,,,0,100,,10040,1,,,0,100,,10041,1,,,0,100,,10042,1,,,0,100,,10043,1,,,0,100,,10044,1,,,0,102,,10045,1,,,0,98,,10053,1,,,0,80,,10049,1,,,0,100,,10050,1,,,0,99,,10052,1,,,0,59,,10051,1,,,0,75,,10055,1,,,0
1601,'65042',703,,10065,1,,,0,54,,10066,1,,,0,97,,10064,1,,,0,97,,10072,1,,,0,70,,10056,1,,,0,100,,10057,1,,,0,100,,10058,1,,,0,100,,10059,1,,,0,100,,10060,1,,,0,100,,10061,1,,,0,100,,10062,1,,,0,102,,10063,1,,,0,98,,10071,1,,,0,80,,10067,1,,,0,100,,10068,1,,,0,99,,10070,1,,,0,59,,10069,1,,,0,75,,10073,1,,,0
5700,'65040',919,,11002,27,,,2,100,,11000,27,,,2,123,,11001,27,,,2,105,,10998,27,,,2,162,,11003,27,,,2,105,,10999,27,,,2,120,,11004,27,,,2
5700,'65041',1124,,11010,27,,,2,113,,11009,27,,,2,102,,11008,27,,,2,112,,11007,27,,,2,102,,11006,27,,,2,152,,11005,27,0,56,2
5700,'65042',1124,,11016,27,,,2,113,,11015,27,,,2,102,,11014,27,,,2,112,,11013,27,,,2,102,,11012,27,,,2,152,,11011,27,0,56,2
91200,'65040',2215,,11512,24,,,0,100,,11513,24,,,0
