201,'65040',641,,8072,15,,,0,85,,8073,15,,,0,25,,8074,15,,,0,73,,8075,15,,,0,34,,8076,15,,,0,142,,8077,15,,,0,59,,8078,15,,,0,98,,8079,15,,,0,100,,8080,15,,,0,100,,8081,15,,,0,99,,8082,15,,,0,67,,8083,15,,,0,30,,8084,15,,,0,71,,8085,15,,,0,31,,8086,15,,,0,73,,8087,15,,,0,73,,8094,15,,,0,31,,8088,15,,,0,74,,8089,15,,,0,39,,8095,15,,,0,100,,8090,15,,,0,105,,8091,15,,,0,91,,8092,15,,,0,100,,8093,15,,,0
201,'65041',738,,8104,15,,,0,102,,8105,15,,,0,89,,8096,15,,,0,29,,8097,15,,,0,100,,8098,15,,,0,99,,8099,15,,,0,99,,8100,15,,,0,100,,8101,15,,,0,100,,8102,15,,,0,100,,8103,15,,,0,70,,8106,15,,,0,114,,8107,15,,,0,100,,8108,15,,,0,102,,8109,15,,,0,100,,8110,15,,,0,100,,8111,15,,,0,100,,8112,15,,,0,100,,8113,15,,,0
201,'65042',738,,8122,15,,,0,102,,8123,15,,,0,89,,8114,15,,,0,29,,8115,15,,,0,100,,8116,15,,,0,99,,8117,15,,,0,99,,8118,15,,,0,100,,8119,15,,,0,100,,8120,15,,,0,100,,8121,15,,,0,70,,8124,15,,,0,114,,8125,15,,,0,100,,8126,15,,,0,102,,8127,15,,,0,100,,8128,15,,,0,100,,8129,15,,,0,100,,8130,15,,,0,100,,8131,15,,,0
1401,'65040',543,,9776,9,,,0,98,,9777,9,,,0,88,,9778,9,,,0,11,,9812,9,,,0,14,,9779,9,,,0,68,,9780,9,,,0,25,,9781,9,,,0,57,,9782,9,,,0,18,,9783,9,,,0,35,,9784,9,,,0,65,,9785,9,,,0,79,,9786,9,,,0,21,,9787,9,,,0,36,,9788,9,,,0,63,,9789,9,,,0,36,,9790,9,,,0,65,,9791,9,,,0,37,,9792,9,,,0,57,,9793,9,,,0,20,,9813,9,,,0,20,,9794,9,,,0,65,,9795,9,,,0,25,,9796,9,,,0,66,,9797,9,,,0,30,,9798,9,,,0,71,,9799,9,,,0,14,,9800,9,,,0,21,,9801,9,,,0,74,,9802,9,,,0,22,,9803,9,,,0,84,,9804,9,,,0,81,,9805,9,,,0,23,,9806,9,,,0,77,,9807,9,,,0,33,,9808,9,,,0,97,,9809,9,,,0,100,,9810,9,,,0,17,,9811,9,,,0
1401,'65041',736,,9821,9,,,0,95,,9822,9,,,0,96,,9814,9,,,0,28,,9815,9,,,0,100,,9816,9,,,0,99,,9817,9,,,0,99,,9830,9,,,0,98,,9818,9,,,0,100,,9819,9,,,0,101,,9820,9,,,0,100,,9832,9,,,0,99,,9831,9,,,0,79,,9823,9,,,0,105,,9824,9,,,0,101,,9825,9,,,0,100,,9826,9,,,0,100,,9827,9,,,0,100,,9828,9,,,0,21,,9829,9,,,0
1401,'65042',736,,9840,9,,,0,95,,9841,9,,,0,96,,9833,9,,,0,28,,9834,9,,,0,100,,9835,9,,,0,99,,9836,9,,,0,99,,9849,9,,,0,98,,9837,9,,,0,100,,9838,9,,,0,101,,9839,9,,,0,100,,9851,9,,,0,99,,9850,9,,,0,79,,9842,9,,,0,105,,9843,9,,,0,101,,9844,9,,,0,100,,9845,9,,,0,100,,9846,9,,,0,100,,9847,9,,,0,21,,9848,9,,,0
1901,'65040',555,,10299,9,0,10 55,0,87,,10298,9,,,0,75,,10297,9,,,0,20,,10296,9,,,0,98,,10295,9,,,0,101,,10294,9,,,0,104,,10293,9,,,0,100,,10292,9,,,0,96,,10291,9,,,0,100,,10290,9,,,0,97,,10289,9,,,0,81,,10288,9,,,0,40,,10287,9,,,0,70,,10286,9,,,0,34,,10285,9,,,0,69,,10284,9,,,0,84,,10283,9,,,0
5501,'65040',750,,10979,57,,,2,157,,10972,57,,,2,116,,10980,57,,,2,114,,10973,57,,,2,117,,10981,57,,,2,158,,10974,57,,,2,113,,10977,57,,,2,123,,10975,57,,,2,155,,10978,57,,,2
5501,'65041',847,,10989,57,,,2,110,,10988,57,,,2,150,,10987,57,,,2,110,,10986,57,,,2,110,,10985,57,,,2,110,,10984,57,,,2,109,,10982,57,,,2
5501,'65042',847,,10997,57,,,2,110,,10996,57,,,2,150,,10995,57,,,2,110,,10994,57,,,2,110,,10993,57,,,2,110,,10992,57,,,2,109,,10990,57,,,2
