700,'65040',700,,8808,6,,,0,33,,8809,6,,,0,103,,8811,6,,,0,208,,8846,6,0,5 6 2 69,0,60,,8816,6,,,0,20,,8817,6,,,0,99,,8819,6,,,0,99,,8821,6,,,0,103,,8824,6,,,0,209,,8849,6,0,5 6 2 69,0,17,,8830,6,,,0,99,,8832,6,,,0,382,,8839,6,,,0,173,,8850,6,,,0
700,'65041',756,,8877,6,,,0,1046,,8872,6,,,0,157,,8873,6,,,0,141,,8869,6,,,0,100,,8870,6,,,0,100,,8871,6,,,0
700,'65042',756,,8905,6,,,0,1046,,8900,6,,,0,157,,8901,6,,,0,141,,8897,6,,,0,100,,8898,6,,,0,100,,8899,6,,,0
701,'65040',640,,8907,28,0,54,0,82,,8908,28,0,54,0,17,,8916,41,0,54,0,63,,8917,41,0,54,0,18,,8918,41,,,0,20,,8919,41,,,0,60,,8920,41,0,54,0,26,,8921,41,0,54,0,26,,8922,41,0,54,0,55,,8923,41,0,54,0,23,,8924,41,,,0,25,,8925,41,0,54,0,56,,8909,28,,,0,27,,8926,41,0,54,0,63,,8927,41,0,54,0,9,,8910,28,,,0,29,,8928,41,0,54,0,61,,8929,41,0,54,0,9,,8911,28,,,0,30,,8930,41,0,54,0,61,,8931,41,0,54,0,12,,8912,28,,,0,22,,8932,41,0,54,0,21,,8933,41,0,54,0,59,,8913,28,0,54,0,15,,8934,41,0,54,0,18,,8935,41,0,54,0,72,,8936,41,,,0,15,,8937,41,,,0,15,,8938,41,0,54,0,69,,8939,41,0,54,0,16,,8914,28,,,0,15,,8940,41,0,54,0,72,,8941,41,0,54,0,28,,8942,41,0,54,0,71,,8943,41,0,54,0,35,,8944,41,0,54,0,65,,8945,41,0,54,0,31,,8946,41,0,54,0,68,,8947,41,,,0,30,,8948,41,0,54,0,68,,8949,41,0,54,0,36,,8950,41,,,0,100,,8952,41,0,54,0,152,,8915,28,0,54,0
701,'65041',745,,8970,28,,,0,76,,8981,41,0,54,0,31,,8980,28,0,54,0,70,,8969,41,0,54,0,29,,8961,28,0,54,0,70,,8953,41,0,54,0,30,,8962,28,0,54,0,70,,8954,41,0,54,0,30,,8963,28,0,54,0,70,,8955,41,0,54,0,30,,8964,28,0,54,0,70,,8956,41,0,54,0,30,,8965,28,0,54,0,70,,8957,41,0,54,0,30,,8966,28,0,54,0,70,,8958,41,0,54,0,30,,8967,28,0,54,0,70,,8959,41,0,54,0,30,,8968,28,0,54,0,70,,8960,28,0,54,0,30,,8971,28,,,0,70,,8972,28,0,54,0,38,,8979,28,0,54,0,89,,8982,41,,,0,101,,8973,41,,,0,100,,8974,41,,,0,99,,8975,41,,,0,99,,8976,41,0,54,0,158,,8977,28,0,54,0
701,'65042',745,,9000,28,,,0,76,,9011,41,0,54,0,31,,9010,28,0,54,0,70,,8999,41,0,54,0,29,,8991,28,0,54,0,70,,8983,41,0,54,0,30,,8992,28,0,54,0,70,,8984,41,0,54,0,30,,8993,28,0,54,0,70,,8985,41,0,54,0,30,,8994,28,0,54,0,70,,8986,41,0,54,0,30,,8995,28,0,54,0,70,,8987,41,0,54,0,30,,8996,28,0,54,0,70,,8988,41,0,54,0,30,,8997,28,0,54,0,70,,8989,41,0,54,0,30,,8998,28,0,54,0,70,,8990,28,0,54,0,30,,9001,28,,,0,70,,9002,28,0,54,0,38,,9009,28,0,54,0,89,,9012,41,,,0,101,,9003,41,,,0,100,,9004,41,,,0,99,,9005,41,,,0,99,,9006,41,0,54,0,158,,9007,28,0,54,0
1100,'65040',706,,9345,19,,,0,47,,9346,19,,,0,65,,9347,19,,,0,107,,9348,19,,,0,101,,9349,19,,,0,99,,9350,19,,,0,99,,9351,19,,,0,100,,9352,19,,,0,101,,9353,19,,,0,99,,9354,19,,,0,27,,9355,19,,,0,71,,9356,19,,,0,31,,9357,19,,,0,70,,9358,19,,,0,32,,9359,19,,,0,71,,9376,19,0,22 23 2 67,0,31,,9360,19,,,0,74,,9377,19,0,22 23 2 67,0,79,,9361,19,,,0,100,,9362,19,,,0,104,,9363,19,,,0,101,,9364,19,0,57,0,91,,9379,19,0,22 23 2 67,0
1100,'65041',802,,9396,19,,,0,102,,9380,19,,,0,30,,9381,19,,,0,87,,9382,19,,,0,100,,9383,19,,,0,100,,9384,19,,,0,100,,9385,19,,,0,100,,9386,19,,,0,100,,9387,19,,,0,100,,9398,19,,,0,30,,9399,19,,,0,153,,9401,19,,,0,100,,9402,19,,,0,100,,9403,19,,,0,100,,9404,19,,,0,100,,9405,19,,,0,99,,9406,19,,,0,100,,9407,19,0,22 23 2 67,0
1100,'65042',802,,9424,19,,,0,102,,9408,19,,,0,30,,9409,19,,,0,87,,9410,19,,,0,100,,9411,19,,,0,100,,9412,19,,,0,100,,9413,19,,,0,100,,9414,19,,,0,100,,9415,19,,,0,100,,9426,19,,,0,30,,9427,19,,,0,153,,9429,19,,,0,100,,9430,19,,,0,100,,9431,19,,,0,100,,9432,19,,,0,100,,9433,19,,,0,99,,9434,19,,,0,100,,9435,19,0,22 23 2 67,0
1101,'65040',553,,9457,22,,,0,70,,9458,22,,,0,30,,9472,55,0,54,0,60,,9436,55,,,0,35,,9437,55,,,0,70,,9459,55,0,54,0,36,,9438,55,,,0,58,,9460,55,0,54,0,31,,9461,55,0,54,0,67,,9439,55,,,0,30,,9462,55,0,54,0,70,,9440,55,,,0,40,,9463,55,0,54,0,61,,9441,55,,,0,39,,9473,33,0,54,0,60,,9442,55,,,0,39,,9464,33,0,54,0,64,,9443,55,,,0,30,,9465,33,0,54,0,69,,9444,55,,,0,30,,9445,55,,,0,72,,9446,55,,,0,14,,9466,33,0,54,0,16,,9447,55,,,0,71,,9448,55,,,0,30,,9449,55,,,0,14,,9475,55,0,54,0,54,,9450,55,,,0,29,,9451,55,,,0,70,,9467,55,0,54,0,29,,9452,55,,,0,70,,9476,33,0,54,0,30,,9453,55,,,0,70,,9468,33,0,54,0,15,,9471,55,0,54,0,26,,9454,55,,,0,50,,9469,33,0,54,0,13,,9470,33,0,54,0,33,,9455,55,,,0,103,,9456,55,,,0,75,,9474,55,0,54,0
1101,'65041',647,,9495,22,,,0,88,,9496,22,,,0,102,,9494,55,,,0,69,,9477,33,,,0,45,,9486,55,0,54,0,70,,9478,55,,,0,30,,9487,55,0,54,0,70,,9479,55,,,0,30,,9488,55,0,54,0,70,,9480,55,,,0,30,,9489,55,0,54,0,70,,9481,55,,,0,30,,9490,55,0,54,0,70,,9482,55,,,0,30,,9491,55,0,54,0,70,,9483,55,,,0,30,,9492,55,0,54,0,70,,9484,55,,,0,30,,9493,55,0,54,0,70,,9485,55,,,0,22,,9497,55,0,54,0,64,,9498,55,,,0,27,,9499,55,0,54,0,16,,9500,55,,,0,100,,9501,55,,,0,100,,9502,55,,,0,99,,9503,55,,,0,97,,9504,55,,,0,99,,9505,55,,,0,100,,9506,55,0,54,0
1101,'65042',647,,9525,22,,,0,88,,9526,22,,,0,102,,9524,55,,,0,69,,9507,33,,,0,45,,9516,55,0,54,0,70,,9508,55,,,0,30,,9517,55,0,54,0,70,,9509,55,,,0,30,,9518,55,0,54,0,70,,9510,55,,,0,30,,9519,55,0,54,0,70,,9511,55,,,0,30,,9520,55,0,54,0,70,,9512,55,,,0,30,,9521,55,0,54,0,70,,9513,55,,,0,30,,9522,55,0,54,0,70,,9514,55,,,0,30,,9523,55,0,54,0,70,,9515,55,,,0,22,,9527,55,0,54,0,64,,9528,55,,,0,27,,9529,55,0,54,0,16,,9530,55,,,0,100,,9531,55,,,0,100,,9532,55,,,0,99,,9533,55,,,0,97,,9534,55,,,0,99,,9535,55,,,0,100,,9536,55,0,54,0
