300,'65040',606,,8132,13,,,0,25,,8133,13,,,0,15,,8134,13,,,0,57,,8135,13,,,0,12,,8136,13,,,0,13,,8137,13,,,0,16,,8138,13,,,0,15,,8139,13,,,0,52,,8140,13,,,0,17,,8141,13,,,0,20,,8142,13,,,0,60,,8143,13,,,0,20,,8144,13,,,0,20,,8145,13,,,0,60,,8146,13,,,0,20,,8147,13,,,0,20,,8148,13,,,0,60,,8149,13,,,0,20,,8150,13,,,0,16,,8151,13,,,0,61,,8152,13,,,0,20,,8153,13,,,0,20,,8154,13,,,0,60,,8155,13,,,0,21,,8156,13,,,0,20,,8157,13,,,0,56,,8158,13,,,0,13,,8159,13,,,0,17,,8181,13,,,0,15,,8160,13,,,0,55,,8161,13,,,0,13,,8162,13,,,0,20,,8163,13,,,0,15,,8164,13,,,0,60,,8165,13,,,0,25,,8166,13,,,0,65,,8167,13,,,0,31,,8168,13,,,0,22,,8169,13,,,0,60,,8170,13,,,0,20,,8171,13,,,0,25,,8172,13,,,0,69,,8173,13,,,0,74,,8174,13,,,0,27,,8175,13,,,0,28,,8180,13,,,0,61,,8176,13,,,0,20,,8177,13,,,0,77,,8178,13,,,0
300,'65041',702,,8198,13,,,0,20,,8199,13,,,0,30,,8200,13,,,0,69,,8211,13,,,0,29,,8182,13,,,0,70,,8183,13,,,0,29,,8184,13,,,0,70,,8185,13,,,0,30,,8186,13,,,0,70,,8187,13,,,0,30,,8188,13,,,0,69,,8189,13,,,0,30,,8190,13,,,0,70,,8191,13,,,0,29,,8192,13,,,0,71,,8193,13,,,0,29,,8194,13,,,0,70,,8195,13,,,0,30,,8196,13,,,0,70,,8197,13,,,0,31,,8201,13,,,0,55,,8202,13,,,0,19,,8203,13,,,0,32,,8204,13,,,0,74,,8205,13,,,0,78,,8206,13,,,0,31,,8212,13,,,0,70,,8207,13,,,0,100,,8208,13,,,0,100,,8209,13,,,0,99,,8210,13,,,0
300,'65042',702,,8229,13,,,0,20,,8230,13,,,0,30,,8231,13,,,0,69,,8242,13,,,0,29,,8213,13,,,0,70,,8214,13,,,0,29,,8215,13,,,0,70,,8216,13,,,0,30,,8217,13,,,0,70,,8218,13,,,0,30,,8219,13,,,0,69,,8220,13,,,0,30,,8221,13,,,0,70,,8222,13,,,0,29,,8223,13,,,0,71,,8224,13,,,0,29,,8225,13,,,0,70,,8226,13,,,0,30,,8227,13,,,0,70,,8228,13,,,0,31,,8232,13,,,0,55,,8233,13,,,0,19,,8234,13,,,0,32,,8235,13,,,0,74,,8236,13,,,0,78,,8237,13,,,0,31,,8243,13,,,0,70,,8238,13,,,0,100,,8239,13,,,0,100,,8240,13,,,0,99,,8241,13,,,0
1700,'65040',657,,10074,35,,,0,75,,10075,35,,,0,73,,10076,35,,,0,50,,10077,35,,,0,100,,10078,35,,,0,100,,10079,35,,,0,81,,10080,35,,,0,101,,10081,35,,,0,101,,10082,35,,,0,101,,10083,35,,,0,100,,10084,35,0,22 23 2 70,0,88,,10085,35,,,0,89,,10086,35,0,22 23 2 70,0,42,,10087,35,0,22 23 2 70,0,146,,10088,35,0,22 23 2 70,0,51,,10089,35,0,22 23 2 70,0,86,,10090,35,,,0,68,,10091,35,0,22 23 2 70,0,98,,10092,35,0,22 23 2 70,0
1700,'65041',759,,10102,35,0,22 23 2 70,0,153,,10093,35,0,22 23 2 70,0,99,,10094,35,0,22 23 2 70,0,100,,10095,35,0,22 23 2 70,0,95,,10096,35,0,22 23 2 70,0,100,,10097,35,0,22 23 2 70,0,101,,10098,35,0,22 23 2 70,0,100,,10099,35,0,22 23 2 70,0,99,,10100,35,0,22 23 2 70,0,101,,10101,35,0,22 23 2 70,0,100,,10103,35,0,22 23 2 70,0,93,,10104,35,0,22 23 2 70,0,101,,10105,35,0,22 23 2 70,0,100,,10106,35,0,22 23 2 70,0,99,,10107,35,0,22 23 2 70,0
1700,'65042',759,,10117,35,0,22 23 2 70,0,153,,10108,35,0,22 23 2 70,0,99,,10109,35,0,22 23 2 70,0,100,,10110,35,0,22 23 2 70,0,95,,10111,35,0,22 23 2 70,0,100,,10112,35,0,22 23 2 70,0,101,,10113,35,0,22 23 2 70,0,100,,10114,35,0,22 23 2 70,0,99,,10115,35,0,22 23 2 70,0,101,,10116,35,0,22 23 2 70,0,100,,10118,35,0,22 23 2 70,0,93,,10119,35,0,22 23 2 70,0,101,,10120,35,0,22 23 2 70,0,100,,10121,35,0,22 23 2 70,0,99,,10122,35,0,22 23 2 70,0
1800,'65040',658,,10171,32,,,0,74,,10172,32,,,0,73,,10173,32,,,0,50,,10174,32,,,0,100,,10175,32,,,0,100,,10176,32,,,0,81,,10177,32,,,0,101,,10178,32,,,0,101,,10179,32,,,0,101,,10180,32,,,0,100,,10181,32,,,0,88,,10182,32,,,0,89,,10183,32,,,0,42,,10184,32,,,0,146,,10185,32,,,0,51,,10186,32,,,0,86,,10187,32,,,0,68,,10188,32,,,0,98,,10189,32,,,0
1800,'65041',758,,10199,32,,,0,153,,10190,32,,,0,99,,10191,32,,,0,100,,10192,32,,,0,95,,10193,32,,,0,100,,10194,32,,,0,101,,10195,32,,,0,100,,10196,32,,,0,99,,10197,32,,,0,101,,10198,32,,,0,100,,10200,32,,,0,53,,10201,32,,,0,141,,10202,32,,,0,100,,10203,32,,,0,59,,10204,32,,,0
1800,'65042',758,,10214,32,,,0,153,,10205,32,,,0,99,,10206,32,,,0,100,,10207,32,,,0,95,,10208,32,,,0,100,,10209,32,,,0,101,,10210,32,,,0,100,,10211,32,,,0,99,,10212,32,,,0,101,,10213,32,,,0,100,,10215,32,,,0,53,,10216,32,,,0,141,,10217,32,,,0,100,,10218,32,,,0,59,,10219,32,,,0
90300,'65040',2316,,11467,20,,,0,107,,11468,20,,,0
90300,'65041',2423,,11471,20,,,0
90300,'65042',2423,,11473,20,,,0
91301,'65040',2512,,11520,43,,,0
91301,'65041',2513,,11521,43,,,0
91301,'65042',2513,,11522,43,,,0
91700,'65040',601,,11523,35,,,0,1705,,11524,35,0,22 23 2 70,0
91700,'65041',655,,11525,35,0,22 23 2 70,0
91700,'65042',655,,11526,35,0,22 23 2 70,0
91800,'65041',2255,,11528,34,,,0
91800,'65042',2255,,11529,34,,,0
