801,'65040',640,,9126,48,,,1,71,,9127,48,,,1,17,,9128,43,,,1,15,,9129,48,,,1,15,,9130,48,,,1,55,,9175,43,,,1,17,,9131,43,,,1,13,,9132,48,,,1,61,,9133,43,,,1,19,,9134,43,,,1,20,,9135,43,,,1,61,,9136,43,,,1,19,,9137,43,,,1,23,,9138,43,,,1,61,,9139,43,,,1,19,,9140,43,,,1,20,,9141,43,,,1,61,,9142,43,,,1,20,,9143,43,,,1,20,,9144,43,,,1,61,,9145,43,,,1,20,,9146,43,,,1,20,,9147,43,,,1,60,,9148,43,,,1,20,,9149,43,,,1,20,,9150,43,,,1,60,,9151,43,,,1,13,,9152,43,,,1,17,,9153,43,,,1,17,,9154,43,,,1,52,,9155,43,,,1,17,,9156,43,,,1,14,,9157,48,,,1,14,,9158,43,,,1,56,,9159,43,,,1,12,,9160,43,,,1,15,,9161,43,,,1,15,,9162,43,,,1,55,,9163,43,,,1,19,,9164,43,,,1,21,,9165,43,,,1,62,,9166,43,,,1,26,,9167,43,,,1,70,,9168,43,,,1,30,,9169,43,,,1,70,,9170,43,,,1,30,,9171,43,,,1,69,,9172,43,,,1,37,,9173,43,,,1,99,,9174,43,,,1
801,'65041',740,,9193,43,,,1,67,,9204,48,,,1,29,,9194,43,,,1,20,,9195,43,,,1,70,,9176,43,,,1,30,,9177,43,,,1,71,,9178,43,,,1,30,,9179,43,,,1,71,,9180,43,,,1,30,,9181,43,,,1,70,,9182,43,,,1,30,,9183,43,,,1,70,,9184,43,,,1,30,,9185,43,,,1,70,,9186,43,,,1,30,,9187,43,,,1,70,,9188,43,,,1,30,,9189,43,,,1,69,,9190,43,,,1,30,,9191,43,,,1,70,,9192,43,,,1,29,,9196,43,,,1,72,,9197,43,,,1,80,,9198,43,,,1,32,,9199,43,,,1,69,,9200,43,,,1,30,,9205,43,,,1,100,,9201,43,,,1,98,,9202,43,,,1,100,,9203,43,,,1
801,'65042',740,,9223,43,,,1,67,,9234,48,,,1,29,,9224,43,,,1,20,,9225,43,,,1,70,,9206,43,,,1,30,,9207,43,,,1,71,,9208,43,,,1,30,,9209,43,,,1,71,,9210,43,,,1,30,,9211,43,,,1,70,,9212,43,,,1,30,,9213,43,,,1,70,,9214,43,,,1,30,,9215,43,,,1,70,,9216,43,,,1,30,,9217,43,,,1,70,,9218,43,,,1,30,,9219,43,,,1,69,,9220,43,,,1,30,,9221,43,,,1,70,,9222,43,,,1,29,,9226,43,,,1,72,,9227,43,,,1,80,,9228,43,,,1,32,,9229,43,,,1,69,,9230,43,,,1,30,,9235,43,,,1,100,,9231,43,,,1,98,,9232,43,,,1,100,,9233,43,,,1
901,'65040',728,,9289,51,,,0,27,,9290,51,,,0,70,,9291,51,,,0,115,,9292,51,,,0,100,,9293,51,,,0,100,,9294,51,,,0,102,,9295,51,,,0,71,,9296,51,,,0,101,,9297,51,,,0,100,,9298,51,,,0,30,,9299,51,,,0,68,,9300,51,,,0,133,,9301,51,,,0
901,'65041',1035,,9313,51,,,0,101,,9314,51,,,0,101,,9320,51,,,0,100,,9319,51,,,0,100,,9318,51,,,0,100,,9317,51,,,0,101,,9316,51,,,0,101,,9315,51,,,0
901,'65042',1035,,9329,51,,,0,101,,9330,51,,,0,101,,9336,51,,,0,100,,9335,51,,,0,100,,9334,51,,,0,100,,9333,51,,,0,101,,9332,51,,,0,101,,9331,51,,,0
1100,'65040',607,,9378,20,0,22 23 2 67,0,43,,9365,20,,,0,71,,9345,41,,,0,13,,9366,20,,,0,18,,9371,20,0,22 23 2 67,0,58,,9346,41,,,0,25,,9347,41,,,0,73,,9367,20,,,0,32,,9348,41,,,0,64,,9368,20,,,0,37,,9349,41,,,0,66,,9372,20,0,22 23 2 67,0,33,,9350,41,,,0,62,,9373,20,0,22 23 2 67,0,39,,9351,41,,,0,62,,9374,20,0,22 23 2 67,0,38,,9352,41,,,0,61,,9369,20,,,0,38,,9353,41,,,0,68,,9370,20,,,0,31,,9354,41,,,0,68,,9355,41,,,0,32,,9356,41,,,0,69,,9357,41,,,0,30,,9358,41,,,0,72,,9359,41,,,0,31,,9376,41,0,22 23 2 67,0,71,,9360,41,,,0,34,,9377,41,0,22 23 2 67,0,79,,9361,41,,,0,24,,9375,20,0,22 23 2 67,0,76,,9362,41,,,0,104,,9363,41,,,0,100,,9364,41,0,57,0,90,,9379,41,0,22 23 2 67,0
1100,'65041',715,,9395,20,,,0,100,,9396,41,,,0,32,,9397,20,,,0,70,,9380,41,,,0,30,,9381,41,,,0,56,,9388,20,,,0,31,,9382,41,,,0,69,,9389,20,,,0,31,,9383,41,,,0,69,,9390,20,,,0,32,,9384,41,,,0,68,,9391,20,,,0,32,,9385,41,,,0,68,,9392,20,,,0,32,,9386,41,,,0,68,,9393,20,,,0,32,,9387,41,,,0,68,,9394,20,,,0,32,,9398,41,,,0,70,,9399,41,,,0,50,,9400,20,0,22 23 2 67,0,63,,9401,41,,,0,99,,9402,41,,,0,100,,9403,41,,,0,99,,9404,41,,,0,100,,9405,41,,,0,99,,9406,41,,,0,100,,9407,41,0,22 23 2 67,0
1100,'65042',715,,9423,20,,,0,100,,9424,41,,,0,32,,9425,20,,,0,70,,9408,41,,,0,30,,9409,41,,,0,56,,9416,20,,,0,31,,9410,41,,,0,69,,9417,20,,,0,31,,9411,41,,,0,69,,9418,20,,,0,32,,9412,41,,,0,68,,9419,20,,,0,32,,9413,41,,,0,68,,9420,20,,,0,32,,9414,41,,,0,68,,9421,20,,,0,32,,9415,41,,,0,68,,9422,20,,,0,32,,9426,41,,,0,70,,9427,41,,,0,50,,9428,20,0,22 23 2 67,0,63,,9429,41,,,0,99,,9430,41,,,0,100,,9431,41,,,0,99,,9432,41,,,0,100,,9433,41,,,0,99,,9434,41,,,0,100,,9435,41,0,22 23 2 67,0
1401,'65040',556,,9776,34,,,0,100,,9777,34,,,0,91,,9778,34,,,0,11,,9812,34,,,0,56,,9779,34,,,0,29,,9780,34,,,0,64,,9781,34,,,0,17,,9782,34,,,0,17,,9783,34,,,0,75,,9784,34,,,0,25,,9785,34,,,0,79,,9786,34,,,0,21,,9787,34,,,0,76,,9788,34,,,0,23,,9789,34,,,0,76,,9790,34,,,0,25,,9791,34,,,0,77,,9792,34,,,0,17,,9793,34,,,0,20,,9813,34,,,0,60,,9794,34,,,0,25,,9795,34,,,0,66,,9796,34,,,0,27,,9797,34,,,0,70,,9798,34,,,0,30,,9799,34,,,0,14,,9800,34,,,0,61,,9801,34,,,0,32,,9802,34,,,0,62,,9803,34,,,0,44,,9804,34,,,0,80,,9805,34,,,0,23,,9806,34,,,0,77,,9807,34,,,0,33,,9808,34,,,0,97,,9809,34,,,0,98,,9810,34,,,0,56,,9811,34,,,0
1401,'65041',751,,9821,34,,,0,95,,9822,34,,,0,96,,9814,34,,,0,68,,9815,34,,,0,100,,9816,34,,,0,100,,9817,34,,,0,99,,9830,34,,,0,99,,9818,34,,,0,100,,9819,34,,,0,101,,9820,34,,,0,100,,9832,34,,,0,99,,9831,34,,,0,39,,9823,34,,,0,104,,9824,34,,,0,101,,9825,34,,,0,98,,9826,34,,,0,99,,9827,34,,,0,99,,9828,34,,,0,61,,9829,34,,,0
1401,'65042',751,,9840,34,,,0,95,,9841,34,,,0,96,,9833,34,,,0,68,,9834,34,,,0,100,,9835,34,,,0,100,,9836,34,,,0,99,,9849,34,,,0,99,,9837,34,,,0,100,,9838,34,,,0,101,,9839,34,,,0,100,,9851,34,,,0,99,,9850,34,,,0,39,,9842,34,,,0,104,,9843,34,,,0,101,,9844,34,,,0,98,,9845,34,,,0,99,,9846,34,,,0,99,,9847,34,,,0,61,,9848,34,,,0
1601,'65040',637,,10008,14,,,0,71,,10009,14,,,0,28,,10010,14,,,0,23,,10011,14,,,0,67,,10036,14,,,0,33,,10012,14,,,0,71,,10013,14,,,0,74,,10014,14,,,0,98,,10015,14,,,0,55,,10016,14,,,0,74,,10017,14,,,0,74,,10018,14,,,0,99,,10019,14,,,0,54,,10020,14,,,0,66,,10021,14,,,0,29,,10022,14,,,0,61,,10023,14,,,0,21,,10024,14,,,0,65,,10033,14,,,0,25,,10025,14,,,0,76,,10026,14,,,0,28,,10027,14,,,0,85,,10028,14,,,0,25,,10029,14,,,0,73,,10030,14,,,0,28,,10031,14,,,0,83,,10037,14,,,0,78,,10032,14,,,0,44,,10034,14,,,0,70,,10035,14,,,0
1601,'65041',710,,10047,14,,,0,95,,10048,14,,,0,97,,10046,14,,,0,57,,10054,14,,,0,71,,10038,14,,,0,100,,10039,14,,,0,100,,10040,14,,,0,100,,10041,14,,,0,100,,10042,14,,,0,100,,10043,14,,,0,100,,10044,14,,,0,102,,10045,14,,,0,98,,10053,14,,,0,80,,10049,14,,,0,99,,10050,14,,,0,99,,10052,14,,,0,98,,10051,14,,,0,35,,10055,14,,,0
1601,'65042',710,,10065,14,,,0,95,,10066,14,,,0,97,,10064,14,,,0,57,,10072,14,,,0,71,,10056,14,,,0,100,,10057,14,,,0,100,,10058,14,,,0,100,,10059,14,,,0,100,,10060,14,,,0,100,,10061,14,,,0,100,,10062,14,,,0,102,,10063,14,,,0,98,,10071,14,,,0,80,,10067,14,,,0,99,,10068,14,,,0,99,,10070,14,,,0,98,,10069,14,,,0,35,,10073,14,,,0
