300,'65040',601,,8132,5,,,0,25,,8133,5,,,0,15,,8134,5,,,0,16,,8135,5,,,0,52,,8136,5,,,0,13,,8137,5,,,0,16,,8138,5,,,0,15,,8139,5,,,0,52,,8140,5,,,0,17,,8141,5,,,0,20,,8142,5,,,0,60,,8143,5,,,0,20,,8144,5,,,0,20,,8145,5,,,0,60,,8146,5,,,0,20,,8147,5,,,0,20,,8148,5,,,0,60,,8149,5,,,0,20,,8150,5,,,0,16,,8151,5,,,0,21,,8152,5,,,0,60,,8153,5,,,0,20,,8154,5,,,0,20,,8155,5,,,0,61,,8156,5,,,0,20,,8157,5,,,0,16,,8158,5,,,0,53,,8159,5,,,0,17,,8181,5,,,0,15,,8160,5,,,0,15,,8161,5,,,0,52,,8162,5,,,0,20,,8163,5,,,0,15,,8164,5,,,0,60,,8165,5,,,0,25,,8166,5,,,0,25,,8167,5,,,0,71,,8168,5,,,0,23,,8169,5,,,0,60,,8170,5,,,0,20,,8171,5,,,0,25,,8172,5,,,0,69,,8173,5,,,0,34,,8174,5,,,0,67,,8175,5,,,0,28,,8180,5,,,0,61,,8176,5,,,0,20,,8177,5,,,0,77,,8178,5,,,0
300,'65041',658,,8198,5,,,0,60,,8199,5,,,0,29,,8200,5,,,0,69,,8211,5,,,0,29,,8182,5,,,0,70,,8183,5,,,0,29,,8184,5,,,0,70,,8185,5,,,0,30,,8186,5,,,0,70,,8187,5,,,0,30,,8188,5,,,0,69,,8189,5,,,0,30,,8190,5,,,0,70,,8191,5,,,0,29,,8192,5,,,0,70,,8193,5,,,0,29,,8194,5,,,0,70,,8195,5,,,0,30,,8196,5,,,0,70,,8197,5,,,0,31,,8201,5,,,0,15,,8202,5,,,0,59,,8203,5,,,0,32,,8204,5,,,0,74,,8205,5,,,0,78,,8206,5,,,0,31,,8212,5,,,0,70,,8207,5,,,0,101,,8208,5,,,0,100,,8209,5,,,0,99,,8210,5,,,0
300,'65042',658,,8229,5,,,0,60,,8230,5,,,0,29,,8231,5,,,0,69,,8242,5,,,0,29,,8213,5,,,0,70,,8214,5,,,0,29,,8215,5,,,0,70,,8216,5,,,0,30,,8217,5,,,0,70,,8218,5,,,0,30,,8219,5,,,0,69,,8220,5,,,0,30,,8221,5,,,0,70,,8222,5,,,0,29,,8223,5,,,0,70,,8224,5,,,0,29,,8225,5,,,0,70,,8226,5,,,0,30,,8227,5,,,0,70,,8228,5,,,0,31,,8232,5,,,0,15,,8233,5,,,0,59,,8234,5,,,0,32,,8235,5,,,0,74,,8236,5,,,0,78,,8237,5,,,0,31,,8243,5,,,0,70,,8238,5,,,0,101,,8239,5,,,0,100,,8240,5,,,0,99,,8241,5,,,0
5001,'65040',655,,10766,5,,,2,67,,10782,5,0,31 32,2,29,,10767,5,,,2,71,,10786,5,0,31 32,2,31,,10768,5,,,2,75,,10790,5,,,2,76,,10777,5,,,2,99,,10773,5,,,2,100,,10778,5,,,2,100,,10774,5,,,2,100,,10779,5,,,2,100,,10787,5,0,31 32,2,35,,10771,5,,,2,81,,10785,5,0,31 32,2,30,,10769,5,,,2,69,,10784,5,0,31 32,2,31,,10772,5,,,2,69,,10783,5,0,31 32,2,29,,10770,5,,,2,56,,10780,5,,,2,48,,10775,5,,,2,86,,10789,5,,,2,86,,10781,5,,,2,86,,10776,5,,,2,47,,10788,5,,,2
5001,'65041',852,,10804,5,,,2,106,,10805,5,,,2,100,,10806,5,,,2,100,,10803,5,,,2,100,,10802,5,,,2,99,,10801,5,,,2,100,,10800,5,,,2,100,,10799,5,,,2,95,,10798,5,,,2,93,,10796,5,,,2,97,,10797,5,,,2,89,,10794,5,,,2,92,,10795,5,,,2,91,,10793,5,,,2,94,,10792,5,,,2,94,,10791,5,,,2
5001,'65042',852,,10820,5,,,2,106,,10821,5,,,2,100,,10822,5,,,2,100,,10819,5,,,2,100,,10818,5,,,2,99,,10817,5,,,2,100,,10816,5,,,2,100,,10815,5,,,2,95,,10814,5,,,2,93,,10812,5,,,2,97,,10813,5,,,2,89,,10810,5,,,2,92,,10811,5,,,2,91,,10809,5,,,2,94,,10808,5,,,2,94,,10807,5,,,2
90300,'65040',2311,,11467,12,,,0,107,,11468,12,,,0
90300,'65041',2418,,11471,12,,,0
90300,'65042',2418,,11473,12,,,0
91301,'65040',2509,,11520,37,,,0
91301,'65041',2508,,11521,37,,,0
91301,'65042',2508,,11522,37,,,0
