100,'65040',637,,7918,7,,,0,80,,7919,7,,,0,20,,7920,7,,,0,74,,7921,7,,,0,94,,7922,33,,,0,100,,7923,33,,,0,100,,7924,33,,,0,99,,7925,33,,,0,100,,7926,33,,,0,100,,7927,33,,,0,38,,7936,7,,,0,70,,7937,7,,,0,26,,7938,7,,,0,73,,7939,7,,,0,27,,7940,7,,,0,20,,7928,33,,,0,66,,7929,33,,,0,31,,7930,33,,,0,145,,7941,7,,,0,47,,7931,33,,,0,105,,7932,33,,,0,89,,7933,33,,,0
100,'65041',924,,7942,7,,,0,100,,7943,7,,,0,100,,7944,7,,,0,99,,7945,7,,,0,99,,7946,7,,,0,99,,7947,7,,,0,101,,7948,7,,,0,102,,7949,7,,,0,82,,7950,7,,,0,95,,7952,7,,,0
100,'65042',924,,7953,7,,,0,100,,7954,7,,,0,100,,7955,7,,,0,99,,7956,7,,,0,99,,7957,7,,,0,99,,7958,7,,,0,101,,7959,7,,,0,102,,7960,7,,,0,82,,7961,7,,,0,95,,7963,7,,,0
400,'65040',642,,8360,7,,,0,14,,8361,28,,,0,75,,8362,7,,,0,74,,8363,7,,,0,22,,8364,28,,,0,74,,8365,28,,,0,51,,8366,28,,,0,100,,8367,28,,,0,100,,8368,28,,,0,99,,8369,28,,,0,80,,8370,28,,,0,106,,8371,28,,,0,64,,8372,28,,,0,30,,8373,28,,,0,70,,8374,28,,,0,30,,8375,28,,,0,19,,8376,28,,,0,71,,8377,28,,,0,35,,8378,28,,,0,81,,8379,28,,,0,85,,8380,28,,,0,29,,8381,28,,,0,71,,8382,28,,,0,33,,8383,28,,,0,91,,8384,28,,,0
400,'65041',831,,8427,28,,,0,85,,8408,28,,,0,101,,8409,28,,,0,100,,8410,28,,,0,100,,8411,28,,,0,100,,8412,28,,,0,100,,8413,28,,,0,100,,8414,28,,,0,100,,8415,28,,,0,100,,8425,28,,,0,21,,8417,28,,,0,62,,8418,28,,,0,42,,8419,28,,,0
400,'65042',831,,8455,28,,,0,85,,8436,28,,,0,101,,8437,28,,,0,100,,8438,28,,,0,100,,8439,28,,,0,100,,8440,28,,,0,100,,8441,28,,,0,100,,8442,28,,,0,100,,8443,28,,,0,100,,8453,28,,,0,21,,8445,28,,,0,62,,8446,28,,,0,42,,8447,28,,,0
5500,'65040',809,,10946,84,,,2,118,,10952,84,,,2,111,,10948,84,,,2,115,,10955,84,,,2,159,,10949,84,,,2,114,,10953,84,,,2,122,,10950,84,,,2,157,,10954,84,,,2,116,,10947,84,,,2
5500,'65041',902,,10961,84,,,2,111,,10963,84,,,2,111,,10962,84,,,2,110,,10960,84,,,2,113,,10959,84,,,2,110,,10958,84,,,2,153,,10957,84,,,2
5500,'65042',902,,10969,84,,,2,111,,10971,84,,,2,111,,10970,84,,,2,110,,10968,84,,,2,113,,10967,84,,,2,110,,10966,84,,,2,153,,10965,84,,,2
90400,'65040',2212,,11474,7,0,7 8 1 9,0,28,,11475,7,0,7 8 1 9,0,100,,11476,7,0,7 8 1 9,0,106,,11477,7,,,0
90400,'65041',733,,11484,7,0,7 8 1 9,0,1201,,11483,7,0,7 8 1 9,0,101,,11479,7,0,7 8 1 9,0,101,,11481,7,0,7 8 1 9,0,100,,11480,7,0,7 8 1 9,0,98,,11482,7,0,7 8 1 9,0,112,,11478,7,,,0
90400,'65042',733,,11491,7,0,7 8 1 9,0,1201,,11490,7,0,7 8 1 9,0,101,,11486,7,0,7 8 1 9,0,101,,11488,7,0,7 8 1 9,0,100,,11487,7,0,7 8 1 9,0,98,,11489,7,0,7 8 1 9,0,112,,11485,7,,,0
