601,'65040',701,,8769,4,,,0,40,,8738,4,,,0,79,,8739,4,,,0,27,,8740,4,,,0,67,,8741,4,,,0,29,,8742,4,,,0,70,,8743,4,,,0,30,,8744,4,,,0,70,,8745,4,,,0,30,,8746,4,,,0,72,,8747,4,,,0,29,,8748,4,,,0,73,,8749,4,,,0,26,,8750,4,,,0,72,,8751,4,,,0,29,,8752,4,,,0,63,,8753,4,,,0,25,,8754,4,,,0,72,,8755,4,,,0,20,,8756,4,,,0,19,,8757,4,,,0,69,,8758,4,,,0,31,,8759,4,,,0,74,,8760,4,,,0,92,,8761,4,,,0,93,,8762,4,,,0,100,,8763,4,,,0,39,,8764,4,,,0,71,,8765,4,,,0,28,,8766,4,,,0,66,,8767,4,,,0,100,,8768,4,,,0
601,'65041',736,,8778,4,,,0,65,,8779,4,,,0,57,,8770,4,,,0,94,,8771,4,,,0,97,,8772,4,,,0,100,,8773,4,,,0,100,,8774,4,,,0,100,,8775,4,,,0,99,,8776,4,,,0,100,,8777,4,,,0,100,,8787,4,,,0,109,,8780,4,,,0,89,,8781,4,,,0,105,,8782,4,,,0,101,,8783,4,,,0,100,,8784,4,,,0,100,,8785,4,,,0,148,,8786,4,,,0
601,'65042',736,,8796,4,,,0,65,,8797,4,,,0,57,,8788,4,,,0,94,,8789,4,,,0,97,,8790,4,,,0,100,,8791,4,,,0,100,,8792,4,,,0,100,,8793,4,,,0,99,,8794,4,,,0,100,,8795,4,,,0,100,,8805,4,,,0,109,,8798,4,,,0,89,,8799,4,,,0,105,,8800,4,,,0,101,,8801,4,,,0,100,,8802,4,,,0,100,,8803,4,,,0,148,,8804,4,,,0
800,'65040',616,,9013,4,,,1,27,,9014,4,,,1,15,,9065,4,,,1,55,,9015,4,,,1,15,,9016,4,,,1,15,,9017,4,,,1,14,,9018,4,,,1,55,,9019,4,,,1,10,,9020,4,,,1,17,,9021,4,,,1,20,,9022,4,,,1,62,,9023,4,,,1,20,,9024,4,,,1,18,,9025,4,,,1,60,,9026,4,,,1,21,,9027,4,,,1,60,,9028,4,,,1,19,,9029,4,,,1,20,,9030,4,,,1,20,,9031,4,,,1,59,,9032,4,,,1,20,,9033,4,,,1,21,,9034,4,,,1,60,,9035,4,,,1,19,,9036,4,,,1,62,,9037,4,,,1,11,,9038,4,,,1,13,,9039,4,,,1,22,,9040,4,,,1,54,,9041,4,,,1,10,,9042,4,,,1,15,,9043,4,,,1,15,,9044,4,,,1,10,,9045,4,,,1,55,,9046,4,,,1,10,,9047,4,,,1,9,,9048,4,,,1,16,,9049,4,,,1,13,,9050,4,,,1,57,,9051,4,,,1,14,,9052,4,,,1,20,,9053,4,,,1,61,,9054,4,,,1,21,,9055,4,,,1,19,,9056,4,,,1,70,,9057,4,,,1,30,,9058,4,,,1,71,,9059,4,,,1,31,,9060,4,,,1,81,,9061,4,,,1,21,,9062,4,,,1,67,,9063,4,,,1,101,,9064,4,,,1
800,'65041',614,,9082,4,,,1,99,,9083,4,,,1,29,,9084,4,,,1,68,,9085,4,,,1,24,,9086,4,,,1,68,,9066,4,,,1,31,,9067,4,,,1,69,,9068,4,,,1,30,,9069,4,,,1,70,,9070,4,,,1,30,,9071,4,,,1,69,,9072,4,,,1,29,,9073,4,,,1,71,,9074,4,,,1,30,,9075,4,,,1,70,,9076,4,,,1,30,,9077,4,,,1,70,,9078,4,,,1,30,,9079,4,,,1,70,,9080,4,,,1,30,,9081,4,,,1,70,,9087,4,,,1,32,,9088,4,,,1,71,,9094,4,,,1,33,,9089,4,,,1,77,,9095,4,,,1,101,,9090,4,,,1,101,,9091,4,,,1,101,,9092,4,,,1,100,,9093,4,,,1
800,'65042',614,,9112,4,,,1,99,,9113,4,,,1,29,,9114,4,,,1,68,,9115,4,,,1,24,,9116,4,,,1,68,,9096,4,,,1,31,,9097,4,,,1,69,,9098,4,,,1,30,,9099,4,,,1,70,,9100,4,,,1,30,,9101,4,,,1,69,,9102,4,,,1,29,,9103,4,,,1,71,,9104,4,,,1,30,,9105,4,,,1,70,,9106,4,,,1,30,,9107,4,,,1,70,,9108,4,,,1,30,,9109,4,,,1,70,,9110,4,,,1,30,,9111,4,,,1,70,,9117,4,,,1,32,,9118,4,,,1,71,,9124,4,,,1,33,,9119,4,,,1,77,,9125,4,,,1,101,,9120,4,,,1,101,,9121,4,,,1,101,,9122,4,,,1,100,,9123,4,,,1
900,'65040',713,,9236,4,,,0,109,,9237,4,,,0,103,,9238,4,,,0,99,,9239,4,,,0,100,,9240,4,,,0,31,,9241,4,,,0,101,,9242,4,,,0,100,,9243,4,,,0,70,,9244,4,,,0,28,,9245,4,,,0,169,,9246,4,,,0,101,,9247,4,,,0,101,,9248,4,,,0,85,,9249,4,,,0
900,'65041',1024,,9260,4,,,0,100,,9261,4,,,0,100,,9262,4,,,0,100,,9263,4,,,0,99,,9264,4,,,0,100,,9265,4,,,0,101,,9266,4,,,0
900,'65042',1024,,9275,4,,,0,100,,9276,4,,,0,100,,9277,4,,,0,100,,9278,4,,,0,99,,9279,4,,,0,100,,9280,4,,,0,101,,9281,4,,,0
1101,'65040',546,,9457,4,,,0,70,,9458,4,,,0,30,,9472,37,0,54,0,60,,9436,37,,,0,34,,9437,37,,,0,70,,9459,37,0,54,0,36,,9438,37,,,0,58,,9460,37,0,54,0,31,,9461,37,0,54,0,67,,9439,37,,,0,30,,9462,37,0,54,0,70,,9440,37,,,0,40,,9463,37,0,54,0,60,,9441,37,,,0,39,,9473,15,0,54,0,60,,9442,37,,,0,39,,9464,15,0,54,0,63,,9443,37,,,0,30,,9465,15,0,54,0,69,,9444,37,,,0,30,,9445,37,,,0,71,,9446,37,,,0,14,,9466,15,0,54,0,16,,9447,37,,,0,71,,9448,37,,,0,31,,9449,37,,,0,15,,9475,37,0,54,0,54,,9450,37,,,0,29,,9451,37,,,0,70,,9467,37,0,54,0,29,,9452,37,,,0,70,,9476,15,0,54,0,30,,9453,37,,,0,70,,9468,15,0,54,0,15,,9471,37,0,54,0,26,,9454,37,,,0,11,,9469,15,0,54,0,53,,9470,15,0,54,0,33,,9455,37,,,0,104,,9456,37,,,0,75,,9474,37,0,54,0
1101,'65041',640,,9495,4,,,0,87,,9496,4,,,0,102,,9494,37,,,0,29,,9477,15,,,0,85,,9486,37,0,54,0,70,,9478,37,,,0,30,,9487,37,0,54,0,70,,9479,37,,,0,29,,9488,37,0,54,0,70,,9480,37,,,0,30,,9489,37,0,54,0,70,,9481,37,,,0,30,,9490,37,0,54,0,70,,9482,37,,,0,30,,9491,37,0,54,0,70,,9483,37,,,0,30,,9492,37,0,54,0,70,,9484,37,,,0,30,,9493,37,0,54,0,70,,9485,37,,,0,22,,9497,37,0,54,0,24,,9498,37,,,0,67,,9499,37,0,54,0,16,,9500,37,,,0,100,,9501,37,,,0,100,,9502,37,,,0,99,,9503,37,,,0,98,,9504,37,,,0,99,,9505,37,,,0,100,,9506,37,0,54,0
1101,'65042',640,,9525,4,,,0,87,,9526,4,,,0,102,,9524,37,,,0,29,,9507,15,,,0,85,,9516,37,0,54,0,70,,9508,37,,,0,30,,9517,37,0,54,0,70,,9509,37,,,0,29,,9518,37,0,54,0,70,,9510,37,,,0,30,,9519,37,0,54,0,70,,9511,37,,,0,30,,9520,37,0,54,0,70,,9512,37,,,0,30,,9521,37,0,54,0,70,,9513,37,,,0,30,,9522,37,0,54,0,70,,9514,37,,,0,30,,9523,37,0,54,0,70,,9515,37,,,0,22,,9527,37,0,54,0,24,,9528,37,,,0,67,,9529,37,0,54,0,16,,9530,37,,,0,100,,9531,37,,,0,100,,9532,37,,,0,99,,9533,37,,,0,98,,9534,37,,,0,99,,9535,37,,,0,100,,9536,37,0,54,0
1400,'65040',631,,9702,4,,,0,74,,9703,4,,,0,16,,9704,4,,,0,29,,9705,4,,,0,67,,9706,4,,,0,32,,9707,4,,,0,62,,9708,4,,,0,39,,9709,4,,,0,62,,9710,4,,,0,19,,9711,4,,,0,80,,9712,4,,,0,20,,9713,4,,,0,20,,9714,4,,,0,61,,9715,4,,,0,32,,9716,4,,,0,62,,9717,4,,,0,26,,9718,4,,,0,20,,9719,4,,,0,81,,9739,4,,,0,67,,9720,4,,,0,32,,9721,4,,,0,26,,9722,4,,,0,52,,9723,4,,,0,37,,9724,4,,,0,70,,9725,4,,,0,20,,9726,4,,,0,76,,9727,4,,,0,24,,9728,4,,,0,66,,9729,4,,,0,27,,9730,4,,,0,70,,9731,4,,,0,30,,9732,4,,,0,27,,9733,4,,,0,63,,9734,4,,,0,82,,9735,4,,,0,57,,9736,4,,,0,69,,9737,4,,,0,92,,9738,4,,,0
1400,'65041',659,,9748,4,,,0,141,,9749,4,,,0,50,,9740,4,,,0,99,,9741,4,,,0,100,,9742,4,,,0,100,,9743,4,,,0,103,,9744,4,,,0,99,,9757,4,,,0,100,,9745,4,,,0,100,,9746,4,,,0,101,,9747,4,,,0,102,,9750,4,,,0,148,,9751,4,,,0,102,,9752,4,,,0,101,,9753,4,,,0,98,,9754,4,,,0,100,,9755,4,,,0,118,,9756,4,,,0
1400,'65042',659,,9766,4,,,0,141,,9767,4,,,0,50,,9758,4,,,0,99,,9759,4,,,0,100,,9760,4,,,0,100,,9761,4,,,0,103,,9762,4,,,0,99,,9775,4,,,0,100,,9763,4,,,0,100,,9764,4,,,0,101,,9765,4,,,0,102,,9768,4,,,0,148,,9769,4,,,0,102,,9770,4,,,0,101,,9771,4,,,0,98,,9772,4,,,0,100,,9773,4,,,0,118,,9774,4,,,0
1600,'65040',611,,9966,4,,,0,31,,9965,4,,,0,67,,9971,4,,,0,23,,9964,4,,,0,26,,9963,4,,,0,72,,9962,4,,,0,72,,9961,4,,,0,34,,9960,4,,,0,98,,9959,4,,,0,95,,9958,4,,,0,74,,9957,4,,,0,34,,9956,4,,,0,99,,9955,4,,,0,91,,9954,4,,,0,26,,9953,4,,,0,69,,9952,4,,,0,21,,9951,4,,,0,60,,9950,4,,,0,26,,9967,4,,,0,25,,9949,4,,,0,77,,9948,4,,,0,28,,9947,4,,,0,87,,9946,4,,,0,66,,9945,4,,,0,33,,9944,4,,,0,68,,9943,4,,,0,43,,9970,4,,,0,78,,9942,4,,,0,86,,9968,4,,,0,30,,9969,4,,,0
1600,'65041',646,,9987,4,,,0,93,,9981,4,,,0,96,,9980,4,,,0,97,,9988,4,,,0,70,,9972,4,,,0,100,,9973,4,,,0,100,,9974,4,,,0,100,,9975,4,,,0,100,,9976,4,,,0,99,,9977,4,,,0,100,,9978,4,,,0,102,,9979,4,,,0,99,,9986,4,,,0,40,,9982,4,,,0,100,,9983,4,,,0,100,,9985,4,,,0,100,,9984,4,,,0,75,,9989,4,,,0
1600,'65042',646,,10005,4,,,0,93,,9999,4,,,0,96,,9998,4,,,0,97,,10006,4,,,0,70,,9990,4,,,0,100,,9991,4,,,0,100,,9992,4,,,0,100,,9993,4,,,0,100,,9994,4,,,0,99,,9995,4,,,0,100,,9996,4,,,0,102,,9997,4,,,0,99,,10004,4,,,0,40,,10000,4,,,0,100,,10001,4,,,0,100,,10003,4,,,0,100,,10002,4,,,0,75,,10007,4,,,0
91301,'65040',2520,,11520,49,,,0
91301,'65041',2521,,11521,49,,,0
91301,'65042',2521,,11522,49,,,0
