701,'65040',714,,8916,9,0,54,0,23,,8917,9,0,54,0,17,,8918,9,,,0,60,,8919,9,,,0,20,,8920,9,0,54,0,66,,8921,9,0,54,0,26,,8922,9,0,54,0,16,,8923,9,0,54,0,63,,8924,9,,,0,25,,8925,9,0,54,0,82,,8926,9,0,54,0,23,,8927,9,0,54,0,78,,8928,9,0,54,0,21,,8929,9,0,54,0,78,,8930,9,0,54,0,21,,8931,9,0,54,0,74,,8932,9,0,54,0,21,,8933,9,0,54,0,72,,8934,9,0,54,0,18,,8935,9,0,54,0,30,,8936,9,,,0,55,,8937,9,,,0,15,,8938,9,0,54,0,29,,8939,9,0,54,0,73,,8940,9,0,54,0,35,,8941,9,0,54,0,68,,8942,9,0,54,0,31,,8943,9,0,54,0,76,,8944,9,0,54,0,25,,8945,9,0,54,0,71,,8946,9,0,54,0,28,,8947,9,,,0,70,,8948,9,0,54,0,30,,8949,9,0,54,0,73,,8950,9,,,0,100,,8952,9,0,54,0
701,'65041',759,,8981,9,0,54,0,141,,8969,9,0,54,0,57,,8953,9,0,54,0,98,,8954,9,0,54,0,99,,8955,9,0,54,0,100,,8956,9,0,54,0,99,,8957,9,0,54,0,100,,8958,9,0,54,0,101,,8959,9,0,54,0,364,,8982,9,,,0,103,,8973,9,,,0,100,,8974,9,,,0,100,,8975,9,,,0,100,,8976,9,0,54,0
701,'65042',759,,9011,9,0,54,0,141,,8999,9,0,54,0,57,,8983,9,0,54,0,98,,8984,9,0,54,0,99,,8985,9,0,54,0,100,,8986,9,0,54,0,99,,8987,9,0,54,0,100,,8988,9,0,54,0,101,,8989,9,0,54,0,364,,9012,9,,,0,103,,9003,9,,,0,100,,9004,9,,,0,100,,9005,9,,,0,100,,9006,9,0,54,0
801,'65040',617,,9126,14,,,1,28,,9127,14,,,1,56,,9128,9,,,1,14,,9129,14,,,1,15,,9130,14,,,1,15,,9175,9,,,1,57,,9131,9,,,1,13,,9132,14,,,1,22,,9133,9,,,1,19,,9134,9,,,1,60,,9135,9,,,1,21,,9136,9,,,1,19,,9137,9,,,1,62,,9138,9,,,1,20,,9139,9,,,1,19,,9140,9,,,1,60,,9141,9,,,1,21,,9142,9,,,1,20,,9143,9,,,1,60,,9144,9,,,1,20,,9145,9,,,1,20,,9146,9,,,1,60,,9147,9,,,1,20,,9148,9,,,1,20,,9149,9,,,1,60,,9150,9,,,1,19,,9151,9,,,1,13,,9152,9,,,1,56,,9153,9,,,1,17,,9154,9,,,1,12,,9155,9,,,1,15,,9156,9,,,1,54,,9157,14,,,1,14,,9158,9,,,1,16,,9159,9,,,1,16,,9160,9,,,1,56,,9161,9,,,1,16,,9162,9,,,1,15,,9163,9,,,1,19,,9164,9,,,1,61,,9165,9,,,1,22,,9166,9,,,1,66,,9167,9,,,1,31,,9168,9,,,1,70,,9169,9,,,1,30,,9170,9,,,1,71,,9171,9,,,1,31,,9172,9,,,1,78,,9173,9,,,1,99,,9174,9,,,1
801,'65041',716,,9193,9,,,1,27,,9204,14,,,1,69,,9194,9,,,1,20,,9195,9,,,1,69,,9176,9,,,1,30,,9177,9,,,1,70,,9178,9,,,1,29,,9179,9,,,1,70,,9180,9,,,1,30,,9181,9,,,1,70,,9182,9,,,1,30,,9183,9,,,1,70,,9184,9,,,1,30,,9185,9,,,1,70,,9186,9,,,1,30,,9187,9,,,1,29,,9188,9,,,1,70,,9189,9,,,1,30,,9190,9,,,1,70,,9191,9,,,1,71,,9192,9,,,1,29,,9196,9,,,1,72,,9197,9,,,1,41,,9198,9,,,1,72,,9199,9,,,1,30,,9200,9,,,1,70,,9205,9,,,1,101,,9201,9,,,1,100,,9202,9,,,1,100,,9203,9,,,1
801,'65042',716,,9223,9,,,1,27,,9234,14,,,1,69,,9224,9,,,1,20,,9225,9,,,1,69,,9206,9,,,1,30,,9207,9,,,1,70,,9208,9,,,1,29,,9209,9,,,1,70,,9210,9,,,1,30,,9211,9,,,1,70,,9212,9,,,1,30,,9213,9,,,1,70,,9214,9,,,1,30,,9215,9,,,1,70,,9216,9,,,1,30,,9217,9,,,1,29,,9218,9,,,1,70,,9219,9,,,1,30,,9220,9,,,1,70,,9221,9,,,1,71,,9222,9,,,1,29,,9226,9,,,1,72,,9227,9,,,1,41,,9228,9,,,1,72,,9229,9,,,1,30,,9230,9,,,1,70,,9235,9,,,1,101,,9231,9,,,1,100,,9232,9,,,1,100,,9233,9,,,1
5501,'65040',717,,10979,6,,,2,123,,10972,6,,,2,115,,10980,6,,,2,153,,10973,6,,,2,117,,10981,6,,,2,118,,10974,6,,,2,113,,10977,6,,,2,163,,10975,6,,,2,115,,10978,6,,,2,116,,10976,6,0,5 6 2 65,2
5501,'65041',817,,10989,6,,,2,111,,10988,6,,,2,110,,10987,6,,,2,110,,10986,6,,,2,110,,10985,6,,,2,150,,10984,6,,,2,109,,10982,6,,,2,113,,10983,6,0,5 6 2 65,2
5501,'65042',817,,10997,6,,,2,111,,10996,6,,,2,110,,10995,6,,,2,110,,10994,6,,,2,110,,10993,6,,,2,150,,10992,6,,,2,109,,10990,6,,,2,113,,10991,6,0,5 6 2 65,2
90801,'65040',2434,,11509,20,,,0
90801,'65041',2434,,11510,20,,,0
90801,'65042',2434,,11511,20,,,0
