701,'65040',707,,8916,2,0,54,0,23,,8917,2,0,54,0,17,,8918,2,,,0,60,,8919,2,,,0,20,,8920,2,0,54,0,26,,8921,2,0,54,0,66,,8922,2,0,54,0,16,,8923,2,0,54,0,23,,8924,2,,,0,65,,8925,2,0,54,0,82,,8926,2,0,54,0,23,,8927,2,0,54,0,78,,8928,2,0,54,0,21,,8929,2,0,54,0,78,,8930,2,0,54,0,21,,8931,2,0,54,0,74,,8932,2,0,54,0,21,,8933,2,0,54,0,32,,8934,2,0,54,0,57,,8935,2,0,54,0,30,,8936,2,,,0,15,,8937,2,,,0,55,,8938,2,0,54,0,29,,8939,2,0,54,0,73,,8940,2,0,54,0,36,,8941,2,0,54,0,68,,8942,2,0,54,0,31,,8943,2,0,54,0,76,,8944,2,0,54,0,25,,8945,2,0,54,0,71,,8946,2,0,54,0,28,,8947,2,,,0,71,,8948,2,0,54,0,30,,8949,2,0,54,0,74,,8950,2,,,0,100,,8952,2,0,54,0,84,,8951,2,0,12 59,0
701,'65041',753,,8981,2,0,54,0,101,,8969,2,0,54,0,97,,8953,2,0,54,0,97,,8954,2,0,54,0,99,,8955,2,0,54,0,100,,8956,2,0,54,0,99,,8957,2,0,54,0,100,,8958,2,0,54,0,101,,8959,2,0,54,0,365,,8982,2,,,0,103,,8973,2,,,0,100,,8974,2,,,0,100,,8975,2,,,0,100,,8976,2,0,54,0,91,,8978,2,0,12 59,0
701,'65042',753,,9011,2,0,54,0,101,,8999,2,0,54,0,97,,8983,2,0,54,0,97,,8984,2,0,54,0,99,,8985,2,0,54,0,100,,8986,2,0,54,0,99,,8987,2,0,54,0,100,,8988,2,0,54,0,101,,8989,2,0,54,0,365,,9012,2,,,0,103,,9003,2,,,0,100,,9004,2,,,0,100,,9005,2,,,0,100,,9006,2,0,54,0,91,,9008,2,0,12 59,0
801,'65040',612,,9126,7,,,1,28,,9127,7,,,1,16,,9128,2,,,1,54,,9129,7,,,1,14,,9130,7,,,1,15,,9175,2,,,1,17,,9131,2,,,1,53,,9132,7,,,1,22,,9133,2,,,1,19,,9134,2,,,1,60,,9135,2,,,1,21,,9136,2,,,1,19,,9137,2,,,1,62,,9138,2,,,1,20,,9139,2,,,1,19,,9140,2,,,1,60,,9141,2,,,1,21,,9142,2,,,1,20,,9143,2,,,1,60,,9144,2,,,1,20,,9145,2,,,1,20,,9146,2,,,1,60,,9147,2,,,1,20,,9148,2,,,1,20,,9149,2,,,1,60,,9150,2,,,1,19,,9151,2,,,1,13,,9152,2,,,1,56,,9153,2,,,1,17,,9154,2,,,1,12,,9155,2,,,1,15,,9156,2,,,1,14,,9157,7,,,1,54,,9158,2,,,1,16,,9159,2,,,1,16,,9160,2,,,1,56,,9161,2,,,1,16,,9162,2,,,1,15,,9163,2,,,1,20,,9164,2,,,1,61,,9165,2,,,1,22,,9166,2,,,1,66,,9167,2,,,1,31,,9168,2,,,1,70,,9169,2,,,1,30,,9170,2,,,1,71,,9171,2,,,1,31,,9172,2,,,1,78,,9173,2,,,1,99,,9174,2,,,1
801,'65041',710,,9193,2,,,1,27,,9204,7,,,1,69,,9194,2,,,1,20,,9195,2,,,1,29,,9176,2,,,1,70,,9177,2,,,1,30,,9178,2,,,1,69,,9179,2,,,1,30,,9180,2,,,1,70,,9181,2,,,1,30,,9182,2,,,1,70,,9183,2,,,1,30,,9184,2,,,1,70,,9185,2,,,1,29,,9186,2,,,1,70,,9187,2,,,1,29,,9188,2,,,1,70,,9189,2,,,1,30,,9190,2,,,1,70,,9191,2,,,1,31,,9192,2,,,1,69,,9196,2,,,1,32,,9197,2,,,1,82,,9198,2,,,1,72,,9199,2,,,1,30,,9200,2,,,1,70,,9205,2,,,1,101,,9201,2,,,1,100,,9202,2,,,1,100,,9203,2,,,1
801,'65042',710,,9223,2,,,1,27,,9234,7,,,1,69,,9224,2,,,1,20,,9225,2,,,1,29,,9206,2,,,1,70,,9207,2,,,1,30,,9208,2,,,1,69,,9209,2,,,1,30,,9210,2,,,1,70,,9211,2,,,1,30,,9212,2,,,1,70,,9213,2,,,1,30,,9214,2,,,1,70,,9215,2,,,1,29,,9216,2,,,1,70,,9217,2,,,1,29,,9218,2,,,1,70,,9219,2,,,1,30,,9220,2,,,1,70,,9221,2,,,1,31,,9222,2,,,1,69,,9226,2,,,1,32,,9227,2,,,1,82,,9228,2,,,1,72,,9229,2,,,1,30,,9230,2,,,1,70,,9235,2,,,1,101,,9231,2,,,1,100,,9232,2,,,1,100,,9233,2,,,1
2201,'65040',701,,10354,2,,,2,41,,10353,2,,,2,81,,10355,2,,,2,693,,10356,2,,,2,95,,10357,2,,,2,41,,10359,2,,,2,81,,10358,2,,,2,80,,10360,2,,,2
40101,'65040',1516,,11041,7,,,0,30,,11042,7,,,0,70,,11043,7,,,0,30,,11044,7,,,0,70,,11045,7,,,0
45301,'65040',754,,11101,2,,,2,498,,11102,2,,,2,275,,11103,2,,,2,112,,11105,2,,,2,94,,11106,2,,,2,90,,11104,2,,,2
45401,'65040',1513,,11113,7,,,2,30,,11115,7,,,2,68,,11117,7,,,2,39,,11116,7,,,2,63,,11114,7,,,2
90801,'65040',2424,,11509,7,,,0
90801,'65041',2424,,11510,7,,,0
90801,'65042',2424,,11511,7,,,0
