100,'65040',844,,7922,12,,,0,101,,7923,12,,,0,99,,7924,12,,,0,99,,7925,12,,,0,100,,7926,12,,,0,100,,7927,12,,,0,291,,7928,12,,,0,67,,7929,12,,,0,31,,7930,12,,,0,195,,7931,12,,,0,104,,7932,12,,,0,91,,7933,12,,,0,91,,7934,12,0,5 6 2 68,0,101,,7935,12,0,5 6 2 68,0
100,'65041',1722,,7951,12,0,5 6 2 68,0
100,'65042',1722,,7962,12,0,5 6 2 68,0
300,'65040',612,,8132,27,,,0,25,,8133,27,,,0,15,,8134,27,,,0,58,,8135,27,,,0,12,,8136,27,,,0,13,,8137,27,,,0,16,,8138,27,,,0,55,,8139,27,,,0,13,,8140,27,,,0,17,,8141,27,,,0,20,,8142,27,,,0,60,,8143,27,,,0,20,,8144,27,,,0,20,,8145,27,,,0,60,,8146,27,,,0,20,,8147,27,,,0,20,,8148,27,,,0,60,,8149,27,,,0,20,,8150,27,,,0,18,,8151,27,,,0,61,,8152,27,,,0,20,,8153,27,,,0,20,,8154,27,,,0,60,,8155,27,,,0,20,,8156,27,,,0,20,,8157,27,,,0,55,,8158,27,,,0,13,,8159,27,,,0,17,,8181,27,,,0,15,,8160,27,,,0,55,,8161,27,,,0,13,,8162,27,,,0,22,,8163,27,,,0,55,,8164,27,,,0,20,,8165,27,,,0,25,,8166,27,,,0,65,,8167,27,,,0,31,,8168,27,,,0,60,,8169,27,,,0,20,,8170,27,,,0,20,,8171,27,,,0,65,,8172,27,,,0,29,,8173,27,,,0,73,,8174,27,,,0,27,,8175,27,,,0,67,,8180,27,,,0,21,,8176,27,,,0,20,,8177,27,,,0,77,,8178,27,,,0
300,'65041',709,,8198,27,,,0,20,,8199,27,,,0,71,,8200,27,,,0,28,,8211,27,,,0,29,,8182,27,,,0,70,,8183,27,,,0,30,,8184,27,,,0,70,,8185,27,,,0,30,,8186,27,,,0,70,,8187,27,,,0,30,,8188,27,,,0,70,,8189,27,,,0,30,,8190,27,,,0,70,,8191,27,,,0,29,,8192,27,,,0,71,,8193,27,,,0,29,,8194,27,,,0,70,,8195,27,,,0,30,,8196,27,,,0,70,,8197,27,,,0,30,,8201,27,,,0,55,,8202,27,,,0,18,,8203,27,,,0,72,,8204,27,,,0,34,,8205,27,,,0,78,,8206,27,,,0,31,,8212,27,,,0,70,,8207,27,,,0,100,,8208,27,,,0,100,,8209,27,,,0,98,,8210,27,,,0
300,'65042',709,,8229,27,,,0,20,,8230,27,,,0,71,,8231,27,,,0,28,,8242,27,,,0,29,,8213,27,,,0,70,,8214,27,,,0,30,,8215,27,,,0,70,,8216,27,,,0,30,,8217,27,,,0,70,,8218,27,,,0,30,,8219,27,,,0,70,,8220,27,,,0,30,,8221,27,,,0,70,,8222,27,,,0,29,,8223,27,,,0,71,,8224,27,,,0,29,,8225,27,,,0,70,,8226,27,,,0,30,,8227,27,,,0,70,,8228,27,,,0,30,,8232,27,,,0,55,,8233,27,,,0,18,,8234,27,,,0,72,,8235,27,,,0,34,,8236,27,,,0,78,,8237,27,,,0,31,,8243,27,,,0,70,,8238,27,,,0,100,,8239,27,,,0,100,,8240,27,,,0,98,,8241,27,,,0
5500,'65040',721,,10946,24,,,2,124,,10952,24,,,2,112,,10948,24,,,2,156,,10955,24,,,2,117,,10949,24,,,2,115,,10953,24,,,2,158,,10950,24,,,2,116,,10954,24,,,2,123,,10947,24,,,2,110,,10951,24,0,5 6 2 66,2
5500,'65041',824,,10961,24,,,2,111,,10963,24,,,2,110,,10962,24,,,2,110,,10960,24,,,2,153,,10959,24,,,2,110,,10958,24,,,2,110,,10957,24,,,2,107,,10956,24,0,5 6 2 66,2
5500,'65042',824,,10969,24,,,2,111,,10971,24,,,2,110,,10970,24,,,2,110,,10968,24,,,2,153,,10967,24,,,2,110,,10966,24,,,2,110,,10965,24,,,2,107,,10964,24,0,5 6 2 66,2
90300,'65040',2322,,11467,34,,,0,106,,11468,34,,,0
90300,'65041',2428,,11471,34,,,0
90300,'65042',2428,,11473,34,,,0
