101,'65040',723,,7964,52,4,,0,20,,7965,52,4,,0,62,,7966,52,4,,0,151,,7967,52,4,,0,101,,7968,52,4,,0,101,,7969,52,4,,0,99,,7970,52,4,,0,101,,7971,52,4,,0,101,,7972,52,4,,0,176,,7973,52,4,,0,175,,7976,52,4,,0,220,,7975,52,4,,0,104,,7974,52,4,,0,121,,7987,29,4,,0,99,,7988,29,4,,0
301,'65040',619,,8244,64,4,,0,30,,8245,64,4,,0,56,,8246,64,4,,0,25,,8247,64,4,,0,17,,8251,64,4,,0,57,,8248,64,4,,0,14,,8249,64,4,,0,15,,8250,64,4,,0,17,,8252,64,4,,0,54,,8260,64,4,,0,21,,8253,64,4,,0,21,,8254,64,4,,0,59,,8255,64,4,,0,23,,8256,64,4,,0,19,,8257,64,4,,0,62,,8258,64,4,,0,21,,8259,64,4,,0,19,,8261,64,4,,0,60,,8262,64,4,,0,21,,8263,64,4,,0,21,,8264,64,4,,0,60,,8265,64,4,,0,21,,8266,64,4,,0,20,,8267,64,4,,0,59,,8268,64,4,,0,20,,8269,64,4,,0,19,,8270,64,4,,0,61,,8271,64,4,,0,19,,8272,64,4,,0,13,,8294,64,4,,0,16,,8273,64,4,,0,57,,8274,64,4,,0,12,,8275,64,4,,0,16,,8276,64,4,,0,14,,8277,64,4,,0,54,,8278,64,4,,0,14,,8279,64,4,,0,14,,8293,64,4,,0,14,,8280,64,4,,0,56,,8281,64,4,,0,18,,8282,64,4,,0,15,,8283,64,4,,0,69,,8284,64,4,,0,15,,8285,64,4,,0,30,,8286,64,4,,0,69,,8287,64,4,,0,29,,8288,64,4,,0,71,,8289,64,4,,0,25,,8290,64,4,,0,70,,8295,64,4,,0,25,,8291,64,4,,0,100,,8292,64,4,,0
301,'65041',651,,8313,64,4,,0,70,,8314,64,4,,0,33,,8315,64,4,,0,70,,8316,64,4,,0,30,,8317,64,4,,0,65,,8312,64,4,,0,31,,8296,64,4,,0,70,,8297,64,4,,0,32,,8298,64,4,,0,70,,8299,64,4,,0,31,,8300,64,4,,0,70,,8301,64,4,,0,30,,8302,64,4,,0,70,,8303,64,4,,0,30,,8304,64,4,,0,70,,8305,64,4,,0,30,,8306,64,4,,0,71,,8307,64,4,,0,29,,8308,64,4,,0,72,,8309,64,4,,0,29,,8310,64,4,,0,69,,8311,64,4,,0,29,,8318,64,4,,0,69,,8319,64,4,,0,30,,8320,64,4,,0,72,,8326,64,4,,0,30,,8321,64,4,,0,70,,8327,64,4,,0,30,,8322,64,4,,0,100,,8323,64,4,,0,98,,8324,64,4,,0,100,,8325,64,4,,0
301,'65042',651,,8345,64,4,,0,70,,8346,64,4,,0,33,,8347,64,4,,0,70,,8348,64,4,,0,30,,8349,64,4,,0,65,,8344,64,4,,0,31,,8328,64,4,,0,70,,8329,64,4,,0,32,,8330,64,4,,0,70,,8331,64,4,,0,31,,8332,64,4,,0,70,,8333,64,4,,0,30,,8334,64,4,,0,70,,8335,64,4,,0,30,,8336,64,4,,0,70,,8337,64,4,,0,30,,8338,64,4,,0,71,,8339,64,4,,0,29,,8340,64,4,,0,72,,8341,64,4,,0,29,,8342,64,4,,0,69,,8343,64,4,,0,29,,8350,64,4,,0,69,,8351,64,4,,0,30,,8352,64,4,,0,72,,8358,64,4,,0,30,,8353,64,4,,0,70,,8359,64,4,,0,30,,8354,64,4,,0,100,,8355,64,4,,0,98,,8356,64,4,,0,100,,8357,64,4,,0
401,'65040',650,,8500,22,4,,0,59,,8456,54,4,,0,22,,8457,54,4,,0,18,,8458,54,4,,0,59,,8482,22,4,,0,16,,8459,54,4,,0,34,,8460,54,4,,0,61,,8461,54,4,,0,34,,8462,54,4,,0,55,,8483,22,4,,0,15,,8484,22,4,,0,21,,8463,54,4,,0,56,,8485,22,4,,0,23,,8486,22,4,,0,21,,8464,54,4,,0,58,,8487,22,4,,0,20,,8488,22,4,,0,23,,8480,54,4,,0,55,,8489,22,4,,0,22,,8490,22,4,,0,23,,8479,54,4,,0,57,,8491,22,4,,0,23,,8478,54,4,,0,24,,8492,22,4,,0,59,,8493,22,4,,0,32,,8494,22,4,,0,15,,8476,54,4,,0,70,,8475,54,4,,0,15,,8495,22,4,,0,15,,8474,54,4,,0,53,,8499,22,4,,0,15,,8473,54,4,,0,19,,8472,54,4,,0,70,,8471,54,4,,0,33,,8470,54,4,,0,80,,8469,54,4,,0,85,,8468,54,4,,0,29,,8467,54,4,,0,70,,8466,54,4,,0,31,,8465,54,4,,0,65,,8498,22,4,,0,43,,8497,22,4,,0,100,,8496,22,4,,0
401,'65041',719,,8517,22,4,,0,24,,8518,22,4,,0,77,,8519,22,4,,0,24,,8516,54,4,,0,78,,8530,54,4,,0,17,,8531,22,4,,0,69,,8508,54,4,,0,31,,8501,22,4,,0,69,,8509,54,4,,0,31,,8502,22,4,,0,69,,8510,54,4,,0,31,,8503,22,4,,0,69,,8511,54,4,,0,31,,8504,22,4,,0,70,,8512,54,4,,0,30,,8505,22,4,,0,70,,8513,54,4,,0,30,,8506,22,4,,0,69,,8514,54,4,,0,30,,8507,22,4,,0,69,,8515,54,4,,0,29,,8523,22,4,,0,69,,8529,54,4,,0,20,,8520,54,4,,0,21,,8521,54,4,,0,99,,8524,22,4,,0,100,,8525,22,4,,0,99,,8526,22,4,,0,100,,8527,22,4,,0,99,,8528,22,4,,0
401,'65042',719,,8548,22,4,,0,24,,8549,22,4,,0,77,,8550,22,4,,0,24,,8547,54,4,,0,78,,8561,54,4,,0,17,,8562,22,4,,0,69,,8539,54,4,,0,31,,8532,22,4,,0,69,,8540,54,4,,0,31,,8533,22,4,,0,69,,8541,54,4,,0,31,,8534,22,4,,0,69,,8542,54,4,,0,31,,8535,22,4,,0,70,,8543,54,4,,0,30,,8536,22,4,,0,70,,8544,54,4,,0,30,,8537,22,4,,0,69,,8545,54,4,,0,30,,8538,22,4,,0,69,,8546,54,4,,0,29,,8554,22,4,,0,69,,8560,54,4,,0,20,,8551,54,4,,0,21,,8552,54,4,,0,99,,8555,22,4,,0,100,,8556,22,4,,0,99,,8557,22,4,,0,100,,8558,22,4,,0,99,,8559,22,4,,0
1201,'65040',648,,9621,39,4,,0,99,,9622,39,4,,0,66,,9623,39,4,,0,16,,9624,39,4,,0,19,,9625,39,4,,0,71,,9626,39,4,,0,33,,9627,39,4,,0,72,,9628,39,4,,0,30,,9629,39,4,,0,70,,9630,39,4,,0,30,,9631,39,4,,0,71,,9632,39,4,,0,28,,9633,39,4,,0,71,,9634,39,4,,0,22,,9635,39,4,,0,77,,9636,39,4,,0,32,,9637,39,4,,0,72,,9638,39,4,,0,29,,9639,39,4,,0,68,,9640,39,4,,0,32,,9641,39,4,,0,63,,9642,39,4,,0,16,,9643,39,4,,0,70,,9644,39,4,,0,33,,9645,39,4,,0,63,,9646,39,4,,0,27,,9647,39,4,,0,24,,9648,39,4,,0,73,,9649,39,4,,0,27,,9650,39,4,,0,84,,9651,39,4,,0,65,,9652,39,4,,0,147,,9653,39,4,,0
1201,'65041',755,,9662,39,4,,0,97,,9663,39,4,,0,91,,9676,39,4,,0,71,,9668,39,4,,0,30,,9654,39,4,,0,71,,9669,39,4,,0,30,,9655,39,4,,0,71,,9670,39,4,,0,30,,9656,39,4,,0,72,,9671,39,4,,0,29,,9657,39,4,,0,69,,9672,39,4,,0,29,,9658,39,4,,0,71,,9673,39,4,,0,29,,9659,39,4,,0,71,,9674,39,4,,0,29,,9660,39,4,,0,70,,9677,39,4,,0,29,,9661,39,4,,0,69,,9664,39,4,,0,39,,9675,39,4,,0,102,,9665,39,4,,0,101,,9666,39,4,,0,100,,9667,39,4,,0
1201,'65042',755,,9686,39,4,,0,97,,9687,39,4,,0,91,,9700,39,4,,0,71,,9692,39,4,,0,30,,9678,39,4,,0,71,,9693,39,4,,0,30,,9679,39,4,,0,71,,9694,39,4,,0,30,,9680,39,4,,0,72,,9695,39,4,,0,29,,9681,39,4,,0,69,,9696,39,4,,0,29,,9682,39,4,,0,71,,9697,39,4,,0,29,,9683,39,4,,0,71,,9698,39,4,,0,29,,9684,39,4,,0,70,,9701,39,4,,0,29,,9685,39,4,,0,69,,9688,39,4,,0,39,,9699,39,4,,0,102,,9689,39,4,,0,101,,9690,39,4,,0,100,,9691,39,4,,0
2600,'65040',702,,10589,17,4,,2,17,,10577,17,4,,2,30,,10575,17,4,,2,70,,10576,17,4,,2,30,,10574,17,4,,2,669,,10580,17,4,,2,31,,10578,17,4,,2,70,,10579,17,4,,2,30,,10583,17,4,,2,69,,10582,17,4,,2,30,,10584,17,4,,2,70,,10581,17,4,,2,30,,10588,17,4,,2,71,,10586,17,4,,2,29,,10587,17,4,,2,71,,10585,17,4,,2
3600,'65040',639,,10657,20,4,,2,67,,10667,20,4,,2,18,,10656,20,4,,2,32,,10668,20,4,,2,70,,10658,20,4,,2,30,,10665,20,4,,2,90,,10663,20,4,,2,100,,10664,20,4,,2,100,,10662,20,4,,2,100,,10661,20,4,,2,100,,10660,20,4,,2,80,,10659,20,4,,2,85,,10669,20,4,,2,30,,10670,20,4,,2,70,,10666,20,4,,2,30,,10673,20,4,,2,70,,10672,20,4,,2,30,,10674,20,4,,2,70,,10671,20,4,,2,90,,10676,20,4,,2,100,,10675,20,4,,2,58,,10678,20,4,,2,99,,10677,20,4,,2,86,,10679,20,4,,2
5000,'65040',643,,10705,32,4,,2,63,,10718,31,4,,2,36,,10706,32,4,,2,64,,10725,31,4,,2,31,,10707,32,4,,2,69,,10726,31,4,,2,31,,10717,32,4,,2,111,,10712,32,4,,2,99,,10713,32,4,,2,100,,10714,32,4,,2,101,,10715,32,4,,2,100,,10716,32,4,,2,76,,10708,32,4,,2,23,,10727,31,4,,2,79,,10709,32,4,,2,76,,10719,31,4,,2,35,,10710,32,4,,2,65,,10722,31,4,,2,32,,10711,32,4,,2,24,,10728,31,4,,2,88,,10724,32,4,,2,86,,10721,32,4,,2,86,,10729,32,4,,2,86,,10723,32,4,,2,46,,10720,32,4,,2
5000,'65041',836,,10747,32,4,,2,101,,10748,32,4,,2,108,,10746,32,4,,2,100,,10745,32,4,,2,100,,10744,32,4,,2,100,,10743,32,4,,2,100,,10742,32,4,,2,100,,10741,32,4,,2,100,,10740,32,4,,2,93,,10739,32,4,,2,91,,10738,32,4,,2,97,,10737,32,4,,2,89,,10736,32,4,,2,92,,10735,32,4,,2,51,,10733,32,4,,2,94,,10732,32,4,,2
5000,'65042',836,,10764,32,4,,2,101,,10765,32,4,,2,108,,10763,32,4,,2,100,,10762,32,4,,2,100,,10761,32,4,,2,100,,10760,32,4,,2,100,,10759,32,4,,2,100,,10758,32,4,,2,100,,10757,32,4,,2,93,,10756,32,4,,2,91,,10755,32,4,,2,97,,10754,32,4,,2,89,,10753,32,4,,2,92,,10752,32,4,,2,51,,10750,32,4,,2,94,,10749,32,4,,2
5701,'65040',958,,11020,94,4,,2,163,,11022,94,4,,2,105,,11018,94,4,,2,121,,11021,94,4,,2,105,,11019,94,4,,2,160,,11023,94,4,,2,105,,11017,94,4,,2
5701,'65041',1213,,11029,94,4,,2,102,,11028,94,4,,2,113,,11027,94,4,,2,102,,11026,94,4,,2,111,,11025,94,4,,2
5701,'65042',1213,,11035,94,4,,2,102,,11034,94,4,,2,113,,11033,94,4,,2,102,,11032,94,4,,2,111,,11031,94,4,,2
41101,'65040',716,,11062,3,4,,0,18,,11063,3,4,,0,17,,11061,3,4,,0,65,,11065,3,4,,0,20,,11064,3,4,,0,1311,,11059,3,4,,0,161,,11060,3,4,,0
41101,'65041',805,,11066,3,4,,0,100,,11067,3,4,,0,1402,,11068,3,4,,0
41101,'65042',805,,11069,3,4,,0,100,,11070,3,4,,0,1402,,11071,3,4,,0
60300,'65040',559,,11296,4,4,,0,75,,11297,4,4,,0,92,,11298,4,4,,0,202,,11299,4,4,,0,20,,11300,4,4,,0,99,,11301,4,4,,0,169,,11302,4,4,,0,20,,11303,4,4,,0,80,,11304,4,4,,0,12,,11305,4,4,,0,16,,11306,4,4,,0,67,,11307,4,4,,0,27,,11308,4,4,,0,14,,11309,4,4,,0,87,,11310,4,4,,0,84,,11311,4,4,,0,330,,11295,4,4,,0
60300,'65041',701,,11312,4,4,,0,15,,11313,4,4,,0,132,,11314,4,4,,0,391,,11315,4,4,,0,76,,11316,4,4,,0,122,,11317,4,4,,0,109,,11318,4,4,,0,68,,11319,4,4,,0,38,,11320,4,4,,0,59,,11321,4,4,,0
60300,'65042',701,,11322,4,4,,0,15,,11323,4,4,,0,132,,11324,4,4,,0,391,,11325,4,4,,0,76,,11326,4,4,,0,122,,11327,4,4,,0,109,,11328,4,4,,0,68,,11329,4,4,,0,38,,11330,4,4,,0,59,,11331,4,4,,0
91201,'65040',2302,,11514,43,4,,0,99,,11515,43,4,,0
91201,'65041',2257,,11516,43,4,,0,96,,11517,43,4,,0
91201,'65042',2257,,11518,43,4,,0,96,,11519,43,4,,0
