300,'65040',601,,8132,4,,,0,25,,8133,4,,,0,15,,8134,4,,,0,16,,8135,4,,,0,52,,8136,4,,,0,13,,8137,4,,,0,16,,8138,4,,,0,15,,8139,4,,,0,52,,8140,4,,,0,17,,8141,4,,,0,20,,8142,4,,,0,60,,8143,4,,,0,20,,8144,4,,,0,20,,8145,4,,,0,60,,8146,4,,,0,20,,8147,4,,,0,20,,8148,4,,,0,60,,8149,4,,,0,20,,8150,4,,,0,16,,8151,4,,,0,21,,8152,4,,,0,60,,8153,4,,,0,20,,8154,4,,,0,20,,8155,4,,,0,61,,8156,4,,,0,20,,8157,4,,,0,16,,8158,4,,,0,53,,8159,4,,,0,17,,8181,4,,,0,15,,8160,4,,,0,15,,8161,4,,,0,52,,8162,4,,,0,20,,8163,4,,,0,15,,8164,4,,,0,60,,8165,4,,,0,25,,8166,4,,,0,25,,8167,4,,,0,71,,8168,4,,,0,23,,8169,4,,,0,60,,8170,4,,,0,20,,8171,4,,,0,25,,8172,4,,,0,69,,8173,4,,,0,34,,8174,4,,,0,67,,8175,4,,,0,28,,8180,4,,,0,61,,8176,4,,,0,20,,8177,4,,,0,77,,8178,4,,,0
300,'65041',658,,8198,4,,,0,60,,8199,4,,,0,29,,8200,4,,,0,69,,8211,4,,,0,29,,8182,4,,,0,70,,8183,4,,,0,29,,8184,4,,,0,70,,8185,4,,,0,30,,8186,4,,,0,70,,8187,4,,,0,30,,8188,4,,,0,69,,8189,4,,,0,30,,8190,4,,,0,70,,8191,4,,,0,29,,8192,4,,,0,70,,8193,4,,,0,29,,8194,4,,,0,70,,8195,4,,,0,30,,8196,4,,,0,70,,8197,4,,,0,31,,8201,4,,,0,15,,8202,4,,,0,59,,8203,4,,,0,32,,8204,4,,,0,74,,8205,4,,,0,78,,8206,4,,,0,31,,8212,4,,,0,70,,8207,4,,,0,101,,8208,4,,,0,100,,8209,4,,,0,99,,8210,4,,,0
300,'65042',658,,8229,4,,,0,60,,8230,4,,,0,29,,8231,4,,,0,69,,8242,4,,,0,29,,8213,4,,,0,70,,8214,4,,,0,29,,8215,4,,,0,70,,8216,4,,,0,30,,8217,4,,,0,70,,8218,4,,,0,30,,8219,4,,,0,69,,8220,4,,,0,30,,8221,4,,,0,70,,8222,4,,,0,29,,8223,4,,,0,70,,8224,4,,,0,29,,8225,4,,,0,70,,8226,4,,,0,30,,8227,4,,,0,70,,8228,4,,,0,31,,8232,4,,,0,15,,8233,4,,,0,59,,8234,4,,,0,32,,8235,4,,,0,74,,8236,4,,,0,78,,8237,4,,,0,31,,8243,4,,,0,70,,8238,4,,,0,101,,8239,4,,,0,100,,8240,4,,,0,99,,8241,4,,,0
5001,'65040',655,,10766,4,,,2,67,,10782,4,0,31 32,2,29,,10767,4,,,2,71,,10786,4,0,31 32,2,31,,10768,4,,,2,75,,10790,4,,,2,76,,10777,4,,,2,99,,10773,4,,,2,100,,10778,4,,,2,100,,10774,4,,,2,100,,10779,4,,,2,100,,10787,4,0,31 32,2,35,,10771,4,,,2,81,,10785,4,0,31 32,2,30,,10769,4,,,2,69,,10784,4,0,31 32,2,31,,10772,4,,,2,69,,10783,4,0,31 32,2,29,,10770,4,,,2,56,,10780,4,,,2,48,,10775,4,,,2,86,,10789,4,,,2,86,,10781,4,,,2,86,,10776,4,,,2,47,,10788,4,,,2
5001,'65041',852,,10804,4,,,2,106,,10805,4,,,2,100,,10806,4,,,2,100,,10803,4,,,2,100,,10802,4,,,2,99,,10801,4,,,2,100,,10800,4,,,2,100,,10799,4,,,2,95,,10798,4,,,2,93,,10796,4,,,2,97,,10797,4,,,2,89,,10794,4,,,2,92,,10795,4,,,2,91,,10793,4,,,2,94,,10792,4,,,2,94,,10791,4,,,2
5001,'65042',852,,10820,4,,,2,106,,10821,4,,,2,100,,10822,4,,,2,100,,10819,4,,,2,100,,10818,4,,,2,99,,10817,4,,,2,100,,10816,4,,,2,100,,10815,4,,,2,95,,10814,4,,,2,93,,10812,4,,,2,97,,10813,4,,,2,89,,10810,4,,,2,92,,10811,4,,,2,91,,10809,4,,,2,94,,10808,4,,,2,94,,10807,4,,,2
90300,'65040',2311,,11467,11,,,0,107,,11468,11,,,0
90300,'65041',2418,,11471,11,,,0
90300,'65042',2418,,11473,11,,,0
91301,'65040',2509,,11520,36,,,0
91301,'65041',2508,,11521,36,,,0
91301,'65042',2508,,11522,36,,,0
