300,'65040',641,,8132,60,,,0,65,,8133,60,,,0,16,,8134,60,,,0,18,,8135,60,,,0,13,,8136,60,,,0,54,,8137,60,,,0,17,,8138,60,,,0,15,,8139,60,,,0,13,,8140,60,,,0,57,,8141,60,,,0,20,,8142,60,,,0,20,,8143,60,,,0,61,,8144,60,,,0,20,,8145,60,,,0,20,,8146,60,,,0,59,,8147,60,,,0,20,,8148,60,,,0,20,,8149,60,,,0,61,,8150,60,,,0,18,,8151,60,,,0,22,,8152,60,,,0,60,,8153,60,,,0,20,,8154,60,,,0,20,,8155,60,,,0,60,,8156,60,,,0,20,,8157,60,,,0,15,,8158,60,,,0,13,,8159,60,,,0,57,,8181,60,,,0,15,,8160,60,,,0,16,,8161,60,,,0,55,,8162,60,,,0,24,,8163,60,,,0,15,,8164,60,,,0,60,,8165,60,,,0,24,,8166,60,,,0,25,,8167,60,,,0,67,,8168,60,,,0,20,,8169,60,,,0,19,,8170,60,,,0,60,,8171,60,,,0,25,,8172,60,,,0,68,,8173,60,,,0,33,,8174,60,,,0,67,,8175,60,,,0,27,,8180,60,,,0,20,,8176,60,,,0,57,,8177,60,,,0,36,,8178,60,,,0,100,,8179,19,,,0
300,'65041',736,,8198,60,,,0,20,,8199,60,,,0,71,,8200,60,,,0,28,,8211,60,,,0,71,,8182,60,,,0,30,,8183,60,,,0,70,,8184,60,,,0,31,,8185,60,,,0,70,,8186,60,,,0,32,,8187,60,,,0,70,,8188,60,,,0,30,,8189,60,,,0,70,,8190,60,,,0,30,,8191,60,,,0,69,,8192,60,,,0,31,,8193,60,,,0,70,,8194,60,,,0,30,,8195,60,,,0,70,,8196,60,,,0,30,,8197,60,,,0,70,,8201,60,,,0,15,,8202,60,,,0,58,,8203,60,,,0,32,,8204,60,,,0,74,,8205,60,,,0,35,,8206,60,,,0,71,,8212,60,,,0,30,,8207,60,,,0,100,,8208,60,,,0,100,,8209,60,,,0,98,,8210,60,,,0
300,'65042',736,,8229,60,,,0,20,,8230,60,,,0,71,,8231,60,,,0,28,,8242,60,,,0,71,,8213,60,,,0,30,,8214,60,,,0,70,,8215,60,,,0,31,,8216,60,,,0,70,,8217,60,,,0,32,,8218,60,,,0,70,,8219,60,,,0,30,,8220,60,,,0,70,,8221,60,,,0,30,,8222,60,,,0,69,,8223,60,,,0,31,,8224,60,,,0,70,,8225,60,,,0,30,,8226,60,,,0,70,,8227,60,,,0,30,,8228,60,,,0,70,,8232,60,,,0,15,,8233,60,,,0,58,,8234,60,,,0,32,,8235,60,,,0,74,,8236,60,,,0,35,,8237,60,,,0,71,,8243,60,,,0,30,,8238,60,,,0,100,,8239,60,,,0,100,,8240,60,,,0,98,,8241,60,,,0
2501,'65040',645,,10550,8,,,2,12,,10557,3,,,2,71,,10552,8,,,2,29,,10558,3,,,2,54,,10551,8,,,2,29,,10549,3,,,2,14,,10553,8,,,2,655,,10561,3,,,2,14,,10562,8,,,2,31,,10563,8,,,2,69,,10560,3,,,2,14,,10570,8,,,2,69,,10566,3,,,2,14,,10569,8,,,2,29,,10567,3,,,2,54,,10571,8,,,2,12,,10568,3,,,2
5500,'65040',827,,10946,115,,,2,115,,10952,115,,,2,111,,10948,115,,,2,155,,10955,115,,,2,120,,10949,115,,,2,113,,10953,115,,,2,165,,10950,115,,,2,115,,10954,115,,,2,115,,10947,115,,,2
5500,'65041',917,,10961,115,,,2,111,,10963,115,,,2,112,,10962,115,,,2,110,,10960,115,,,2,153,,10959,115,,,2,109,,10958,115,,,2,113,,10957,115,,,2
5500,'65042',917,,10969,115,,,2,111,,10971,115,,,2,112,,10970,115,,,2,110,,10968,115,,,2,153,,10967,115,,,2,109,,10966,115,,,2,113,,10965,115,,,2
5700,'65040',1003,,11002,91,,,2,103,,11000,91,,,2,123,,11001,91,,,2,105,,10998,91,,,2,120,,11003,91,,,2,105,,10999,91,,,2,160,,11004,91,,,2
5700,'65041',1209,,11010,91,,,2,113,,11009,91,,,2,102,,11008,91,,,2,111,,11007,91,,,2,102,,11006,91,,,2
5700,'65042',1209,,11016,91,,,2,113,,11015,91,,,2,102,,11014,91,,,2,111,,11013,91,,,2,102,,11012,91,,,2
