700,'65040',646,,8806,45,,,0,77,,8807,45,,,0,23,,8808,53,,,0,75,,8809,53,,,0,29,,8810,45,,,0,75,,8811,53,,,0,23,,8812,45,,,0,65,,8813,45,,,0,42,,8814,45,,,0,56,,8815,45,,,0,40,,8816,53,,,0,60,,8817,53,,,0,37,,8818,45,,,0,64,,8819,53,,,0,36,,8820,45,,,0,63,,8821,53,,,0,16,,8822,45,,,0,23,,8823,45,,,0,66,,8824,53,,,0,18,,8825,45,,,0,20,,8826,45,,,0,67,,8827,45,,,0,19,,8828,45,,,0,66,,8829,45,,,0,35,,8830,53,,,0,66,,8831,45,,,0,31,,8832,53,,,0,68,,8833,45,,,0,27,,8834,45,,,0,71,,8835,45,,,0,34,,8836,45,,,0,65,,8837,45,,,0,29,,8838,45,,,0,81,,8839,53,,,0,30,,8840,45,,,0,104,,8850,53,,,0
700,'65041',743,,8866,45,,,0,101,,8877,53,,,0,94,,8878,45,,,0,100,,8851,45,,,0,100,,8852,45,,,0,101,,8853,45,,,0,100,,8854,45,,,0,100,,8855,45,,,0,100,,8856,45,,,0,309,,8872,53,,,0,98,,8874,45,,,0,100,,8873,53,,,0,100,,8869,53,,,0,100,,8870,53,,,0,98,,8871,53,,,0
700,'65042',743,,8894,45,,,0,101,,8905,53,,,0,94,,8906,45,,,0,100,,8879,45,,,0,100,,8880,45,,,0,101,,8881,45,,,0,100,,8882,45,,,0,100,,8883,45,,,0,100,,8884,45,,,0,309,,8900,53,,,0,98,,8902,45,,,0,100,,8901,53,,,0,100,,8897,53,,,0,100,,8898,53,,,0,98,,8899,53,,,0
800,'65040',651,,9013,52,,,1,69,,9014,52,,,1,16,,9065,52,,,1,16,,9015,52,,,1,55,,9016,52,,,1,16,,9017,52,,,1,14,,9018,52,,,1,16,,9019,52,,,1,50,,9020,52,,,1,17,,9021,52,,,1,20,,9022,52,,,1,62,,9023,52,,,1,20,,9024,52,,,1,19,,9025,52,,,1,60,,9026,52,,,1,21,,9027,52,,,1,20,,9028,52,,,1,60,,9029,52,,,1,20,,9030,52,,,1,20,,9031,52,,,1,60,,9032,52,,,1,20,,9033,52,,,1,20,,9034,52,,,1,60,,9035,52,,,1,19,,9036,52,,,1,22,,9037,52,,,1,11,,9038,52,,,1,53,,9039,52,,,1,22,,9040,52,,,1,15,,9041,52,,,1,13,,9042,52,,,1,56,,9043,52,,,1,15,,9044,52,,,1,10,,9045,52,,,1,15,,9046,52,,,1,50,,9047,52,,,1,8,,9048,52,,,1,15,,9049,52,,,1,12,,9050,52,,,1,15,,9051,52,,,1,54,,9052,52,,,1,18,,9053,52,,,1,20,,9054,52,,,1,59,,9055,52,,,1,18,,9056,52,,,1,30,,9057,52,,,1,70,,9058,52,,,1,31,,9059,52,,,1,71,,9060,52,,,1,78,,9061,52,,,1,20,,9062,52,,,1,27,,9063,52,,,1,100,,9064,52,,,1
800,'65041',649,,9082,52,,,1,100,,9083,52,,,1,68,,9084,52,,,1,28,,9085,52,,,1,64,,9086,52,,,1,30,,9066,52,,,1,72,,9067,52,,,1,30,,9068,52,,,1,70,,9069,52,,,1,30,,9070,52,,,1,71,,9071,52,,,1,30,,9072,52,,,1,69,,9073,52,,,1,31,,9074,52,,,1,70,,9075,52,,,1,30,,9076,52,,,1,70,,9077,52,,,1,30,,9078,52,,,1,70,,9079,52,,,1,30,,9080,52,,,1,70,,9081,52,,,1,29,,9087,52,,,1,71,,9088,52,,,1,30,,9094,52,,,1,71,,9089,52,,,1,37,,9095,52,,,1,100,,9090,52,,,1,100,,9091,52,,,1,99,,9092,52,,,1,100,,9093,52,,,1
800,'65042',649,,9112,52,,,1,100,,9113,52,,,1,68,,9114,52,,,1,28,,9115,52,,,1,64,,9116,52,,,1,30,,9096,52,,,1,72,,9097,52,,,1,30,,9098,52,,,1,70,,9099,52,,,1,30,,9100,52,,,1,71,,9101,52,,,1,30,,9102,52,,,1,69,,9103,52,,,1,31,,9104,52,,,1,70,,9105,52,,,1,30,,9106,52,,,1,70,,9107,52,,,1,30,,9108,52,,,1,70,,9109,52,,,1,30,,9110,52,,,1,70,,9111,52,,,1,29,,9117,52,,,1,71,,9118,52,,,1,30,,9124,52,,,1,71,,9119,52,,,1,37,,9125,52,,,1,100,,9120,52,,,1,100,,9121,52,,,1,99,,9122,52,,,1,100,,9123,52,,,1
801,'65040',607,,9126,3,,,1,28,,9127,3,,,1,70,,9129,3,,,1,14,,9130,3,,,1,85,,9132,3,,,1,749,,9157,3,,,1
801,'65041',732,,9204,3,,,1
801,'65042',732,,9234,3,,,1
40100,'65040',646,,11036,8,,,0,69,,11037,8,,,0,30,,11038,8,,,0,70,,11039,8,,,0,32,,11040,8,,,0
40101,'65040',1512,,11041,3,,,0,30,,11042,3,,,0,70,,11043,3,,,0,30,,11044,3,,,0,70,,11045,3,,,0
45300,'65040',747,,11094,7,,,2,99,,11095,7,,,2,399,,11096,7,,,2,275,,11098,7,,,2,112,,11097,7,,,2,94,,11099,7,,,2,90,,11100,7,,,2
45400,'65040',648,,11107,6,,,2,69,,11109,6,,,2,22,,11108,6,,,2,72,,11110,6,,,2,36,,11111,6,,,2,697,,11112,6,,,2
45401,'65040',1510,,11113,3,,,2,29,,11115,3,,,2,67,,11117,3,,,2,40,,11116,3,,,2,64,,11114,3,,,2
90801,'65040',2420,,11509,3,,,0
90801,'65041',2420,,11510,3,,,0
90801,'65042',2420,,11511,3,,,0
