100,'65040',637,,7918,6,,,0,80,,7919,6,,,0,20,,7920,6,,,0,74,,7921,6,,,0,94,,7922,32,,,0,100,,7923,32,,,0,100,,7924,32,,,0,99,,7925,32,,,0,100,,7926,32,,,0,100,,7927,32,,,0,38,,7936,6,,,0,70,,7937,6,,,0,26,,7938,6,,,0,73,,7939,6,,,0,27,,7940,6,,,0,20,,7928,32,,,0,66,,7929,32,,,0,31,,7930,32,,,0,145,,7941,6,,,0,47,,7931,32,,,0,105,,7932,32,,,0,89,,7933,32,,,0
100,'65041',923,,7942,6,,,0,100,,7943,6,,,0,100,,7944,6,,,0,99,,7945,6,,,0,99,,7946,6,,,0,99,,7947,6,,,0,101,,7948,6,,,0,102,,7949,6,,,0,82,,7950,6,,,0,95,,7952,6,,,0
100,'65042',923,,7953,6,,,0,100,,7954,6,,,0,100,,7955,6,,,0,99,,7956,6,,,0,99,,7957,6,,,0,99,,7958,6,,,0,101,,7959,6,,,0,102,,7960,6,,,0,82,,7961,6,,,0,95,,7963,6,,,0
400,'65040',641,,8360,6,,,0,15,,8361,27,,,0,75,,8362,6,,,0,74,,8363,6,,,0,22,,8364,27,,,0,74,,8365,27,,,0,51,,8366,27,,,0,100,,8367,27,,,0,100,,8368,27,,,0,99,,8369,27,,,0,80,,8370,27,,,0,106,,8371,27,,,0,64,,8372,27,,,0,30,,8373,27,,,0,70,,8374,27,,,0,30,,8375,27,,,0,19,,8376,27,,,0,71,,8377,27,,,0,35,,8378,27,,,0,81,,8379,27,,,0,85,,8380,27,,,0,29,,8381,27,,,0,71,,8382,27,,,0,32,,8383,27,,,0,92,,8384,27,,,0
400,'65041',830,,8427,27,,,0,85,,8408,27,,,0,101,,8409,27,,,0,100,,8410,27,,,0,100,,8411,27,,,0,100,,8412,27,,,0,100,,8413,27,,,0,100,,8414,27,,,0,100,,8415,27,,,0,100,,8425,27,,,0,21,,8417,27,,,0,22,,8418,27,,,0,82,,8419,27,,,0
400,'65042',830,,8455,27,,,0,85,,8436,27,,,0,101,,8437,27,,,0,100,,8438,27,,,0,100,,8439,27,,,0,100,,8440,27,,,0,100,,8441,27,,,0,100,,8442,27,,,0,100,,8443,27,,,0,100,,8453,27,,,0,21,,8445,27,,,0,22,,8446,27,,,0,82,,8447,27,,,0
5500,'65040',808,,10946,83,,,2,118,,10952,83,,,2,111,,10948,83,,,2,115,,10955,83,,,2,159,,10949,83,,,2,114,,10953,83,,,2,122,,10950,83,,,2,157,,10954,83,,,2,116,,10947,83,,,2
5500,'65041',901,,10961,83,,,2,111,,10963,83,,,2,111,,10962,83,,,2,110,,10960,83,,,2,113,,10959,83,,,2,110,,10958,83,,,2,153,,10957,83,,,2
5500,'65042',901,,10969,83,,,2,111,,10971,83,,,2,111,,10970,83,,,2,110,,10968,83,,,2,113,,10967,83,,,2,110,,10966,83,,,2,153,,10965,83,,,2
90400,'65040',2211,,11474,6,0,7 8 1 9,0,28,,11475,6,0,7 8 1 9,0,100,,11476,6,0,7 8 1 9,0,106,,11477,6,,,0
90400,'65041',733,,11484,6,0,7 8 1 9,0,1201,,11483,6,0,7 8 1 9,0,101,,11479,6,0,7 8 1 9,0,101,,11481,6,0,7 8 1 9,0,100,,11480,6,0,7 8 1 9,0,98,,11482,6,0,7 8 1 9,0,112,,11478,6,,,0
90400,'65042',733,,11491,6,0,7 8 1 9,0,1201,,11490,6,0,7 8 1 9,0,101,,11486,6,0,7 8 1 9,0,101,,11488,6,0,7 8 1 9,0,100,,11487,6,0,7 8 1 9,0,98,,11489,6,0,7 8 1 9,0,112,,11485,6,,,0
