100,'65040',635,,7918,2,,,0,80,,7919,2,,,0,20,,7920,2,,,0,74,,7921,2,,,0,94,,7922,28,,,0,100,,7923,28,,,0,100,,7924,28,,,0,99,,7925,28,,,0,100,,7926,28,,,0,100,,7927,28,,,0,38,,7936,2,,,0,70,,7937,2,,,0,26,,7938,2,,,0,73,,7939,2,,,0,27,,7940,2,,,0,20,,7928,28,,,0,66,,7929,28,,,0,31,,7930,28,,,0,105,,7941,2,,,0,87,,7931,28,,,0,105,,7932,28,,,0,89,,7933,28,,,0
100,'65041',921,,7942,2,,,0,100,,7943,2,,,0,100,,7944,2,,,0,99,,7945,2,,,0,99,,7946,2,,,0,99,,7947,2,,,0,101,,7948,2,,,0,102,,7949,2,,,0,82,,7950,2,,,0,55,,7952,2,,,0
100,'65042',921,,7953,2,,,0,100,,7954,2,,,0,100,,7955,2,,,0,99,,7956,2,,,0,99,,7957,2,,,0,99,,7958,2,,,0,101,,7959,2,,,0,102,,7960,2,,,0,82,,7961,2,,,0,55,,7963,2,,,0
101,'65040',700,,7964,25,,,0,20,,7965,25,,,0,22,,7966,25,,,0,189,,7967,25,,,0,100,,7968,25,,,0,100,,7969,25,,,0,99,,7970,25,,,0,100,,7971,25,,,0,100,,7972,25,,,0,176,,7973,25,,,0,142,,7976,25,,,0,261,,7975,25,,,0,105,,7974,25,,,0,122,,7987,2,,,0,100,,7988,2,,,0
301,'65040',554,,8244,23,,,0,68,,8245,23,,,0,16,,8246,23,,,0,64,,8247,23,,,0,15,,8251,23,,,0,15,,8248,23,,,0,15,,8249,23,,,0,55,,8250,23,,,0,17,,8252,23,,,0,13,,8260,23,,,0,21,,8253,23,,,0,60,,8254,23,,,0,19,,8255,23,,,0,21,,8256,23,,,0,59,,8257,23,,,0,22,,8258,23,,,0,20,,8259,23,,,0,59,,8261,23,,,0,20,,8262,23,,,0,21,,8263,23,,,0,60,,8264,23,,,0,20,,8265,23,,,0,21,,8266,23,,,0,60,,8267,23,,,0,20,,8268,23,,,0,20,,8269,23,,,0,59,,8270,23,,,0,21,,8271,23,,,0,19,,8272,23,,,0,53,,8294,23,,,0,16,,8273,23,,,0,17,,8274,23,,,0,12,,8275,23,,,0,56,,8276,23,,,0,14,,8277,23,,,0,15,,8278,23,,,0,15,,8279,23,,,0,55,,8293,23,,,0,15,,8280,23,,,0,16,,8281,23,,,0,19,,8282,23,,,0,56,,8283,23,,,0,29,,8284,23,,,0,15,,8285,23,,,0,70,,8286,23,,,0,30,,8287,23,,,0,70,,8288,23,,,0,73,,8289,23,,,0,27,,8290,23,,,0,30,,8295,23,,,0,65,,8291,23,,,0,100,,8292,23,,,0
301,'65041',626,,8313,23,,,0,30,,8314,23,,,0,72,,8315,23,,,0,29,,8316,23,,,0,69,,8317,23,,,0,25,,8312,23,,,0,69,,8296,23,,,0,30,,8297,23,,,0,70,,8298,23,,,0,30,,8299,23,,,0,70,,8300,23,,,0,30,,8301,23,,,0,70,,8302,23,,,0,30,,8303,23,,,0,70,,8304,23,,,0,30,,8305,23,,,0,70,,8306,23,,,0,31,,8307,23,,,0,69,,8308,23,,,0,32,,8309,23,,,0,70,,8310,23,,,0,30,,8311,23,,,0,70,,8318,23,,,0,30,,8319,23,,,0,71,,8320,23,,,0,34,,8326,23,,,0,70,,8321,23,,,0,30,,8327,23,,,0,70,,8322,23,,,0,100,,8323,23,,,0,100,,8324,23,,,0,100,,8325,23,,,0
301,'65042',626,,8345,23,,,0,30,,8346,23,,,0,72,,8347,23,,,0,29,,8348,23,,,0,69,,8349,23,,,0,25,,8344,23,,,0,69,,8328,23,,,0,30,,8329,23,,,0,70,,8330,23,,,0,30,,8331,23,,,0,70,,8332,23,,,0,30,,8333,23,,,0,70,,8334,23,,,0,30,,8335,23,,,0,70,,8336,23,,,0,30,,8337,23,,,0,70,,8338,23,,,0,31,,8339,23,,,0,69,,8340,23,,,0,32,,8341,23,,,0,70,,8342,23,,,0,30,,8343,23,,,0,70,,8350,23,,,0,30,,8351,23,,,0,71,,8352,23,,,0,34,,8358,23,,,0,70,,8353,23,,,0,30,,8359,23,,,0,70,,8354,23,,,0,100,,8355,23,,,0,100,,8356,23,,,0,100,,8357,23,,,0
400,'65040',640,,8360,2,,,0,14,,8361,23,,,0,75,,8362,2,,,0,74,,8363,2,,,0,22,,8364,23,,,0,34,,8365,23,,,0,91,,8366,23,,,0,100,,8367,23,,,0,100,,8368,23,,,0,99,,8369,23,,,0,80,,8370,23,,,0,106,,8371,23,,,0,24,,8372,23,,,0,70,,8373,23,,,0,30,,8374,23,,,0,70,,8375,23,,,0,19,,8376,23,,,0,71,,8377,23,,,0,35,,8378,23,,,0,81,,8379,23,,,0,85,,8380,23,,,0,29,,8381,23,,,0,71,,8382,23,,,0,33,,8383,23,,,0,91,,8384,23,,,0
400,'65041',828,,8427,23,,,0,85,,8408,23,,,0,101,,8409,23,,,0,100,,8410,23,,,0,100,,8411,23,,,0,100,,8412,23,,,0,100,,8413,23,,,0,100,,8414,23,,,0,100,,8415,23,,,0,100,,8425,23,,,0,21,,8417,23,,,0,22,,8418,23,,,0,82,,8419,23,,,0
400,'65042',828,,8455,23,,,0,85,,8436,23,,,0,101,,8437,23,,,0,100,,8438,23,,,0,100,,8439,23,,,0,100,,8440,23,,,0,100,,8441,23,,,0,100,,8442,23,,,0,100,,8443,23,,,0,100,,8453,23,,,0,21,,8445,23,,,0,22,,8446,23,,,0,82,,8447,23,,,0
701,'65040',626,,8907,2,0,54,0,79,,8908,2,0,54,0,16,,8916,15,0,54,0,23,,8917,15,0,54,0,57,,8918,15,,,0,20,,8919,15,,,0,20,,8920,15,0,54,0,66,,8921,15,0,54,0,26,,8922,15,0,54,0,15,,8923,15,0,54,0,63,,8924,15,,,0,25,,8925,15,0,54,0,15,,8909,2,,,0,67,,8926,15,0,54,0,23,,8927,15,0,54,0,9,,8910,2,,,0,69,,8928,15,0,54,0,21,,8929,15,0,54,0,9,,8911,2,,,0,69,,8930,15,0,54,0,21,,8931,15,0,54,0,12,,8912,2,,,0,62,,8932,15,0,54,0,21,,8933,15,0,54,0,19,,8913,2,0,54,0,55,,8934,15,0,54,0,18,,8935,15,0,54,0,30,,8936,15,,,0,55,,8937,15,,,0,15,,8938,15,0,54,0,29,,8939,15,0,54,0,56,,8914,2,,,0,16,,8940,15,0,54,0,74,,8941,15,0,54,0,28,,8942,15,0,54,0,71,,8943,15,0,54,0,36,,8944,15,0,54,0,65,,8945,15,0,54,0,31,,8946,15,0,54,0,68,,8947,15,,,0,30,,8948,15,0,54,0,70,,8949,15,0,54,0,36,,8950,15,,,0,100,,8952,15,0,54,0,115,,8915,2,0,54,0
701,'65041',728,,8970,2,,,0,76,,8981,15,0,54,0,31,,8980,2,0,54,0,70,,8969,15,0,54,0,28,,8961,2,0,54,0,70,,8953,15,0,54,0,28,,8962,2,0,54,0,70,,8954,15,0,54,0,29,,8963,2,0,54,0,70,,8955,15,0,54,0,30,,8964,2,0,54,0,70,,8956,15,0,54,0,30,,8965,2,0,54,0,70,,8957,15,0,54,0,30,,8966,2,0,54,0,70,,8958,15,0,54,0,30,,8967,2,0,54,0,70,,8959,15,0,54,0,30,,8968,2,0,54,0,70,,8960,2,0,54,0,31,,8971,2,,,0,71,,8972,2,0,54,0,38,,8979,2,0,54,0,89,,8982,15,,,0,102,,8973,15,,,0,100,,8974,15,,,0,100,,8975,15,,,0,100,,8976,15,0,54,0,120,,8977,2,0,54,0
701,'65042',728,,9000,2,,,0,76,,9011,15,0,54,0,31,,9010,2,0,54,0,70,,8999,15,0,54,0,28,,8991,2,0,54,0,70,,8983,15,0,54,0,28,,8992,2,0,54,0,70,,8984,15,0,54,0,29,,8993,2,0,54,0,70,,8985,15,0,54,0,30,,8994,2,0,54,0,70,,8986,15,0,54,0,30,,8995,2,0,54,0,70,,8987,15,0,54,0,30,,8996,2,0,54,0,70,,8988,15,0,54,0,30,,8997,2,0,54,0,70,,8989,15,0,54,0,30,,8998,2,0,54,0,70,,8990,2,0,54,0,31,,9001,2,,,0,71,,9002,2,0,54,0,38,,9009,2,0,54,0,89,,9012,15,,,0,102,,9003,15,,,0,100,,9004,15,,,0,100,,9005,15,,,0,100,,9006,15,0,54,0,120,,9007,2,0,54,0
900,'65040',640,,9250,2,,,0,92,,9236,27,,,0,69,,9251,2,,,0,44,,9237,27,,,0,100,,9238,27,,,0,100,,9239,27,,,0,100,,9240,27,,,0,71,,9241,27,,,0,101,,9242,27,,,0,100,,9243,27,,,0,30,,9244,27,,,0,68,,9245,27,,,0,31,,9252,2,,,0,71,,9253,2,,,0,32,,9246,27,,,0,66,,9254,2,,,0,31,,9247,27,,,0,99,,9248,27,,,0,85,,9249,27,,,0,100,,9255,2,,,0,24,,9256,2,,,0,90,,9257,2,,,0,101,,9258,2,0,7 8 1 9,0
900,'65041',843,,9267,2,,,0,99,,9259,2,,,0,101,,9260,27,,,0,101,,9261,27,,,0,100,,9262,27,,,0,100,,9263,27,,,0,100,,9264,27,,,0,101,,9265,27,,,0,100,,9266,27,,,0,114,,9268,2,,,0,94,,9269,2,,,0,89,,9270,2,,,0,100,,9271,2,,,0,100,,9272,2,,,0,101,,9273,2,,,0
900,'65042',843,,9282,2,,,0,99,,9274,2,,,0,101,,9275,27,,,0,101,,9276,27,,,0,100,,9277,27,,,0,100,,9278,27,,,0,100,,9279,27,,,0,101,,9280,27,,,0,100,,9281,27,,,0,114,,9283,2,,,0,94,,9284,2,,,0,89,,9285,2,,,0,100,,9286,2,,,0,100,,9287,2,,,0,101,,9288,2,,,0
1201,'65040',623,,9621,2,,,0,99,,9622,2,,,0,25,,9623,2,,,0,55,,9624,2,,,0,19,,9625,2,,,0,31,,9626,2,,,0,73,,9627,2,,,0,32,,9628,2,,,0,70,,9629,2,,,0,30,,9630,2,,,0,70,,9631,2,,,0,31,,9632,2,,,0,69,,9633,2,,,0,31,,9634,2,,,0,61,,9635,2,,,0,37,,9636,2,,,0,71,,9637,2,,,0,30,,9638,2,,,0,69,,9639,2,,,0,28,,9640,2,,,0,73,,9641,2,,,0,24,,9642,2,,,0,56,,9643,2,,,0,31,,9644,2,,,0,73,,9645,2,,,0,25,,9646,2,,,0,67,,9647,2,,,0,24,,9648,2,,,0,73,,9649,2,,,0,27,,9650,2,,,0,85,,9651,2,,,0,25,,9652,2,,,0,188,,9653,2,,,0
1201,'65041',731,,9662,2,,,0,96,,9663,2,,,0,91,,9676,2,,,0,30,,9668,2,,,0,70,,9654,2,,,0,30,,9669,2,,,0,70,,9655,2,,,0,30,,9670,2,,,0,70,,9656,2,,,0,31,,9671,2,,,0,69,,9657,2,,,0,31,,9672,2,,,0,69,,9658,2,,,0,31,,9673,2,,,0,69,,9659,2,,,0,31,,9674,2,,,0,69,,9660,2,,,0,30,,9677,2,,,0,70,,9661,2,,,0,29,,9664,2,,,0,79,,9675,2,,,0,103,,9665,2,,,0,101,,9666,2,,,0,100,,9667,2,,,0
1201,'65042',731,,9686,2,,,0,96,,9687,2,,,0,91,,9700,2,,,0,30,,9692,2,,,0,70,,9678,2,,,0,30,,9693,2,,,0,70,,9679,2,,,0,30,,9694,2,,,0,70,,9680,2,,,0,31,,9695,2,,,0,69,,9681,2,,,0,31,,9696,2,,,0,69,,9682,2,,,0,31,,9697,2,,,0,69,,9683,2,,,0,31,,9698,2,,,0,69,,9684,2,,,0,30,,9701,2,,,0,70,,9685,2,,,0,29,,9688,2,,,0,79,,9699,2,,,0,103,,9689,2,,,0,101,,9690,2,,,0,100,,9691,2,,,0
1401,'65040',539,,9776,2,,,0,98,,9777,2,,,0,87,,9778,2,,,0,11,,9812,2,,,0,14,,9779,2,,,0,68,,9780,2,,,0,25,,9781,2,,,0,17,,9782,2,,,0,58,,9783,2,,,0,35,,9784,2,,,0,65,,9785,2,,,0,39,,9786,2,,,0,61,,9787,2,,,0,36,,9788,2,,,0,63,,9789,2,,,0,36,,9790,2,,,0,65,,9791,2,,,0,37,,9792,2,,,0,57,,9793,2,,,0,20,,9813,2,,,0,20,,9794,2,,,0,65,,9795,2,,,0,25,,9796,2,,,0,66,,9797,2,,,0,30,,9798,2,,,0,71,,9799,2,,,0,14,,9800,2,,,0,21,,9801,2,,,0,74,,9802,2,,,0,22,,9803,2,,,0,84,,9804,2,,,0,81,,9805,2,,,0,23,,9806,2,,,0,77,,9807,2,,,0,33,,9808,2,,,0,98,,9809,2,,,0,100,,9810,2,,,0,17,,9811,2,,,0
1401,'65041',731,,9821,2,,,0,95,,9822,2,,,0,96,,9814,2,,,0,28,,9815,2,,,0,100,,9816,2,,,0,99,,9817,2,,,0,99,,9830,2,,,0,98,,9818,2,,,0,100,,9819,2,,,0,101,,9820,2,,,0,100,,9832,2,,,0,99,,9831,2,,,0,79,,9823,2,,,0,105,,9824,2,,,0,101,,9825,2,,,0,100,,9826,2,,,0,100,,9827,2,,,0,100,,9828,2,,,0,21,,9829,2,,,0
1401,'65042',731,,9840,2,,,0,95,,9841,2,,,0,96,,9833,2,,,0,28,,9834,2,,,0,100,,9835,2,,,0,99,,9836,2,,,0,99,,9849,2,,,0,98,,9837,2,,,0,100,,9838,2,,,0,101,,9839,2,,,0,100,,9851,2,,,0,99,,9850,2,,,0,79,,9842,2,,,0,105,,9843,2,,,0,101,,9844,2,,,0,100,,9845,2,,,0,100,,9846,2,,,0,100,,9847,2,,,0,21,,9848,2,,,0
1901,'65040',551,,10299,2,0,10 55,0,87,,10298,2,,,0,74,,10297,2,,,0,20,,10296,2,,,0,97,,10295,2,,,0,102,,10294,2,,,0,103,,10293,2,,,0,100,,10292,2,,,0,96,,10291,2,,,0,100,,10290,2,,,0,97,,10289,2,,,0,81,,10288,2,,,0,40,,10287,2,,,0,70,,10286,2,,,0,34,,10285,2,,,0,69,,10284,2,,,0,85,,10283,2,,,0
5500,'65040',807,,10946,79,,,2,118,,10952,79,,,2,111,,10948,79,,,2,115,,10955,79,,,2,159,,10949,79,,,2,114,,10953,79,,,2,122,,10950,79,,,2,157,,10954,79,,,2,116,,10947,79,,,2
5500,'65041',900,,10961,79,,,2,111,,10963,79,,,2,111,,10962,79,,,2,110,,10960,79,,,2,113,,10959,79,,,2,110,,10958,79,,,2,153,,10957,79,,,2
5500,'65042',900,,10969,79,,,2,111,,10971,79,,,2,111,,10970,79,,,2,110,,10968,79,,,2,113,,10967,79,,,2,110,,10966,79,,,2,153,,10965,79,,,2
90400,'65040',2210,,11474,2,0,7 8 1 9,0,28,,11475,2,0,7 8 1 9,0,100,,11476,2,0,7 8 1 9,0,106,,11477,2,,,0
90400,'65041',731,,11484,2,0,7 8 1 9,0,1201,,11483,2,0,7 8 1 9,0,101,,11479,2,0,7 8 1 9,0,101,,11481,2,0,7 8 1 9,0,100,,11480,2,0,7 8 1 9,0,98,,11482,2,0,7 8 1 9,0,112,,11478,2,,,0
90400,'65042',731,,11491,2,0,7 8 1 9,0,1201,,11490,2,0,7 8 1 9,0,101,,11486,2,0,7 8 1 9,0,101,,11488,2,0,7 8 1 9,0,100,,11487,2,0,7 8 1 9,0,98,,11489,2,0,7 8 1 9,0,112,,11485,2,,,0
91201,'65040',2235,,11514,2,,,0,100,,11515,2,,,0
91201,'65041',2230,,11516,2,,,0,97,,11517,2,,,0
91201,'65042',2230,,11518,2,,,0,97,,11519,2,,,0
91301,'65040',2451,,11520,2,,,0
91301,'65041',2451,,11521,2,,,0
91301,'65042',2451,,11522,2,,,0
