801,'65040',639,,9126,45,,,1,71,,9127,45,,,1,16,,9128,40,,,1,15,,9129,45,,,1,15,,9130,45,,,1,55,,9175,40,,,1,17,,9131,40,,,1,13,,9132,45,,,1,61,,9133,40,,,1,19,,9134,40,,,1,20,,9135,40,,,1,61,,9136,40,,,1,19,,9137,40,,,1,23,,9138,40,,,1,61,,9139,40,,,1,19,,9140,40,,,1,20,,9141,40,,,1,61,,9142,40,,,1,20,,9143,40,,,1,20,,9144,40,,,1,61,,9145,40,,,1,20,,9146,40,,,1,20,,9147,40,,,1,60,,9148,40,,,1,20,,9149,40,,,1,20,,9150,40,,,1,59,,9151,40,,,1,13,,9152,40,,,1,17,,9153,40,,,1,17,,9154,40,,,1,52,,9155,40,,,1,17,,9156,40,,,1,14,,9157,45,,,1,14,,9158,40,,,1,56,,9159,40,,,1,12,,9160,40,,,1,15,,9161,40,,,1,15,,9162,40,,,1,55,,9163,40,,,1,19,,9164,40,,,1,21,,9165,40,,,1,62,,9166,40,,,1,26,,9167,40,,,1,71,,9168,40,,,1,30,,9169,40,,,1,70,,9170,40,,,1,30,,9171,40,,,1,69,,9172,40,,,1,37,,9173,40,,,1,99,,9174,40,,,1
801,'65041',738,,9193,40,,,1,67,,9204,45,,,1,29,,9194,40,,,1,20,,9195,40,,,1,70,,9176,40,,,1,30,,9177,40,,,1,71,,9178,40,,,1,30,,9179,40,,,1,71,,9180,40,,,1,30,,9181,40,,,1,70,,9182,40,,,1,30,,9183,40,,,1,70,,9184,40,,,1,30,,9185,40,,,1,70,,9186,40,,,1,30,,9187,40,,,1,70,,9188,40,,,1,30,,9189,40,,,1,69,,9190,40,,,1,30,,9191,40,,,1,70,,9192,40,,,1,29,,9196,40,,,1,72,,9197,40,,,1,80,,9198,40,,,1,32,,9199,40,,,1,69,,9200,40,,,1,30,,9205,40,,,1,100,,9201,40,,,1,98,,9202,40,,,1,100,,9203,40,,,1
801,'65042',738,,9223,40,,,1,67,,9234,45,,,1,29,,9224,40,,,1,20,,9225,40,,,1,70,,9206,40,,,1,30,,9207,40,,,1,71,,9208,40,,,1,30,,9209,40,,,1,71,,9210,40,,,1,30,,9211,40,,,1,70,,9212,40,,,1,30,,9213,40,,,1,70,,9214,40,,,1,30,,9215,40,,,1,70,,9216,40,,,1,30,,9217,40,,,1,70,,9218,40,,,1,30,,9219,40,,,1,69,,9220,40,,,1,30,,9221,40,,,1,70,,9222,40,,,1,29,,9226,40,,,1,72,,9227,40,,,1,80,,9228,40,,,1,32,,9229,40,,,1,69,,9230,40,,,1,30,,9235,40,,,1,100,,9231,40,,,1,98,,9232,40,,,1,100,,9233,40,,,1
901,'65040',726,,9289,48,,,0,27,,9290,48,,,0,70,,9291,48,,,0,115,,9292,48,,,0,100,,9293,48,,,0,100,,9294,48,,,0,102,,9295,48,,,0,71,,9296,48,,,0,101,,9297,48,,,0,100,,9298,48,,,0,30,,9299,48,,,0,68,,9300,48,,,0,133,,9301,48,,,0
901,'65041',1034,,9313,48,,,0,101,,9314,48,,,0,101,,9320,48,,,0,100,,9319,48,,,0,100,,9318,48,,,0,100,,9317,48,,,0,101,,9316,48,,,0,101,,9315,48,,,0
901,'65042',1034,,9329,48,,,0,101,,9330,48,,,0,101,,9336,48,,,0,100,,9335,48,,,0,100,,9334,48,,,0,100,,9333,48,,,0,101,,9332,48,,,0,101,,9331,48,,,0
1100,'65040',606,,9378,17,0,22 23 2 67,0,42,,9365,17,,,0,70,,9345,38,,,0,14,,9366,17,,,0,18,,9371,17,0,22 23 2 67,0,57,,9346,38,,,0,25,,9347,38,,,0,74,,9367,17,,,0,31,,9348,38,,,0,65,,9368,17,,,0,36,,9349,38,,,0,67,,9372,17,0,22 23 2 67,0,32,,9350,38,,,0,63,,9373,17,0,22 23 2 67,0,38,,9351,38,,,0,63,,9374,17,0,22 23 2 67,0,37,,9352,38,,,0,62,,9369,17,,,0,37,,9353,38,,,0,69,,9370,17,,,0,30,,9354,38,,,0,68,,9355,38,,,0,32,,9356,38,,,0,69,,9357,38,,,0,30,,9358,38,,,0,72,,9359,38,,,0,31,,9376,38,0,22 23 2 67,0,71,,9360,38,,,0,34,,9377,38,0,22 23 2 67,0,79,,9361,38,,,0,26,,9375,17,0,22 23 2 67,0,74,,9362,38,,,0,104,,9363,38,,,0,101,,9364,38,0,57,0,90,,9379,38,0,22 23 2 67,0
1100,'65041',713,,9395,17,,,0,100,,9396,38,,,0,32,,9397,17,,,0,70,,9380,38,,,0,30,,9381,38,,,0,56,,9388,17,,,0,31,,9382,38,,,0,69,,9389,17,,,0,31,,9383,38,,,0,69,,9390,17,,,0,32,,9384,38,,,0,68,,9391,17,,,0,32,,9385,38,,,0,68,,9392,17,,,0,32,,9386,38,,,0,68,,9393,17,,,0,32,,9387,38,,,0,68,,9394,17,,,0,32,,9398,38,,,0,70,,9399,38,,,0,50,,9400,17,0,22 23 2 67,0,63,,9401,38,,,0,99,,9402,38,,,0,100,,9403,38,,,0,99,,9404,38,,,0,100,,9405,38,,,0,99,,9406,38,,,0,100,,9407,38,0,22 23 2 67,0
1100,'65042',713,,9423,17,,,0,100,,9424,38,,,0,32,,9425,17,,,0,70,,9408,38,,,0,30,,9409,38,,,0,56,,9416,17,,,0,31,,9410,38,,,0,69,,9417,17,,,0,31,,9411,38,,,0,69,,9418,17,,,0,32,,9412,38,,,0,68,,9419,17,,,0,32,,9413,38,,,0,68,,9420,17,,,0,32,,9414,38,,,0,68,,9421,17,,,0,32,,9415,38,,,0,68,,9422,17,,,0,32,,9426,38,,,0,70,,9427,38,,,0,50,,9428,17,0,22 23 2 67,0,63,,9429,38,,,0,99,,9430,38,,,0,100,,9431,38,,,0,99,,9432,38,,,0,100,,9433,38,,,0,99,,9434,38,,,0,100,,9435,38,0,22 23 2 67,0
1401,'65040',555,,9776,31,,,0,99,,9777,31,,,0,90,,9778,31,,,0,11,,9812,31,,,0,56,,9779,31,,,0,29,,9780,31,,,0,64,,9781,31,,,0,17,,9782,31,,,0,17,,9783,31,,,0,75,,9784,31,,,0,25,,9785,31,,,0,79,,9786,31,,,0,21,,9787,31,,,0,76,,9788,31,,,0,23,,9789,31,,,0,76,,9790,31,,,0,25,,9791,31,,,0,77,,9792,31,,,0,17,,9793,31,,,0,20,,9813,31,,,0,60,,9794,31,,,0,25,,9795,31,,,0,66,,9796,31,,,0,27,,9797,31,,,0,70,,9798,31,,,0,30,,9799,31,,,0,14,,9800,31,,,0,61,,9801,31,,,0,32,,9802,31,,,0,22,,9803,31,,,0,84,,9804,31,,,0,81,,9805,31,,,0,23,,9806,31,,,0,77,,9807,31,,,0,33,,9808,31,,,0,97,,9809,31,,,0,99,,9810,31,,,0,56,,9811,31,,,0
1401,'65041',749,,9821,31,,,0,95,,9822,31,,,0,96,,9814,31,,,0,68,,9815,31,,,0,100,,9816,31,,,0,100,,9817,31,,,0,99,,9830,31,,,0,99,,9818,31,,,0,100,,9819,31,,,0,101,,9820,31,,,0,100,,9832,31,,,0,99,,9831,31,,,0,39,,9823,31,,,0,104,,9824,31,,,0,101,,9825,31,,,0,98,,9826,31,,,0,100,,9827,31,,,0,99,,9828,31,,,0,61,,9829,31,,,0
1401,'65042',749,,9840,31,,,0,95,,9841,31,,,0,96,,9833,31,,,0,68,,9834,31,,,0,100,,9835,31,,,0,100,,9836,31,,,0,99,,9849,31,,,0,99,,9837,31,,,0,100,,9838,31,,,0,101,,9839,31,,,0,100,,9851,31,,,0,99,,9850,31,,,0,39,,9842,31,,,0,104,,9843,31,,,0,101,,9844,31,,,0,98,,9845,31,,,0,100,,9846,31,,,0,99,,9847,31,,,0,61,,9848,31,,,0
5501,'65040',803,,10979,80,,,2,116,,10972,80,,,2,116,,10980,80,,,2,116,,10973,80,,,2,156,,10981,80,,,2,118,,10974,80,,,2,113,,10977,80,,,2,165,,10975,80,,,2,112,,10978,80,,,2
5501,'65041',858,,10989,80,,,2,150,,10988,80,,,2,110,,10987,80,,,2,111,,10986,80,,,2,110,,10985,80,,,2,110,,10984,80,,,2,109,,10982,80,,,2
5501,'65042',858,,10997,80,,,2,150,,10996,80,,,2,110,,10995,80,,,2,111,,10994,80,,,2,110,,10993,80,,,2,110,,10992,80,,,2,109,,10990,80,,,2
90700,'65040',632,,11508,25,,,0
