100,'65040',838,14,7922,1,,,0,101,20,7923,1,,,0,99,16,7924,1,,,0,98,13,7925,1,,,0,100,12,7926,1,,,0,100,12,7927,1,,,0,290,10,7928,1,,,0,26,17,7929,1,,,0,72,16,7930,1,,,0,196,19,7931,1,,,0,104,67,7932,1,,,0,91,60,7933,1,,,0,92,56,7934,1,0,5 6 2 68,0,102,,7935,1,0,5 6 2 68,0
100,'65041',1712,5,7951,1,0,5 6 2 68,0
100,'65042',1712,5,7962,1,0,5 6 2 68,0
400,'65040',634,,8361,1,,,0,25,10,8386,1,0,5 6 2 66,0,67,,8388,1,0,5 6 2 66,0,77,56,8364,1,,,0,34,19,8365,1,,,0,91,,8366,1,,,0,19,22,8390,1,0,5 6 2 66,0,81,20,8367,1,,,0,19,,8391,1,0,5 6 2 66,0,81,19,8368,1,,,0,80,64,8392,1,0,5 6 2 66,0,18,24,8369,1,,,0,80,53,8370,1,,,0,22,,8393,1,0,5 6 2 66,0,83,,8371,1,,,0,24,12,8372,1,,,0,69,49,8373,1,,,0,16,61,8394,1,0,5 6 2 66,0,14,7,8374,1,,,0,18,12,8395,1,0,5 6 2 66,0,52,48,8375,1,,,0,11,60,8397,1,0,5 6 2 66,0,8,,8376,1,,,0,31,26,8377,1,,,0,60,59,8398,1,0,5 6 2 66,0,16,11,8378,1,,,0,22,12,8399,1,0,5 6 2 66,0,60,7,8379,1,,,0,23,23,8396,1,0,5 6 2 66,0,23,15,8380,1,,,0,70,14,8381,1,,,0,31,17,8382,1,,,0,73,22,8383,1,,,0,91,15,8384,1,,,0,23,10,8387,1,0,5 6 2 66,0,69,10,8385,1,0,5 6 2 66,0,102,2,8389,1,0,5 6 2 66,0
400,'65041',713,9,8416,1,0,5 6 2 66,0,28,22,8426,1,0,5 6 2 66,0,73,9,8427,1,,,0,43,5,8408,1,,,0,69,7,8400,1,0,5 6 2 66,0,32,19,8409,1,,,0,68,6,8401,1,0,5 6 2 66,0,31,13,8410,1,,,0,68,10,8402,1,0,5 6 2 66,0,31,11,8411,1,,,0,69,9,8403,1,0,5 6 2 66,0,31,10,8412,1,,,0,68,18,8404,1,0,5 6 2 66,0,31,23,8413,1,,,0,68,7,8405,1,0,5 6 2 66,0,31,15,8414,1,,,0,71,9,8406,1,0,5 6 2 66,0,30,16,8415,1,,,0,70,10,8407,1,0,5 6 2 66,0,29,9,8425,1,,,0,61,5,8417,1,,,0,23,22,8418,1,,,0,84,7,8419,1,,,0,89,59,8420,1,0,5 6 2 66,0,99,57,8421,1,0,5 6 2 66,0,100,55,8422,1,0,5 6 2 66,0,101,3,8423,1,0,5 6 2 66,0,99,3,8424,1,0,5 6 2 66,0
400,'65042',713,9,8444,1,0,5 6 2 66,0,28,22,8454,1,0,5 6 2 66,0,73,9,8455,1,,,0,43,5,8436,1,,,0,69,7,8428,1,0,5 6 2 66,0,32,19,8437,1,,,0,68,6,8429,1,0,5 6 2 66,0,31,13,8438,1,,,0,68,10,8430,1,0,5 6 2 66,0,31,11,8439,1,,,0,69,9,8431,1,0,5 6 2 66,0,31,10,8440,1,,,0,68,18,8432,1,0,5 6 2 66,0,31,23,8441,1,,,0,68,7,8433,1,0,5 6 2 66,0,31,15,8442,1,,,0,71,9,8434,1,0,5 6 2 66,0,30,16,8443,1,,,0,70,10,8435,1,0,5 6 2 66,0,29,9,8453,1,,,0,61,5,8445,1,,,0,23,22,8446,1,,,0,84,7,8447,1,,,0,89,59,8448,1,0,5 6 2 66,0,99,57,8449,1,0,5 6 2 66,0,100,55,8450,1,0,5 6 2 66,0,101,3,8451,1,0,5 6 2 66,0,99,3,8452,1,0,5 6 2 66,0
1101,'65040',629,2,9472,23,0,54,0,20,2,9436,23,,,0,74,2,9437,23,,,0,30,3,9459,23,0,54,0,74,2,9438,23,,,0,18,2,9460,23,0,54,0,71,2,9461,23,0,54,0,27,2,9439,23,,,0,70,2,9462,23,0,54,0,30,2,9440,23,,,0,80,2,9463,23,0,54,0,20,2,9441,23,,,0,79,73,9473,1,0,54,0,20,2,9442,23,,,0,79,21,9464,1,0,54,0,24,3,9443,23,,,0,69,12,9465,1,0,54,0,30,3,9444,23,,,0,69,3,9445,23,,,0,30,3,9446,23,,,0,13,13,9466,1,0,54,0,56,3,9447,23,,,0,31,3,9448,23,,,0,71,3,9449,23,,,0,16,4,9475,23,0,54,0,14,3,9450,23,,,0,71,3,9451,23,,,0,30,3,9467,23,0,54,0,69,3,9452,23,,,0,29,18,9476,1,0,54,0,71,3,9453,23,,,0,28,37,9468,1,0,54,0,16,3,9471,23,0,54,0,66,3,9454,23,,,0,11,9,9469,1,0,54,0,14,2,9470,1,0,54,0,74,2,9455,23,,,0,105,2,9456,23,,,0,75,2,9474,23,0,54,0
1101,'65041',812,2,9494,23,,,0,29,21,9477,1,,,0,85,2,9486,23,0,54,0,30,2,9478,23,,,0,70,2,9487,23,0,54,0,29,2,9479,23,,,0,69,3,9488,23,0,54,0,30,3,9480,23,,,0,70,3,9489,23,0,54,0,30,3,9481,23,,,0,69,3,9490,23,0,54,0,30,4,9482,23,,,0,70,4,9491,23,0,54,0,29,4,9483,23,,,0,70,4,9492,23,0,54,0,30,4,9484,23,,,0,70,4,9493,23,0,54,0,30,4,9485,23,,,0,62,4,9497,23,0,54,0,24,4,9498,23,,,0,68,3,9499,23,0,54,0,17,3,9500,23,,,0,100,3,9501,23,,,0,100,3,9502,23,,,0,99,3,9503,23,,,0,99,2,9504,23,,,0,100,2,9505,23,,,0,100,2,9506,23,0,54,0
1101,'65042',812,2,9524,23,,,0,29,21,9507,1,,,0,85,2,9516,23,0,54,0,30,2,9508,23,,,0,70,2,9517,23,0,54,0,29,2,9509,23,,,0,69,3,9518,23,0,54,0,30,3,9510,23,,,0,70,3,9519,23,0,54,0,30,3,9511,23,,,0,69,3,9520,23,0,54,0,30,4,9512,23,,,0,70,4,9521,23,0,54,0,29,4,9513,23,,,0,70,4,9522,23,0,54,0,30,4,9514,23,,,0,70,4,9523,23,0,54,0,30,4,9515,23,,,0,62,4,9527,23,0,54,0,24,4,9528,23,,,0,68,3,9529,23,0,54,0,17,3,9530,23,,,0,100,3,9531,23,,,0,100,3,9532,23,,,0,99,3,9533,23,,,0,99,2,9534,23,,,0,100,2,9535,23,,,0,100,2,9536,23,0,54,0
1700,'65040',708,2,10074,40,,,0,36,2,10075,40,,,0,73,2,10076,40,,,0,90,2,10077,40,,,0,100,2,10078,40,,,0,100,2,10079,40,,,0,41,2,10080,40,,,0,101,2,10081,40,,,0,101,2,10082,40,,,0,101,2,10083,40,,,0,98,,10084,40,4,,0,90,2,10085,40,,,0,87,,10086,40,4,,0,82,,10087,40,4,,0,106,,10088,40,4,,0,91,,10089,40,4,,0,48,2,10090,40,,,0,66,,10091,40,4,,0,98,,10092,40,4,,0
1700,'65041',808,,10102,40,4,,0,113,,10093,40,4,,0,99,,10094,40,4,,0,100,,10095,40,4,,0,95,,10096,40,4,,0,100,,10097,40,4,,0,101,,10098,40,4,,0,100,,10099,40,4,,0,99,,10100,40,4,,0,101,,10101,40,4,,0,99,,10103,40,4,,0,93,,10104,40,4,,0,101,,10105,40,4,,0,100,,10106,40,4,,0,99,,10107,40,4,,0
1700,'65042',808,,10117,40,4,,0,113,,10108,40,4,,0,99,,10109,40,4,,0,100,,10110,40,4,,0,95,,10111,40,4,,0,100,,10112,40,4,,0,101,,10113,40,4,,0,100,,10114,40,4,,0,99,,10115,40,4,,0,101,,10116,40,4,,0,99,,10118,40,4,,0,93,,10119,40,4,,0,101,,10120,40,4,,0,100,,10121,40,4,,0,99,,10122,40,4,,0
2601,'65040',633,,10606,1,,,2,17,11,10593,1,,,2,70,14,10592,1,,,2,30,26,10590,1,,,2,70,64,10594,1,,,2,31,2,10591,1,,,2,598,,10596,1,,,2,70,8,10595,1,,,2,29,7,10598,1,,,2,70,7,10597,1,,,2,31,8,10601,1,,,2,70,8,10599,1,,,2,30,8,10600,1,,,2,70,8,10604,1,,,2,31,2,10603,1,,,2,69,18,10605,1,,,2,31,2,10602,1,,,2
3601,'65040',633,,10695,1,,,2,19,,10682,1,,,2,69,2,10689,1,,,2,30,2,10680,1,,,2,70,2,10694,1,,,2,24,19,10681,1,,,2,60,49,10685,1,,,2,100,59,10684,1,,,2,100,59,10683,1,,,2,100,59,10688,1,,,2,100,59,10686,1,,,2,45,4,10691,1,,,2,85,9,10687,1,,,2,69,,10693,1,,,2,30,16,10690,1,,,2,71,56,10692,1,,,2,30,16,10704,1,,,2,70,56,10697,1,,,2,30,17,10696,1,,,2,85,2,10699,1,,,2,101,2,10698,1,,,2,100,2,10700,1,,,2,104,66,10701,1,,,2,85,52,10703,1,,,2,46,12,10702,1,,,2
5500,'65040',714,4,10946,6,,,2,124,4,10952,6,,,2,112,4,10948,6,,,2,156,4,10955,6,,,2,117,4,10949,6,,,2,115,4,10953,6,,,2,118,4,10950,6,,,2,156,4,10954,6,,,2,123,4,10947,6,,,2,110,4,10951,6,0,5 6 2 66,2
5500,'65041',818,3,10961,6,,,2,110,3,10963,6,,,2,110,3,10962,6,,,2,110,3,10960,6,,,2,153,43,10959,6,,,2,110,3,10958,6,,,2,110,3,10957,6,,,2,108,5,10956,6,0,5 6 2 66,2
5500,'65042',818,3,10969,6,,,2,110,3,10971,6,,,2,110,3,10970,6,,,2,110,3,10968,6,,,2,153,43,10967,6,,,2,110,3,10966,6,,,2,110,3,10965,6,,,2,108,5,10964,6,0,5 6 2 66,2
5700,'65040',904,,11002,1,,,2,99,45,11000,1,,,2,123,5,11001,1,,,2,105,5,10998,1,,,2,121,5,11003,1,,,2,105,5,10999,1,,,2,160,5,11004,1,,,2
5700,'65041',1109,,11010,1,,,2,113,9,11009,1,,,2,102,9,11008,1,,,2,112,8,11007,1,,,2,102,8,11006,1,,,2,112,9,11005,1,0,56,2
5700,'65042',1109,,11016,1,,,2,113,9,11015,1,,,2,102,9,11014,1,,,2,112,8,11013,1,,,2,102,8,11012,1,,,2,112,9,11011,1,0,56,2
45301,'65040',1312,2,11102,4,,,2,530,,11104,4,,,2
90700,'65040',645,,11508,40,4,,0
91700,'65040',612,2,11523,40,,,0,1703,,11524,40,4,,0
91700,'65041',704,,11525,40,4,,0
91700,'65042',704,,11526,40,4,,0
