301,'65040',541,,8244,3,,,0,67,,8245,3,,,0,15,,8246,3,,,0,24,,8247,3,,,0,55,,8251,3,,,0,15,,8248,3,,,0,15,,8249,3,,,0,15,,8250,3,,,0,57,,8252,3,,,0,13,,8260,3,,,0,20,,8253,3,,,0,20,,8254,3,,,0,59,,8255,3,,,0,21,,8256,3,,,0,19,,8257,3,,,0,62,,8258,3,,,0,20,,8259,3,,,0,19,,8261,3,,,0,60,,8262,3,,,0,21,,8263,3,,,0,20,,8264,3,,,0,60,,8265,3,,,0,21,,8266,3,,,0,20,,8267,3,,,0,60,,8268,3,,,0,20,,8269,3,,,0,19,,8270,3,,,0,61,,8271,3,,,0,19,,8272,3,,,0,13,,8294,3,,,0,56,,8273,3,,,0,17,,8274,3,,,0,12,,8275,3,,,0,16,,8276,3,,,0,54,,8277,3,,,0,15,,8278,3,,,0,15,,8279,3,,,0,15,,8293,3,,,0,55,,8280,3,,,0,16,,8281,3,,,0,19,,8282,3,,,0,17,,8283,3,,,0,69,,8284,3,,,0,15,,8285,3,,,0,70,,8286,3,,,0,30,,8287,3,,,0,71,,8288,3,,,0,33,,8289,3,,,0,67,,8290,3,,,0,30,,8295,3,,,0,64,,8291,3,,,0,100,,8292,3,,,0
301,'65041',611,,8313,3,,,0,30,,8314,3,,,0,71,,8315,3,,,0,29,,8316,3,,,0,69,,8317,3,,,0,25,,8312,3,,,0,69,,8296,3,,,0,30,,8297,3,,,0,70,,8298,3,,,0,30,,8299,3,,,0,70,,8300,3,,,0,30,,8301,3,,,0,70,,8302,3,,,0,30,,8303,3,,,0,70,,8304,3,,,0,30,,8305,3,,,0,70,,8306,3,,,0,30,,8307,3,,,0,69,,8308,3,,,0,32,,8309,3,,,0,70,,8310,3,,,0,30,,8311,3,,,0,70,,8318,3,,,0,31,,8319,3,,,0,72,,8320,3,,,0,34,,8326,3,,,0,70,,8321,3,,,0,30,,8327,3,,,0,70,,8322,3,,,0,100,,8323,3,,,0,100,,8324,3,,,0,100,,8325,3,,,0
301,'65042',611,,8345,3,,,0,30,,8346,3,,,0,71,,8347,3,,,0,29,,8348,3,,,0,69,,8349,3,,,0,25,,8344,3,,,0,69,,8328,3,,,0,30,,8329,3,,,0,70,,8330,3,,,0,30,,8331,3,,,0,70,,8332,3,,,0,30,,8333,3,,,0,70,,8334,3,,,0,30,,8335,3,,,0,70,,8336,3,,,0,30,,8337,3,,,0,70,,8338,3,,,0,30,,8339,3,,,0,69,,8340,3,,,0,32,,8341,3,,,0,70,,8342,3,,,0,30,,8343,3,,,0,70,,8350,3,,,0,31,,8351,3,,,0,72,,8352,3,,,0,34,,8358,3,,,0,70,,8353,3,,,0,30,,8359,3,,,0,70,,8354,3,,,0,100,,8355,3,,,0,100,,8356,3,,,0,100,,8357,3,,,0
2500,'65040',634,,10524,3,0,48 49 50,2,14,,10534,3,0,46 3 47,2,69,,10526,3,0,48 49 50,2,31,,10528,3,0,46 3 47,2,52,,10533,3,0,48 49 50,2,31,,10531,3,0,46 3 47,2,12,,10532,3,0,48 49 50,2,657,,10535,3,0,46 3 47,2,12,,10540,3,0,48 49 50,2,31,,10537,3,0,48 49 50,2,71,,10539,3,0,46 3 47,2,12,,10544,3,0,48 49 50,2,31,,10548,3,0,46 3 47,2,52,,10545,3,0,48 49 50,2,31,,10542,3,0,46 3 47,2,12,,10547,3,0,48 49 50,2,54,,10541,3,0,46 3 47,2
5501,'65040',715,,10979,3,,,2,123,,10972,3,,,2,115,,10980,3,,,2,153,,10973,3,,,2,117,,10981,3,,,2,118,,10974,3,,,2,113,,10977,3,,,2,163,,10975,3,,,2,115,,10978,3,,,2,116,,10976,3,0,5 6 2 65,2
5501,'65041',815,,10989,3,,,2,111,,10988,3,,,2,110,,10987,3,,,2,110,,10986,3,,,2,110,,10985,3,,,2,150,,10984,3,,,2,109,,10982,3,,,2,113,,10983,3,0,5 6 2 65,2
5501,'65042',815,,10997,3,,,2,111,,10996,3,,,2,110,,10995,3,,,2,110,,10994,3,,,2,110,,10993,3,,,2,150,,10992,3,,,2,109,,10990,3,,,2,113,,10991,3,0,5 6 2 65,2
5701,'65040',853,,11020,4,,,2,163,,11022,4,,,2,103,,11018,4,,,2,123,,11021,4,,,2,105,,11019,4,,,2,160,,11023,4,,,2,105,,11017,4,,,2
5701,'65041',1117,,11029,4,,,2,102,,11028,4,,,2,113,,11027,4,,,2,102,,11026,4,,,2,111,,11025,4,,,2,113,,11024,4,0,56,2
5701,'65042',1117,,11035,4,,,2,102,,11034,4,,,2,113,,11033,4,,,2,102,,11032,4,,,2,111,,11031,4,,,2,113,,11030,4,0,56,2
