101,'65040',652,,7964,17,,,0,59,,7965,17,,,0,22,,7966,17,,,0,20,,7977,17,0,5 6 2 65,0,74,,7978,17,0,5 6 2 65,0,95,,7967,17,,,0,100,,7968,17,,,0,100,,7969,17,,,0,99,,7970,17,,,0,100,,7971,17,,,0,100,,7972,17,,,0,38,,7979,17,0,5 6 2 65,0,70,,7980,17,0,5 6 2 65,0,26,,7973,17,,,0,73,,7981,17,0,5 6 2 65,0,27,,7982,17,0,5 6 2 65,0,60,,7983,17,0,5 6 2 65,0,25,,7976,17,,,0,70,,7985,17,0,5 6 2 65,0,105,,7984,17,0,5 6 2 65,0,86,,7975,17,,,0,105,,7974,17,,,0,49,,7986,17,0,5 6 2 65,0
101,'65041',816,,7998,17,0,5 6 2 65,0,121,,7989,17,0,5 6 2 65,0,101,,7990,17,0,5 6 2 65,0,100,,7991,17,0,5 6 2 65,0,99,,7992,17,0,5 6 2 65,0,99,,7993,17,0,5 6 2 65,0,99,,7994,17,0,5 6 2 65,0,101,,7995,17,0,5 6 2 65,0,102,,7996,17,0,5 6 2 65,0,82,,7997,17,0,5 6 2 65,0,95,,7999,17,0,5 6 2 65,0
101,'65042',816,,8009,17,0,5 6 2 65,0,121,,8000,17,0,5 6 2 65,0,101,,8001,17,0,5 6 2 65,0,100,,8002,17,0,5 6 2 65,0,99,,8003,17,0,5 6 2 65,0,99,,8004,17,0,5 6 2 65,0,99,,8005,17,0,5 6 2 65,0,101,,8006,17,0,5 6 2 65,0,102,,8007,17,0,5 6 2 65,0,82,,8008,17,0,5 6 2 65,0,95,,8010,17,0,5 6 2 65,0
401,'65040',645,,8456,26,,,0,61,,8457,26,,,0,17,,8458,26,,,0,35,,8459,26,,,0,74,,8460,26,,,0,22,,8461,26,,,0,74,,8462,26,,,0,91,,8463,26,,,0,100,,8464,26,,,0,100,,8480,26,,,0,99,,8479,26,,,0,40,,8478,26,,,0,146,,8477,26,0,5 6 2 70,0,24,,8476,26,,,0,30,,8475,26,,,0,70,,8474,26,,,0,29,,8473,26,,,0,59,,8472,26,,,0,31,,8471,26,,,0,74,,8470,26,,,0,81,,8469,26,,,0,45,,8468,26,,,0,69,,8467,26,,,0,31,,8466,26,,,0,72,,8465,26,,,0,92,,8481,26,0,5 6 2 70,0
401,'65041',817,,8516,26,,,0,39,,8530,26,,,0,85,,8508,26,,,0,100,,8509,26,,,0,100,,8510,26,,,0,100,,8511,26,,,0,101,,8512,26,,,0,100,,8513,26,,,0,100,,8514,26,,,0,100,,8515,26,,,0,99,,8529,26,,,0,61,,8520,26,,,0,22,,8521,26,,,0
401,'65042',817,,8547,26,,,0,39,,8561,26,,,0,85,,8539,26,,,0,100,,8540,26,,,0,100,,8541,26,,,0,100,,8542,26,,,0,101,,8543,26,,,0,100,,8544,26,,,0,100,,8545,26,,,0,100,,8546,26,,,0,99,,8560,26,,,0,61,,8551,26,,,0,22,,8552,26,,,0
5501,'65040',731,,10979,34,,,2,123,,10972,34,,,2,155,,10980,34,,,2,113,,10973,34,,,2,117,,10981,34,,,2,118,,10974,34,,,2,153,,10977,34,,,2,123,,10975,34,,,2,115,,10978,34,,,2,156,,10976,34,0,5 6 2 65,2
5501,'65041',831,,10989,34,,,2,110,,10988,34,,,2,110,,10987,34,,,2,150,,10986,34,,,2,110,,10985,34,,,2,110,,10984,34,,,2,109,,10982,34,,,2,112,,10983,34,0,5 6 2 65,2
5501,'65042',831,,10997,34,,,2,110,,10996,34,,,2,110,,10995,34,,,2,150,,10994,34,,,2,110,,10993,34,,,2,110,,10992,34,,,2,109,,10990,34,,,2,112,,10991,34,0,5 6 2 65,2
90401,'65040',615,,11492,33,,,0,1702,,11493,33,,,0
90401,'65041',618,,11494,33,,,0,101,,11495,33,,,0,1200,,11496,33,,,0,100,,11497,33,,,0,100,,11498,33,,,0,99,,11499,33,,,0,101,,11500,33,,,0
90401,'65042',618,,11501,33,,,0,101,,11502,33,,,0,1200,,11503,33,,,0,100,,11504,33,,,0,100,,11505,33,,,0,99,,11506,33,,,0,101,,11507,33,,,0
90801,'65040',2441,,11509,34,,,0
90801,'65041',2441,,11510,34,,,0
90801,'65042',2441,,11511,34,,,0
