700,'65040',606,,8806,3,,,0,19,,8841,3,0,5 6 2 69,0,17,,8807,3,,,0,61,,8808,11,,,0,14,,8842,3,0,5 6 2 69,0,19,,8809,11,,,0,10,,8843,3,0,5 6 2 69,0,58,,8810,3,,,0,16,,8844,3,0,5 6 2 69,0,19,,8811,11,,,0,63,,8812,3,,,0,26,,8813,3,,,0,17,,8845,3,0,5 6 2 69,0,64,,8814,3,,,0,18,,8815,3,,,0,20,,8846,11,0,5 6 2 69,0,60,,8816,11,,,0,20,,8817,11,,,0,13,,8847,3,0,5 6 2 69,0,63,,8818,3,,,0,23,,8819,11,,,0,15,,8848,3,0,5 6 2 69,0,61,,8820,3,,,0,23,,8821,11,,,0,16,,8822,3,,,0,61,,8823,3,,,0,26,,8824,11,,,0,17,,8825,3,,,0,60,,8826,3,,,0,26,,8827,3,,,0,18,,8828,3,,,0,68,,8829,3,,,0,20,,8849,11,0,5 6 2 69,0,17,,8830,11,,,0,66,,8831,3,,,0,33,,8832,11,,,0,70,,8833,3,,,0,28,,8834,3,,,0,71,,8835,3,,,0,35,,8836,3,,,0,65,,8837,3,,,0,31,,8838,3,,,0,82,,8839,11,,,0,69,,8840,3,,,0,104,,8850,11,,,0
700,'65041',602,,8865,3,0,5 6 2 69,0,102,,8866,3,,,0,55,,8877,11,,,0,64,,8876,3,0,5 6 2 69,0,31,,8878,3,,,0,70,,8875,3,0,5 6 2 69,0,29,,8851,3,,,0,70,,8858,3,0,5 6 2 69,0,30,,8852,3,,,0,70,,8859,3,0,5 6 2 69,0,30,,8853,3,,,0,70,,8860,3,0,5 6 2 69,0,30,,8854,3,,,0,70,,8861,3,0,5 6 2 69,0,30,,8855,3,,,0,70,,8862,3,0,5 6 2 69,0,30,,8856,3,,,0,70,,8863,3,0,5 6 2 69,0,30,,8857,3,0,5 6 2 69,0,70,,8864,3,0,5 6 2 69,0,30,,8867,3,0,5 6 2 69,0,70,,8868,3,0,5 6 2 69,0,82,,8872,11,,,0,96,,8874,3,,,0,101,,8873,11,,,0,101,,8869,11,,,0,100,,8870,11,,,0,100,,8871,11,,,0
700,'65042',602,,8893,3,0,5 6 2 69,0,102,,8894,3,,,0,55,,8905,11,,,0,64,,8904,3,0,5 6 2 69,0,31,,8906,3,,,0,70,,8903,3,0,5 6 2 69,0,29,,8879,3,,,0,70,,8886,3,0,5 6 2 69,0,30,,8880,3,,,0,70,,8887,3,0,5 6 2 69,0,30,,8881,3,,,0,70,,8888,3,0,5 6 2 69,0,30,,8882,3,,,0,70,,8889,3,0,5 6 2 69,0,30,,8883,3,,,0,70,,8890,3,0,5 6 2 69,0,30,,8884,3,,,0,70,,8891,3,0,5 6 2 69,0,30,,8885,3,0,5 6 2 69,0,70,,8892,3,0,5 6 2 69,0,30,,8895,3,0,5 6 2 69,0,70,,8896,3,0,5 6 2 69,0,82,,8900,11,,,0,96,,8902,3,,,0,101,,8901,11,,,0,101,,8897,11,,,0,100,,8898,11,,,0,100,,8899,11,,,0
701,'65040',824,,8918,46,,,0,20,,8919,46,,,0,190,,8924,46,,,0,81,,8909,33,,,0,99,,8910,33,,,0,99,,8911,33,,,0,103,,8912,33,,,0,207,,8936,46,,,0,15,,8937,46,,,0,100,,8914,33,,,0,385,,8947,46,,,0,134,,8950,46,,,0
701,'65041',748,,8970,33,,,0,1006,,8971,33,,,0,197,,8982,46,,,0,101,,8973,46,,,0,100,,8974,46,,,0,99,,8975,46,,,0
701,'65042',748,,9000,33,,,0,1006,,9001,33,,,0,197,,9012,46,,,0,101,,9003,46,,,0,100,,9004,46,,,0,99,,9005,46,,,0
1100,'65040',559,,9378,3,0,22 23 2 67,0,82,,9365,3,,,0,68,,9345,24,,,0,15,,9366,3,,,0,17,,9371,3,0,22 23 2 67,0,15,,9346,24,,,0,65,,9347,24,,,0,36,,9367,3,,,0,71,,9348,24,,,0,26,,9368,3,,,0,75,,9349,24,,,0,28,,9372,3,0,22 23 2 67,0,71,,9350,24,,,0,24,,9373,3,0,22 23 2 67,0,75,,9351,24,,,0,25,,9374,3,0,22 23 2 67,0,75,,9352,24,,,0,24,,9369,3,,,0,77,,9353,24,,,0,29,,9370,3,,,0,70,,9354,24,,,0,27,,9355,24,,,0,71,,9356,24,,,0,31,,9357,24,,,0,70,,9358,24,,,0,32,,9359,24,,,0,71,,9376,24,0,22 23 2 67,0,71,,9360,24,,,0,34,,9377,24,0,22 23 2 67,0,79,,9361,24,,,0,27,,9375,3,0,22 23 2 67,0,73,,9362,24,,,0,104,,9363,24,,,0,101,,9364,24,0,57,0,91,,9379,24,0,22 23 2 67,0
1100,'65041',705,,9395,3,,,0,99,,9396,24,,,0,33,,9397,3,,,0,69,,9380,24,,,0,30,,9381,24,,,0,17,,9388,3,,,0,70,,9382,24,,,0,30,,9389,3,,,0,70,,9383,24,,,0,30,,9390,3,,,0,71,,9384,24,,,0,29,,9391,3,,,0,71,,9385,24,,,0,29,,9392,3,,,0,71,,9386,24,,,0,29,,9393,3,,,0,71,,9387,24,,,0,29,,9394,3,,,0,71,,9398,24,,,0,30,,9399,24,,,0,91,,9400,3,0,22 23 2 67,0,62,,9401,24,,,0,99,,9402,24,,,0,100,,9403,24,,,0,100,,9404,24,,,0,100,,9405,24,,,0,99,,9406,24,,,0,100,,9407,24,0,22 23 2 67,0
1100,'65042',705,,9423,3,,,0,99,,9424,24,,,0,33,,9425,3,,,0,69,,9408,24,,,0,30,,9409,24,,,0,17,,9416,3,,,0,70,,9410,24,,,0,30,,9417,3,,,0,70,,9411,24,,,0,30,,9418,3,,,0,71,,9412,24,,,0,29,,9419,3,,,0,71,,9413,24,,,0,29,,9420,3,,,0,71,,9414,24,,,0,29,,9421,3,,,0,71,,9415,24,,,0,29,,9422,3,,,0,71,,9426,24,,,0,30,,9427,24,,,0,91,,9428,3,0,22 23 2 67,0,62,,9429,24,,,0,99,,9430,24,,,0,100,,9431,24,,,0,100,,9432,24,,,0,100,,9433,24,,,0,99,,9434,24,,,0,100,,9435,24,0,22 23 2 67,0
1101,'65040',555,,9457,27,,,0,70,,9458,27,,,0,91,,9436,60,,,0,35,,9437,60,,,0,106,,9438,60,,,0,156,,9439,60,,,0,100,,9440,60,,,0,101,,9441,60,,,0,100,,9442,60,,,0,103,,9443,60,,,0,99,,9444,60,,,0,30,,9445,60,,,0,72,,9446,60,,,0,30,,9447,60,,,0,71,,9448,60,,,0,30,,9449,60,,,0,68,,9450,60,,,0,28,,9451,60,,,0,99,,9452,60,,,0,100,,9453,60,,,0,110,,9454,60,,,0,96,,9455,60,,,0,103,,9456,60,,,0
1101,'65041',650,,9495,27,,,0,88,,9496,27,,,0,102,,9494,60,,,0,69,,9477,38,,,0,115,,9478,60,,,0,100,,9479,60,,,0,100,,9480,60,,,0,100,,9481,60,,,0,100,,9482,60,,,0,100,,9483,60,,,0,100,,9484,60,,,0,100,,9485,60,,,0,86,,9498,60,,,0,43,,9500,60,,,0,99,,9501,60,,,0,100,,9502,60,,,0,99,,9503,60,,,0,97,,9504,60,,,0,99,,9505,60,,,0
1101,'65042',650,,9525,27,,,0,88,,9526,27,,,0,102,,9524,60,,,0,69,,9507,38,,,0,115,,9508,60,,,0,100,,9509,60,,,0,100,,9510,60,,,0,100,,9511,60,,,0,100,,9512,60,,,0,100,,9513,60,,,0,100,,9514,60,,,0,100,,9515,60,,,0,86,,9528,60,,,0,43,,9530,60,,,0,99,,9531,60,,,0,100,,9532,60,,,0,99,,9533,60,,,0,97,,9534,60,,,0,99,,9535,60,,,0
90700,'65040',620,,11508,3,,,0
