100,'65040',638,,7918,8,,,0,80,,7919,8,,,0,20,,7920,8,,,0,74,,7921,8,,,0,94,,7922,34,,,0,100,,7923,34,,,0,100,,7924,34,,,0,99,,7925,34,,,0,100,,7926,34,,,0,100,,7927,34,,,0,38,,7936,8,,,0,70,,7937,8,,,0,26,,7938,8,,,0,73,,7939,8,,,0,27,,7940,8,,,0,20,,7928,34,,,0,66,,7929,34,,,0,31,,7930,34,,,0,145,,7941,8,,,0,47,,7931,34,,,0,105,,7932,34,,,0,89,,7933,34,,,0
100,'65041',924,,7942,8,,,0,100,,7943,8,,,0,100,,7944,8,,,0,99,,7945,8,,,0,99,,7946,8,,,0,99,,7947,8,,,0,101,,7948,8,,,0,102,,7949,8,,,0,82,,7950,8,,,0,95,,7952,8,,,0
100,'65042',924,,7953,8,,,0,100,,7954,8,,,0,100,,7955,8,,,0,99,,7956,8,,,0,99,,7957,8,,,0,99,,7958,8,,,0,101,,7959,8,,,0,102,,7960,8,,,0,82,,7961,8,,,0,95,,7963,8,,,0
400,'65040',642,,8360,8,,,0,15,,8361,29,,,0,75,,8362,8,,,0,74,,8363,8,,,0,22,,8364,29,,,0,74,,8365,29,,,0,51,,8366,29,,,0,100,,8367,29,,,0,100,,8368,29,,,0,99,,8369,29,,,0,80,,8370,29,,,0,106,,8371,29,,,0,64,,8372,29,,,0,30,,8373,29,,,0,70,,8374,29,,,0,30,,8375,29,,,0,19,,8376,29,,,0,71,,8377,29,,,0,35,,8378,29,,,0,81,,8379,29,,,0,85,,8380,29,,,0,29,,8381,29,,,0,71,,8382,29,,,0,32,,8383,29,,,0,92,,8384,29,,,0
400,'65041',831,,8427,29,,,0,85,,8408,29,,,0,101,,8409,29,,,0,100,,8410,29,,,0,100,,8411,29,,,0,100,,8412,29,,,0,100,,8413,29,,,0,100,,8414,29,,,0,100,,8415,29,,,0,100,,8425,29,,,0,21,,8417,29,,,0,62,,8418,29,,,0,42,,8419,29,,,0
400,'65042',831,,8455,29,,,0,85,,8436,29,,,0,101,,8437,29,,,0,100,,8438,29,,,0,100,,8439,29,,,0,100,,8440,29,,,0,100,,8441,29,,,0,100,,8442,29,,,0,100,,8443,29,,,0,100,,8453,29,,,0,21,,8445,29,,,0,62,,8446,29,,,0,42,,8447,29,,,0
5500,'65040',809,,10946,85,,,2,118,,10952,85,,,2,111,,10948,85,,,2,115,,10955,85,,,2,159,,10949,85,,,2,114,,10953,85,,,2,122,,10950,85,,,2,157,,10954,85,,,2,116,,10947,85,,,2
5500,'65041',902,,10961,85,,,2,111,,10963,85,,,2,111,,10962,85,,,2,110,,10960,85,,,2,113,,10959,85,,,2,110,,10958,85,,,2,153,,10957,85,,,2
5500,'65042',902,,10969,85,,,2,111,,10971,85,,,2,111,,10970,85,,,2,110,,10968,85,,,2,113,,10967,85,,,2,110,,10966,85,,,2,153,,10965,85,,,2
90400,'65040',2212,,11474,8,0,7 8 1 9,0,28,,11475,8,0,7 8 1 9,0,100,,11476,8,0,7 8 1 9,0,106,,11477,8,,,0
90400,'65041',733,,11484,8,0,7 8 1 9,0,1201,,11483,8,0,7 8 1 9,0,101,,11479,8,0,7 8 1 9,0,101,,11481,8,0,7 8 1 9,0,100,,11480,8,0,7 8 1 9,0,98,,11482,8,0,7 8 1 9,0,112,,11478,8,,,0
90400,'65042',733,,11491,8,0,7 8 1 9,0,1201,,11490,8,0,7 8 1 9,0,101,,11486,8,0,7 8 1 9,0,101,,11488,8,0,7 8 1 9,0,100,,11487,8,0,7 8 1 9,0,98,,11489,8,0,7 8 1 9,0,112,,11485,8,,,0
