700,'65030',607,,4944,3,,,0,16,,4945,3,0,5 6,0,19,,4946,3,,,0,58,,4947,3,,,0,15,,4948,3,0,5 6,0,5,,4949,11,,,0,7,,4950,3,,,0,6,,4951,11,0,5 6,0,8,,4952,3,,,0,6,,4953,3,0,5 6,0,11,,4954,11,,,0,61,,4955,3,,,0,17,,4956,3,0,5 6,0,16,,4963,3,,,0,67,,4970,3,,,0,17,,4957,3,0,5 6,0,20,,4964,3,,,0,62,,4971,3,,,0,19,,4958,3,0,5 6,0,19,,4965,3,,,0,62,,4972,3,,,0,18,,4959,3,0,5 6,0,20,,4966,3,,,0,62,,4973,11,,,0,20,,4960,3,0,5 6,0,18,,4967,3,,,0,61,,4974,11,,,0,20,,4961,3,0,5 6,0,19,,4968,3,,,0,61,,4975,3,,,0,18,,4962,3,,,0,20,,4969,3,,,0,63,,4976,11,,,0,20,,4977,3,,,0,71,,4978,3,,,0,25,,4979,11,,,0,76,,4980,3,,,0,32,,4981,11,,,0,65,,4982,11,,,0,20,,4983,11,,,0,28,,4984,3,,,0,75,,4985,3,,,0,26,,4986,3,,,0,74,,4987,11,,,0,25,,4988,3,,,0,76,,4989,11,,,0,76,,4990,3,,,0,101,,4991,11,,,0
700,'65031',607,,5009,3,0,5 6,0,97,,5010,3,,,0,98,,5011,11,,,0,34,,5000,3,0,5 6,0,70,,4992,11,,,0,21,,5001,3,0,5 6,0,30,,4993,3,,,0,71,,5002,3,0,5 6,0,29,,4994,3,,,0,66,,5003,3,0,5 6,0,34,,4995,3,,,0,70,,5004,3,0,5 6,0,30,,4996,3,,,0,70,,5005,3,0,5 6,0,30,,4997,3,,,0,70,,5006,3,0,5 6,0,30,,4998,3,,,0,70,,5007,3,0,5 6,0,30,,4999,3,0,5 6,0,75,,5008,3,0,5 6,0,70,,5012,3,0,5 6,0,32,,5013,3,0,5 6,0,68,,5014,11,,,0,102,,5015,11,,,0,100,,5016,11,,,0,102,,5017,11,,,0,100,,5018,11,,,0,99,,5019,11,,,0
700,'65032',607,,5037,3,0,5 6,0,97,,5038,3,,,0,98,,5039,11,,,0,34,,5028,3,0,5 6,0,70,,5020,11,,,0,21,,5029,3,0,5 6,0,30,,5021,3,,,0,71,,5030,3,0,5 6,0,29,,5022,3,,,0,66,,5031,3,0,5 6,0,34,,5023,3,,,0,70,,5032,3,0,5 6,0,30,,5024,3,,,0,70,,5033,3,0,5 6,0,30,,5025,3,,,0,70,,5034,3,0,5 6,0,30,,5026,3,,,0,70,,5035,3,0,5 6,0,30,,5027,3,0,5 6,0,75,,5036,3,0,5 6,0,70,,5040,3,0,5 6,0,32,,5041,3,0,5 6,0,68,,5042,11,,,0,102,,5043,11,,,0,100,,5044,11,,,0,102,,5045,11,,,0,100,,5046,11,,,0,99,,5047,11,,,0
701,'65030',906,,5054,46,,,0,128,,5058,46,,,0,200,,5060,46,,,0,101,,5061,46,,,0,97,,5062,46,,,0,195,,5078,46,,,0,73,,5079,46,,,0,30,,5081,46,,,0,26,,5082,46,,,0,60,,5083,46,,,0,209,,5089,46,,,0,95,,5091,46,,,0,137,,5098,46,,,0
701,'65031',749,,5117,33,,,0,101,,5118,33,,,0,902,,5119,33,,,0,92,,5121,33,,,0,69,,5129,33,,,0,40,,5122,46,,,0,100,,5123,46,,,0,99,,5124,46,,,0,99,,5125,46,,,0
701,'65032',749,,5147,33,,,0,101,,5148,33,,,0,902,,5149,33,,,0,92,,5151,33,,,0,69,,5159,33,,,0,40,,5152,46,,,0,100,,5153,46,,,0,99,,5154,46,,,0,99,,5155,46,,,0
1100,'65030',555,,5563,3,0,22 23,0,61,,5578,3,0,22 23,0,26,,5519,24,,,0,67,,5520,24,,,0,16,,5524,3,,,0,17,,5567,24,0,22 23,0,6,,5566,3,0,22 23,0,52,,5521,24,,,0,9,,5565,3,0,22 23,0,13,,5522,24,,,0,16,,5564,3,0,22 23,0,64,,5523,24,,,0,15,,5571,3,0,22 23,0,13,,5525,24,,,0,15,,5568,3,0,22 23,0,56,,5526,24,,,0,13,,5572,3,0,22 23,0,18,,5527,24,,,0,13,,5560,3,0,22 23,0,57,,5528,24,,,0,12,,5573,3,0,22 23,0,16,,5529,24,,,0,11,,5561,3,0,22 23,0,17,,5530,24,,,0,55,,5559,3,0,22 23,0,16,,5531,24,,,0,16,,5562,3,0,22 23,0,55,,5532,24,,,0,15,,5557,3,0,22 23,0,17,,5533,24,,,0,14,,5558,3,0,22 23,0,55,,5534,24,,,0,13,,5576,3,,,0,16,,5535,24,,,0,13,,5554,3,0,22 23,0,57,,5536,24,,,0,13,,5556,3,0,22 23,0,17,,5537,24,,,0,5,,5552,3,0,22 23,0,9,,5555,3,0,22 23,0,12,,5538,24,,,0,53,,5549,3,,,0,15,,5539,24,,,0,14,,5574,3,0,22 23,0,15,,5540,24,,,0,60,,5577,3,0,22 23,0,16,,5541,24,,,0,12,,5575,3,0,22 23,0,59,,5542,24,,,0,12,,5553,3,0,22 23,0,14,,5569,24,,,0,33,,5543,24,,,0,70,,5544,24,,,0,83,,5545,24,,,0,32,,5550,3,,,0,69,,5546,24,,,0,27,,5551,3,0,24 1 25,0,76,,5547,24,,,0,100,,5548,24,0,24 1 25,0,90,,5570,24,0,22 23,0
1100,'65031',706,,5594,3,,,0,102,,5595,24,,,0,29,,5596,3,,,0,68,,5579,24,,,0,32,,5580,24,,,0,70,,5587,3,,,0,30,,5581,24,,,0,20,,5588,3,,,0,72,,5582,24,,,0,27,,5589,3,,,0,70,,5583,24,,,0,32,,5590,3,,,0,74,,5584,24,,,0,25,,5591,3,,,0,75,,5585,24,,,0,25,,5592,3,,,0,78,,5586,24,,,0,22,,5593,3,,,0,78,,5597,24,,,0,68,,5598,24,,,0,42,,5599,3,0,22 23,0,63,,5600,24,,,0,97,,5601,24,,,0,100,,5602,24,,,0,100,,5603,24,,,0,101,,5604,24,,,0,108,,5605,24,0,24 1 25,0
1100,'65032',706,,5621,3,,,0,102,,5622,24,,,0,29,,5623,3,,,0,68,,5606,24,,,0,32,,5607,24,,,0,70,,5614,3,,,0,30,,5608,24,,,0,20,,5615,3,,,0,72,,5609,24,,,0,27,,5616,3,,,0,70,,5610,24,,,0,32,,5617,3,,,0,74,,5611,24,,,0,25,,5618,3,,,0,75,,5612,24,,,0,25,,5619,3,,,0,78,,5613,24,,,0,22,,5620,3,,,0,78,,5624,24,,,0,68,,5625,24,,,0,42,,5626,3,0,22 23,0,63,,5627,24,,,0,97,,5628,24,,,0,100,,5629,24,,,0,100,,5630,24,,,0,101,,5631,24,,,0,108,,5632,24,0,24 1 25,0
1100,'65037',745,,5633,3,0,22 23,0,10,,5634,3,0,22 23,0
1101,'65030',556,,5635,27,,,0,69,,5636,27,,,0,93,,5637,60,,,0,33,,5638,60,,,0,68,,5693,60,,,0,15,,5639,60,,,0,68,,5640,60,,,0,26,,5641,60,,,0,25,,5642,60,,,0,68,,5643,60,,,0,30,,5644,60,,,0,71,,5645,60,,,0,31,,5646,60,,,0,70,,5647,60,,,0,30,,5648,60,,,0,69,,5649,60,,,0,30,,5650,60,,,0,70,,5651,60,,,0,30,,5652,60,,,0,74,,5653,60,,,0,30,,5654,60,,,0,77,,5665,60,,,0,70,,5666,60,,,0,28,,5667,60,,,0,70,,5668,60,,,0,29,,5669,60,,,0,20,,5670,60,,,0,71,,5671,60,,,0,28,,5672,60,,,0,100,,5673,60,,,0,106,,5674,60,,,0,98,,5675,60,,,0,103,,5676,60,,,0
1101,'65031',652,,5713,27,,,0,98,,5714,27,,,0,95,,5712,60,,,0,79,,5695,38,,,0,100,,5696,60,,,0,100,,5697,60,,,0,100,,5698,60,,,0,100,,5699,60,,,0,100,,5700,60,,,0,105,,5701,60,,,0,102,,5702,60,,,0,102,,5703,60,,,0,68,,5716,60,,,0,52,,5718,60,,,0,101,,5719,60,,,0,100,,5720,60,,,0,99,,5721,60,,,0,100,,5722,60,,,0,99,,5723,60,,,0
1101,'65032',652,,5742,27,,,0,98,,5743,27,,,0,95,,5741,60,,,0,79,,5724,38,,,0,100,,5725,60,,,0,100,,5726,60,,,0,100,,5727,60,,,0,100,,5728,60,,,0,100,,5729,60,,,0,105,,5730,60,,,0,102,,5731,60,,,0,102,,5732,60,,,0,68,,5745,60,,,0,52,,5747,60,,,0,101,,5748,60,,,0,100,,5749,60,,,0,99,,5750,60,,,0,100,,5751,60,,,0,99,,5752,60,,,0
90700,'65030',620,,7848,3,,,0
