1100,'65030',618,,5563,28,0,22 23,0,21,,5578,28,0,22 23,0,67,,5519,49,,,0,28,,5520,49,,,0,19,,5524,28,,,0,58,,5567,49,0,22 23,0,7,,5566,28,0,22 23,0,12,,5521,49,,,0,9,,5565,28,0,22 23,0,11,,5522,49,,,0,57,,5564,28,0,22 23,0,22,,5523,49,,,0,15,,5571,28,0,22 23,0,13,,5525,49,,,0,55,,5568,28,0,22 23,0,15,,5526,49,,,0,14,,5572,28,0,22 23,0,16,,5527,49,,,0,54,,5560,28,0,22 23,0,16,,5528,49,,,0,14,,5573,28,0,22 23,0,16,,5529,49,,,0,52,,5561,28,0,22 23,0,18,,5530,49,,,0,14,,5559,28,0,22 23,0,16,,5531,49,,,0,55,,5562,28,0,22 23,0,15,,5532,49,,,0,14,,5557,28,0,22 23,0,16,,5533,49,,,0,55,,5558,28,0,22 23,0,14,,5534,49,,,0,15,,5576,28,,,0,17,,5535,49,,,0,54,,5554,28,0,22 23,0,16,,5536,49,,,0,14,,5556,28,0,22 23,0,16,,5537,49,,,0,47,,5552,28,0,22 23,0,9,,5555,28,0,22 23,0,12,,5538,49,,,0,15,,5549,28,,,0,15,,5539,49,,,0,54,,5574,28,0,22 23,0,13,,5540,49,,,0,19,,5577,28,0,22 23,0,14,,5541,49,,,0,52,,5575,28,0,22 23,0,17,,5542,49,,,0,12,,5553,28,0,22 23,0,13,,5569,49,,,0,73,,5543,49,,,0,30,,5544,49,,,0,83,,5545,49,,,0,71,,5550,28,,,0,29,,5546,49,,,0,68,,5551,28,0,24 1 25,0,35,,5547,49,,,0,100,,5548,49,0,24 1 25,0,90,,5570,49,0,22 23,0
1100,'65031',730,,5594,28,,,0,99,,5595,49,,,0,73,,5596,28,,,0,25,,5579,49,,,0,32,,5580,49,,,0,74,,5587,28,,,0,26,,5581,49,,,0,64,,5588,28,,,0,28,,5582,49,,,0,71,,5589,28,,,0,26,,5583,49,,,0,76,,5590,28,,,0,30,,5584,49,,,0,69,,5591,28,,,0,31,,5585,49,,,0,69,,5592,28,,,0,34,,5586,49,,,0,66,,5593,28,,,0,34,,5597,49,,,0,67,,5598,49,,,0,86,,5599,28,0,22 23,0,19,,5600,49,,,0,97,,5601,49,,,0,100,,5602,49,,,0,100,,5603,49,,,0,100,,5604,49,,,0,108,,5605,49,0,24 1 25,0
1100,'65032',730,,5621,28,,,0,99,,5622,49,,,0,73,,5623,28,,,0,25,,5606,49,,,0,32,,5607,49,,,0,74,,5614,28,,,0,26,,5608,49,,,0,64,,5615,28,,,0,28,,5609,49,,,0,71,,5616,28,,,0,26,,5610,49,,,0,76,,5617,28,,,0,30,,5611,49,,,0,69,,5618,28,,,0,31,,5612,49,,,0,69,,5619,28,,,0,34,,5613,49,,,0,66,,5620,28,,,0,34,,5624,49,,,0,67,,5625,49,,,0,86,,5626,28,0,22 23,0,19,,5627,49,,,0,97,,5628,49,,,0,100,,5629,49,,,0,100,,5630,49,,,0,100,,5631,49,,,0,108,,5632,49,0,24 1 25,0
1100,'65037',814,,5633,28,0,22 23,0,11,,5634,28,0,22 23,0
1801,'65030',643,,6475,2,,,0,67,,6474,2,,,0,32,,6473,2,,,0,77,,6472,2,,,0,20,,6471,2,,,0,76,,6479,2,,,0,26,,6483,2,,,0,61,,6476,2,,,0,41,,6484,2,,,0,60,,6477,2,,,0,20,,6501,2,,,0,21,,6485,2,,,0,80,,6478,2,,,0,32,,6486,2,,,0,68,,6480,2,,,0,24,,6487,2,,,0,81,,6481,2,,,0,21,,6488,2,,,0,62,,6482,2,,,0,34,,6489,2,,,0,57,,6490,2,,,0,26,,6491,2,,,0,20,,6492,2,,,0,68,,6493,2,,,0,27,,6494,2,,,0,58,,6495,2,,,0,32,,6496,2,,,0,66,,6497,2,,,0,26,,6498,2,,,0,91,,6499,2,,,0,96,,6500,2,,,0
1801,'65031',822,,6510,2,,,0,95,,6502,2,,,0,99,,6503,2,,,0,101,,6504,2,,,0,100,,6505,2,,,0,100,,6506,2,,,0,100,,6507,2,,,0,100,,6508,2,,,0,100,,6509,2,,,0,104,,6511,2,,,0,90,,6512,2,,,0,45,,6513,2,,,0,100,,6514,2,,,0,100,,6515,2,,,0
1801,'65032',822,,6524,2,,,0,95,,6516,2,,,0,99,,6517,2,,,0,101,,6518,2,,,0,100,,6519,2,,,0,100,,6520,2,,,0,100,,6521,2,,,0,100,,6522,2,,,0,100,,6523,2,,,0,104,,6525,2,,,0,90,,6526,2,,,0,45,,6527,2,,,0,100,,6528,2,,,0,100,,6529,2,,,0
2401,'65030',642,,6750,2,,,0,71,,6751,2,,,0,35,,6752,2,,,0,69,,6753,2,,,0,35,,6754,2,,,0,71,,6755,2,,,0,31,,6756,2,,,0,71,,6757,2,,,0,31,,6758,2,,,0,71,,6759,2,,,0,31,,6760,2,,,0,71,,6761,2,,,0,71,,6762,2,,,0,31,,6763,2,,,0,71,,6764,2,,,0,31,,6765,2,,,0,71,,6778,2,,,0,33,,6767,2,,,0,76,,6768,2,,,0,35,,6769,2,,,0,80,,6770,2,,,0,74,,6771,2,,,0,35,,6772,2,,,0,75,,6773,2,,,0,35,,6774,2,,,0,75,,6775,2,,,0,80,,6776,2,,,0,32,,6777,2,,,0,81,,6766,2,,,0
2401,'65031',820,,6795,2,,,0,33,,6791,2,,,0,98,,6792,2,,,0,100,,6794,2,,,0,100,,6793,2,,,0,100,,6790,2,,,0,100,,6789,2,,,0,100,,6788,2,,,0,100,,6783,2,,,0,100,,6781,2,,,0,102,,6784,2,,,0,92,,6786,2,,,0,73,,6787,2,,,0,100,,6785,2,,,0,100,,6782,2,,,0,100,,6779,2,,,0,82,,6780,2,,,0
2401,'65032',820,,6812,2,,,0,33,,6808,2,,,0,98,,6809,2,,,0,100,,6811,2,,,0,100,,6810,2,,,0,100,,6807,2,,,0,100,,6806,2,,,0,100,,6805,2,,,0,100,,6800,2,,,0,100,,6798,2,,,0,102,,6801,2,,,0,92,,6803,2,,,0,73,,6804,2,,,0,100,,6802,2,,,0,100,,6799,2,,,0,100,,6796,2,,,0,82,,6797,2,,,0
45300,'65030',732,,7417,2,,,0,98,,7418,2,,,0,400,,7419,2,,,0,276,,7420,2,,,0,111,,7421,2,,,0,94,,7422,2,,,0,91,,7423,2,,,0
91801,'65030',610,,7870,2,,,0,1602,,7871,2,,,0,34,,7872,2,,,0
91801,'65031',2147,,7874,2,,,0,98,,7875,2,,,0,103,,7873,2,,,0
91801,'65032',2147,,7877,2,,,0,98,,7878,2,,,0,103,,7876,2,,,0
