800,'65030',619,,5160,10,,,1,16,,5212,10,,,1,11,,5161,10,,,1,61,,5162,10,,,1,9,,5163,10,,,1,13,,5164,10,,,1,14,,5165,10,,,1,15,,5166,10,,,1,55,,5167,10,,,1,15,,5168,10,,,1,23,,5169,10,,,1,61,,5170,10,,,1,20,,5171,10,,,1,20,,5172,10,,,1,60,,5173,10,,,1,20,,5174,10,,,1,20,,5175,10,,,1,60,,5176,10,,,1,20,,5177,10,,,1,19,,5178,10,,,1,60,,5179,10,,,1,21,,5180,10,,,1,21,,5181,10,,,1,61,,5182,10,,,1,18,,5183,10,,,1,20,,5184,10,,,1,62,,5185,10,,,1,17,,5186,10,,,1,19,,5187,10,,,1,50,,5188,10,,,1,14,,5189,10,,,1,15,,5190,10,,,1,13,,5191,10,,,1,15,,5192,10,,,1,47,,5193,10,,,1,7,,5194,10,,,1,10,,5195,10,,,1,13,,5196,10,,,1,18,,5197,10,,,1,60,,5198,10,,,1,15,,5199,10,,,1,24,,5200,10,,,1,58,,5201,10,,,1,18,,5202,10,,,1,23,,5203,10,,,1,70,,5204,10,,,1,30,,5205,10,,,1,70,,5206,10,,,1,30,,5207,10,,,1,76,,5208,10,,,1,25,,5209,10,,,1,68,,5210,10,,,1,100,,5211,10,,,1
800,'65031',619,,5229,10,,,1,101,,5230,10,,,1,29,,5231,10,,,1,69,,5232,10,,,1,19,,5233,10,,,1,71,,5213,10,,,1,30,,5214,10,,,1,69,,5215,10,,,1,30,,5216,10,,,1,69,,5217,10,,,1,30,,5218,10,,,1,70,,5219,10,,,1,30,,5220,10,,,1,70,,5221,10,,,1,30,,5222,10,,,1,69,,5223,10,,,1,30,,5224,10,,,1,70,,5225,10,,,1,31,,5226,10,,,1,71,,5227,10,,,1,29,,5228,10,,,1,70,,5234,10,,,1,32,,5235,10,,,1,70,,5242,10,,,1,22,,5236,10,,,1,25,,5243,10,,,1,63,,5237,10,,,1,101,,5238,10,,,1,100,,5239,10,,,1,100,,5240,10,,,1,101,,5241,10,,,1
800,'65032',619,,5260,10,,,1,101,,5261,10,,,1,29,,5262,10,,,1,69,,5263,10,,,1,19,,5264,10,,,1,71,,5244,10,,,1,30,,5245,10,,,1,69,,5246,10,,,1,30,,5247,10,,,1,69,,5248,10,,,1,30,,5249,10,,,1,70,,5250,10,,,1,30,,5251,10,,,1,70,,5252,10,,,1,30,,5253,10,,,1,69,,5254,10,,,1,30,,5255,10,,,1,70,,5256,10,,,1,31,,5257,10,,,1,71,,5258,10,,,1,29,,5259,10,,,1,70,,5265,10,,,1,32,,5266,10,,,1,70,,5273,10,,,1,22,,5267,10,,,1,25,,5274,10,,,1,63,,5268,10,,,1,101,,5269,10,,,1,100,,5270,10,,,1,100,,5271,10,,,1,101,,5272,10,,,1
1101,'65030',550,,5635,10,,,0,69,,5636,10,,,0,33,,5692,43,0,54,0,59,,5637,43,,,0,31,,5638,43,,,0,68,,5693,43,,,0,15,,5639,43,,,0,29,,5640,43,,,0,67,,5641,43,,,0,25,,5642,43,,,0,68,,5643,43,,,0,14,,5656,21,0,54,0,16,,5644,43,,,0,70,,5645,43,,,0,17,,5657,21,0,54,0,13,,5646,43,,,0,15,,5661,21,0,54,0,55,,5647,43,,,0,14,,5658,21,0,54,0,16,,5648,43,,,0,15,,5662,21,0,54,0,55,,5649,43,,,0,13,,5659,21,0,54,0,17,,5650,43,,,0,70,,5651,43,,,0,11,,5660,21,0,54,0,18,,5652,43,,,0,15,,5663,21,0,54,0,57,,5653,43,,,0,10,,5655,21,0,54,0,9,,5664,21,0,54,0,11,,5654,43,,,0,14,,5680,43,0,54,0,48,,5681,21,0,54,0,7,,5682,21,0,54,0,8,,5665,43,,,0,17,,5683,21,0,54,0,13,,5666,43,,,0,48,,5684,21,0,54,0,12,,5685,21,0,54,0,9,,5667,43,,,0,15,,5686,21,0,54,0,15,,5668,43,,,0,55,,5677,43,0,54,0,15,,5669,43,,,0,20,,5670,43,,,0,15,,5687,21,0,54,0,56,,5671,43,,,0,8,,5688,21,0,54,0,21,,5672,43,,,0,69,,5689,43,0,54,0,31,,5673,43,,,0,64,,5678,43,0,54,0,26,,5679,43,0,54,0,16,,5674,43,,,0,11,,5690,43,0,54,0,54,,5691,21,0,54,0,33,,5675,43,,,0,103,,5676,43,,,0,76,,5694,43,0,54,0
1101,'65031',645,,5713,10,,,0,98,,5714,10,,,0,95,,5712,43,,,0,79,,5695,21,,,0,34,,5704,43,0,54,0,65,,5696,43,,,0,35,,5705,43,0,54,0,65,,5697,43,,,0,35,,5706,43,0,54,0,65,,5698,43,,,0,35,,5707,43,0,54,0,65,,5699,43,,,0,35,,5708,43,0,54,0,65,,5700,43,,,0,34,,5709,43,0,54,0,70,,5701,43,,,0,30,,5710,43,0,54,0,71,,5702,43,,,0,32,,5711,43,0,54,0,69,,5703,43,,,0,14,,5715,43,0,54,0,15,,5716,43,,,0,70,,5717,43,0,54,0,24,,5718,43,,,0,101,,5719,43,,,0,100,,5720,43,,,0,99,,5721,43,,,0,100,,5722,43,,,0,100,,5723,43,,,0
1101,'65032',645,,5742,10,,,0,98,,5743,10,,,0,95,,5741,43,,,0,79,,5724,21,,,0,34,,5733,43,0,54,0,65,,5725,43,,,0,35,,5734,43,0,54,0,65,,5726,43,,,0,35,,5735,43,0,54,0,65,,5727,43,,,0,35,,5736,43,0,54,0,65,,5728,43,,,0,35,,5737,43,0,54,0,65,,5729,43,,,0,34,,5738,43,0,54,0,70,,5730,43,,,0,30,,5739,43,0,54,0,71,,5731,43,,,0,32,,5740,43,0,54,0,69,,5732,43,,,0,14,,5744,43,0,54,0,15,,5745,43,,,0,70,,5746,43,0,54,0,24,,5747,43,,,0,101,,5748,43,,,0,100,,5749,43,,,0,99,,5750,43,,,0,100,,5751,43,,,0,100,,5752,43,,,0
1101,'65035',1529,,5753,10,0,54,0,106,,5754,21,0,54,0
1400,'65030',637,,5893,10,,,0,17,,5894,10,,,0,66,,5895,10,,,0,29,,5896,10,,,0,69,,5897,10,,,0,24,,5898,10,,,0,74,,5899,10,,,0,28,,5910,10,,,0,72,,5900,10,,,0,28,,5911,10,,,0,72,,5901,10,,,0,21,,5906,10,,,0,18,,5912,10,,,0,60,,5902,10,,,0,21,,5907,10,,,0,21,,5913,10,,,0,60,,5903,10,,,0,16,,5908,10,,,0,22,,5914,10,,,0,62,,5904,10,,,0,17,,5909,10,,,0,18,,5915,10,,,0,65,,5905,10,,,0,19,,5916,10,,,0,16,,5917,10,,,0,65,,5918,10,,,0,22,,5919,10,,,0,77,,5920,10,,,0,22,,5921,10,,,0,77,,5922,10,,,0,25,,5923,10,,,0,71,,5924,10,,,0,30,,5925,10,,,0,65,,5926,10,,,0,29,,5927,10,,,0,77,,5928,10,,,0,21,,5929,10,,,0,74,,5930,10,,,0,18,,5931,10,,,0,84,,5932,10,,,0,22,,5933,10,,,0,93,,5934,10,,,0
1400,'65031',708,,5944,10,,,0,97,,5945,10,,,0,46,,5935,10,,,0,103,,5936,10,,,0,99,,5937,10,,,0,100,,5938,10,,,0,100,,5939,10,,,0,101,,5940,10,,,0,100,,5941,10,,,0,99,,5942,10,,,0,105,,5943,10,,,0,96,,5946,10,,,0,151,,5947,10,,,0,100,,5948,10,,,0,101,,5949,10,,,0,101,,5950,10,,,0,100,,5951,10,,,0,116,,5952,10,,,0
1400,'65032',708,,5962,10,,,0,97,,5963,10,,,0,46,,5953,10,,,0,103,,5954,10,,,0,99,,5955,10,,,0,100,,5956,10,,,0,100,,5957,10,,,0,101,,5958,10,,,0,100,,5959,10,,,0,99,,5960,10,,,0,105,,5961,10,,,0,96,,5964,10,,,0,151,,5965,10,,,0,100,,5966,10,,,0,101,,5967,10,,,0,101,,5968,10,,,0,100,,5969,10,,,0,116,,5970,10,,,0
1400,'65036',744,,5971,10,,,0
5500,'65030',736,,7269,37,,,0,121,,7270,37,,,0,151,,7271,37,,,0,115,,7278,37,,,0,120,,7272,37,,,0,112,,7273,37,,,0,155,,7274,37,,,0,118,,7275,37,,,0,118,,7276,37,,,0,110,,7277,37,0,5 6,0
5500,'65031',833,,7284,37,,,0,111,,7286,37,,,0,110,,7285,37,,,0,150,,7283,37,,,0,113,,7282,37,,,0,110,,7281,37,,,0,110,,7280,37,,,0,107,,7279,37,0,5 6,0
5500,'65032',833,,7292,37,,,0,111,,7294,37,,,0,110,,7293,37,,,0,150,,7291,37,,,0,113,,7290,37,,,0,110,,7289,37,,,0,110,,7288,37,,,0,107,,7287,37,0,5 6,0
91900,'65030',605,,7879,24,,,0
