700,'65040',644,,8806,42,,,0,76,,8807,42,,,0,23,,8808,50,,,0,75,,8809,50,,,0,29,,8810,42,,,0,75,,8811,50,,,0,23,,8812,42,,,0,65,,8813,42,,,0,42,,8814,42,,,0,57,,8815,42,,,0,40,,8816,50,,,0,60,,8817,50,,,0,37,,8818,42,,,0,64,,8819,50,,,0,36,,8820,42,,,0,63,,8821,50,,,0,16,,8822,42,,,0,22,,8823,42,,,0,66,,8824,50,,,0,18,,8825,42,,,0,20,,8826,42,,,0,67,,8827,42,,,0,19,,8828,42,,,0,67,,8829,42,,,0,35,,8830,50,,,0,66,,8831,42,,,0,31,,8832,50,,,0,68,,8833,42,,,0,27,,8834,42,,,0,71,,8835,42,,,0,34,,8836,42,,,0,65,,8837,42,,,0,29,,8838,42,,,0,81,,8839,50,,,0,30,,8840,42,,,0,104,,8850,50,,,0
700,'65041',741,,8866,42,,,0,100,,8877,50,,,0,94,,8878,42,,,0,100,,8851,42,,,0,100,,8852,42,,,0,101,,8853,42,,,0,100,,8854,42,,,0,100,,8855,42,,,0,100,,8856,42,,,0,310,,8872,50,,,0,98,,8874,42,,,0,100,,8873,50,,,0,100,,8869,50,,,0,100,,8870,50,,,0,98,,8871,50,,,0
700,'65042',741,,8894,42,,,0,100,,8905,50,,,0,94,,8906,42,,,0,100,,8879,42,,,0,100,,8880,42,,,0,101,,8881,42,,,0,100,,8882,42,,,0,100,,8883,42,,,0,100,,8884,42,,,0,310,,8900,50,,,0,98,,8902,42,,,0,100,,8901,50,,,0,100,,8897,50,,,0,100,,8898,50,,,0,98,,8899,50,,,0
800,'65040',649,,9013,49,,,1,69,,9014,49,,,1,16,,9065,49,,,1,16,,9015,49,,,1,55,,9016,49,,,1,16,,9017,49,,,1,14,,9018,49,,,1,16,,9019,49,,,1,50,,9020,49,,,1,17,,9021,49,,,1,20,,9022,49,,,1,62,,9023,49,,,1,20,,9024,49,,,1,19,,9025,49,,,1,20,,9026,49,,,1,61,,9027,49,,,1,20,,9028,49,,,1,60,,9029,49,,,1,20,,9030,49,,,1,20,,9031,49,,,1,60,,9032,49,,,1,20,,9033,49,,,1,20,,9034,49,,,1,60,,9035,49,,,1,19,,9036,49,,,1,22,,9037,49,,,1,11,,9038,49,,,1,53,,9039,49,,,1,22,,9040,49,,,1,15,,9041,49,,,1,12,,9042,49,,,1,56,,9043,49,,,1,15,,9044,49,,,1,10,,9045,49,,,1,15,,9046,49,,,1,50,,9047,49,,,1,8,,9048,49,,,1,15,,9049,49,,,1,13,,9050,49,,,1,15,,9051,49,,,1,54,,9052,49,,,1,18,,9053,49,,,1,20,,9054,49,,,1,59,,9055,49,,,1,18,,9056,49,,,1,30,,9057,49,,,1,70,,9058,49,,,1,31,,9059,49,,,1,71,,9060,49,,,1,78,,9061,49,,,1,20,,9062,49,,,1,27,,9063,49,,,1,100,,9064,49,,,1
800,'65041',647,,9082,49,,,1,100,,9083,49,,,1,68,,9084,49,,,1,28,,9085,49,,,1,64,,9086,49,,,1,30,,9066,49,,,1,72,,9067,49,,,1,30,,9068,49,,,1,70,,9069,49,,,1,30,,9070,49,,,1,71,,9071,49,,,1,30,,9072,49,,,1,69,,9073,49,,,1,31,,9074,49,,,1,70,,9075,49,,,1,30,,9076,49,,,1,70,,9077,49,,,1,30,,9078,49,,,1,70,,9079,49,,,1,30,,9080,49,,,1,70,,9081,49,,,1,29,,9087,49,,,1,71,,9088,49,,,1,30,,9094,49,,,1,71,,9089,49,,,1,37,,9095,49,,,1,100,,9090,49,,,1,100,,9091,49,,,1,99,,9092,49,,,1,100,,9093,49,,,1
800,'65042',647,,9112,49,,,1,100,,9113,49,,,1,68,,9114,49,,,1,28,,9115,49,,,1,64,,9116,49,,,1,30,,9096,49,,,1,72,,9097,49,,,1,30,,9098,49,,,1,70,,9099,49,,,1,30,,9100,49,,,1,71,,9101,49,,,1,30,,9102,49,,,1,69,,9103,49,,,1,31,,9104,49,,,1,70,,9105,49,,,1,30,,9106,49,,,1,70,,9107,49,,,1,30,,9108,49,,,1,70,,9109,49,,,1,30,,9110,49,,,1,70,,9111,49,,,1,29,,9117,49,,,1,71,,9118,49,,,1,30,,9124,49,,,1,71,,9119,49,,,1,37,,9125,49,,,1,100,,9120,49,,,1,100,,9121,49,,,1,99,,9122,49,,,1,100,,9123,49,,,1
40100,'65040',645,,11036,5,,,0,69,,11037,5,,,0,30,,11038,5,,,0,70,,11039,5,,,0,32,,11040,5,,,0
45300,'65040',746,,11094,4,,,2,99,,11095,4,,,2,399,,11096,4,,,2,275,,11098,4,,,2,112,,11097,4,,,2,94,,11099,4,,,2,90,,11100,4,,,2
45400,'65040',647,,11107,3,,,2,69,,11109,3,,,2,22,,11108,3,,,2,72,,11110,3,,,2,36,,11111,3,,,2,697,,11112,3,,,2
60400,'65040',606,,11378,3,,,0,28,,11379,3,,,0,70,,11380,3,,,0,14,,11381,3,,,0,85,,11382,3,,,0,708,,11383,3,,,0,30,,11384,3,,,0,11,,11385,3,,,0
60400,'65041',731,,11386,3,,,0
60400,'65042',731,,11387,3,,,0
