1600,'65030',630,,6136,31,4,,0,81,,6135,31,4,,0,19,,6134,31,4,,0,15,,6133,31,4,,0,14,,6132,31,4,,0,60,,6131,31,4,,0,31,,6130,31,4,,0,64,,6129,31,4,,0,24,,6143,31,4,,0,72,,6137,31,4,,0,30,,6144,31,4,,0,71,,6138,31,4,,0,27,,6145,31,4,,0,13,,6149,31,4,,0,55,,6139,31,4,,0,13,,6150,31,4,,0,16,,6146,31,4,,0,17,,6169,31,4,,0,59,,6140,31,4,,0,30,,6147,31,4,,0,70,,6141,31,4,,0,28,,6148,31,4,,0,70,,6142,31,4,,0,17,,6171,31,4,,0,17,,6168,31,4,,0,64,,6151,31,4,,0,28,,6152,31,4,,0,12,,6153,31,4,,0,54,,6154,31,4,,0,16,,6155,31,4,,0,14,,6156,31,4,,0,17,,6157,31,4,,0,59,,6158,31,4,,0,25,,6170,31,4,,0,26,,6159,31,4,,0,67,,6160,31,4,,0,29,,6161,31,4,,0,71,,6162,31,4,,0,33,,6163,31,4,,0,69,,6172,31,4,,0,29,,6164,31,4,,0,63,,6165,31,4,,0,16,,6166,31,4,,0,75,,6167,31,4,,0
1600,'65031',657,,6188,31,4,,0,102,,6182,31,4,,0,100,,6181,31,4,,0,92,,6189,31,4,,0,68,,6173,31,4,,0,100,,6174,31,4,,0,100,,6175,31,4,,0,101,,6176,31,4,,0,100,,6177,31,4,,0,101,,6178,31,4,,0,99,,6179,31,4,,0,99,,6180,31,4,,0,101,,6183,31,4,,0,38,,6184,31,4,,0,100,,6185,31,4,,0,100,,6186,31,4,,0,165,,6187,31,4,,0
1600,'65032',657,,6205,31,4,,0,102,,6199,31,4,,0,100,,6198,31,4,,0,92,,6206,31,4,,0,68,,6190,31,4,,0,100,,6191,31,4,,0,100,,6192,31,4,,0,101,,6193,31,4,,0,100,,6194,31,4,,0,101,,6195,31,4,,0,99,,6196,31,4,,0,99,,6197,31,4,,0,101,,6200,31,4,,0,38,,6201,31,4,,0,100,,6202,31,4,,0,100,,6203,31,4,,0,165,,6204,31,4,,0
1601,'65030',630,,6208,1,,,0,81,,6209,1,,,0,19,,6210,1,,,0,15,,6211,1,,,0,14,,6212,1,,,0,60,,6207,1,,,0,31,,6213,1,,,0,64,,6214,1,,,0,24,,6221,1,,,0,72,,6220,1,,,0,30,,6222,1,,,0,71,,6219,1,,,0,27,,6223,1,,,0,13,,6227,1,,,0,55,,6218,1,,,0,13,,6228,1,,,0,16,,6224,1,,,0,17,,6247,1,,,0,59,,6217,1,,,0,30,,6225,1,,,0,70,,6216,1,,,0,28,,6226,1,,,0,70,,6215,1,,,0,17,,6249,1,,,0,17,,6246,1,,,0,64,,6245,1,,,0,28,,6244,1,,,0,12,,6243,1,,,0,54,,6242,1,,,0,16,,6241,1,,,0,14,,6240,1,,,0,17,,6239,1,,,0,59,,6238,1,,,0,25,,6248,1,,,0,26,,6237,1,,,0,67,,6236,1,,,0,29,,6235,1,,,0,71,,6234,1,,,0,33,,6233,1,,,0,69,,6250,1,,,0,29,,6232,1,,,0,63,,6231,1,,,0,16,,6230,1,,,0,75,,6229,1,,,0
1601,'65031',657,,6260,1,,,0,102,,6261,1,,,0,100,,6259,1,,,0,92,,6267,1,,,0,68,,6251,1,,,0,100,,6252,1,,,0,100,,6253,1,,,0,101,,6254,1,,,0,100,,6255,1,,,0,101,,6256,1,,,0,99,,6257,1,,,0,99,,6258,1,,,0,101,,6262,1,,,0,38,,6263,1,,,0,100,,6264,1,,,0,100,,6265,1,,,0,165,,6266,1,,,0
1601,'65032',657,,6277,1,,,0,102,,6278,1,,,0,100,,6276,1,,,0,92,,6284,1,,,0,68,,6268,1,,,0,100,,6269,1,,,0,100,,6270,1,,,0,101,,6271,1,,,0,100,,6272,1,,,0,101,,6273,1,,,0,99,,6274,1,,,0,99,,6275,1,,,0,101,,6279,1,,,0,38,,6280,1,,,0,100,,6281,1,,,0,100,,6282,1,,,0,165,,6283,1,,,0
5700,'65030',919,,7321,27,,,0,102,,7322,27,,,0,120,,7323,27,,,0,105,,7324,27,,,0,162,,7325,27,,,0,105,,7326,27,,,0,120,,7327,27,,,0
5700,'65031',1124,,7333,27,,,0,113,,7332,27,,,0,102,,7331,27,,,0,112,,7330,27,,,0,102,,7329,27,,,0,152,,7328,27,0,56,0
5700,'65032',1124,,7339,27,,,0,113,,7338,27,,,0,102,,7337,27,,,0,112,,7336,27,,,0,102,,7335,27,,,0,152,,7334,27,0,56,0
91200,'65030',2214,,7852,24,,,0,101,,7853,24,,,0
