700,'65030',612,,4944,11,,,0,16,,4945,11,0,5 6,0,19,,4946,11,,,0,59,,4947,11,,,0,15,,4948,11,0,5 6,0,5,,4949,19,,,0,7,,4950,11,,,0,6,,4951,19,0,5 6,0,8,,4952,11,,,0,6,,4953,11,0,5 6,0,51,,4954,19,,,0,21,,4955,11,,,0,17,,4956,11,0,5 6,0,16,,4963,11,,,0,67,,4970,11,,,0,17,,4957,11,0,5 6,0,60,,4964,11,,,0,22,,4971,11,,,0,19,,4958,11,0,5 6,0,59,,4965,11,,,0,22,,4972,11,,,0,18,,4959,11,0,5 6,0,60,,4966,11,,,0,22,,4973,19,,,0,20,,4960,11,0,5 6,0,58,,4967,11,,,0,21,,4974,19,,,0,20,,4961,11,0,5 6,0,59,,4968,11,,,0,21,,4975,11,,,0,18,,4962,11,,,0,60,,4969,11,,,0,23,,4976,19,,,0,20,,4977,11,,,0,72,,4978,11,,,0,25,,4979,19,,,0,75,,4980,11,,,0,31,,4981,19,,,0,65,,4982,19,,,0,20,,4983,19,,,0,68,,4984,11,,,0,35,,4985,11,,,0,66,,4986,11,,,0,34,,4987,19,,,0,65,,4988,11,,,0,36,,4989,19,,,0,76,,4990,11,,,0,101,,4991,19,,,0
700,'65031',614,,5009,11,0,5 6,0,97,,5010,11,,,0,98,,5011,19,,,0,34,,5000,11,0,5 6,0,70,,4992,19,,,0,21,,5001,11,0,5 6,0,70,,4993,11,,,0,31,,5002,11,0,5 6,0,69,,4994,11,,,0,26,,5003,11,0,5 6,0,74,,4995,11,,,0,30,,5004,11,0,5 6,0,70,,4996,11,,,0,30,,5005,11,0,5 6,0,70,,4997,11,,,0,30,,5006,11,0,5 6,0,70,,4998,11,,,0,30,,5007,11,0,5 6,0,70,,4999,11,0,5 6,0,35,,5008,11,0,5 6,0,70,,5012,11,0,5 6,0,32,,5013,11,0,5 6,0,68,,5014,19,,,0,102,,5015,19,,,0,100,,5016,19,,,0,101,,5017,19,,,0,100,,5018,19,,,0,99,,5019,19,,,0
700,'65032',614,,5037,11,0,5 6,0,97,,5038,11,,,0,98,,5039,19,,,0,34,,5028,11,0,5 6,0,70,,5020,19,,,0,21,,5029,11,0,5 6,0,70,,5021,11,,,0,31,,5030,11,0,5 6,0,69,,5022,11,,,0,26,,5031,11,0,5 6,0,74,,5023,11,,,0,30,,5032,11,0,5 6,0,70,,5024,11,,,0,30,,5033,11,0,5 6,0,70,,5025,11,,,0,30,,5034,11,0,5 6,0,70,,5026,11,,,0,30,,5035,11,0,5 6,0,70,,5027,11,0,5 6,0,35,,5036,11,0,5 6,0,70,,5040,11,0,5 6,0,32,,5041,11,0,5 6,0,68,,5042,19,,,0,102,,5043,19,,,0,100,,5044,19,,,0,101,,5045,19,,,0,100,,5046,19,,,0,99,,5047,19,,,0
1100,'65030',559,,5563,10,0,22 23,0,61,,5578,10,0,22 23,0,27,,5519,31,,,0,67,,5520,31,,,0,16,,5524,10,,,0,17,,5567,31,0,22 23,0,6,,5566,10,0,22 23,0,54,,5521,31,,,0,7,,5565,10,0,22 23,0,14,,5522,31,,,0,15,,5564,10,0,22 23,0,65,,5523,31,,,0,13,,5571,10,0,22 23,0,15,,5525,31,,,0,13,,5568,10,0,22 23,0,57,,5526,31,,,0,12,,5572,10,0,22 23,0,19,,5527,31,,,0,12,,5560,10,0,22 23,0,58,,5528,31,,,0,11,,5573,10,0,22 23,0,17,,5529,31,,,0,10,,5561,10,0,22 23,0,59,,5530,31,,,0,13,,5559,10,0,22 23,0,18,,5531,31,,,0,14,,5562,10,0,22 23,0,57,,5532,31,,,0,13,,5557,10,0,22 23,0,18,,5533,31,,,0,13,,5558,10,0,22 23,0,56,,5534,31,,,0,12,,5576,10,,,0,17,,5535,31,,,0,12,,5554,10,0,22 23,0,58,,5536,31,,,0,12,,5556,10,0,22 23,0,18,,5537,31,,,0,4,,5552,10,0,22 23,0,9,,5555,10,0,22 23,0,53,,5538,31,,,0,13,,5549,10,,,0,15,,5539,31,,,0,14,,5574,10,0,22 23,0,15,,5540,31,,,0,59,,5577,10,0,22 23,0,17,,5541,31,,,0,11,,5575,10,0,22 23,0,60,,5542,31,,,0,11,,5553,10,0,22 23,0,15,,5569,31,,,0,73,,5543,31,,,0,30,,5544,31,,,0,83,,5545,31,,,0,30,,5550,10,,,0,71,,5546,31,,,0,25,,5551,10,0,24 1 25,0,78,,5547,31,,,0,100,,5548,31,0,24 1 25,0,90,,5570,31,0,22 23,0
1100,'65031',710,,5594,10,,,0,102,,5595,31,,,0,29,,5596,10,,,0,68,,5579,31,,,0,32,,5580,31,,,0,70,,5587,10,,,0,30,,5581,31,,,0,60,,5588,10,,,0,32,,5582,31,,,0,67,,5589,10,,,0,30,,5583,31,,,0,72,,5590,10,,,0,34,,5584,31,,,0,65,,5591,10,,,0,35,,5585,31,,,0,65,,5592,10,,,0,38,,5586,31,,,0,62,,5593,10,,,0,38,,5597,31,,,0,67,,5598,31,,,0,42,,5599,10,0,22 23,0,63,,5600,31,,,0,97,,5601,31,,,0,100,,5602,31,,,0,100,,5603,31,,,0,101,,5604,31,,,0,108,,5605,31,0,24 1 25,0
1100,'65032',710,,5621,10,,,0,102,,5622,31,,,0,29,,5623,10,,,0,68,,5606,31,,,0,32,,5607,31,,,0,70,,5614,10,,,0,30,,5608,31,,,0,60,,5615,10,,,0,32,,5609,31,,,0,67,,5616,10,,,0,30,,5610,31,,,0,72,,5617,10,,,0,34,,5611,31,,,0,65,,5618,10,,,0,35,,5612,31,,,0,65,,5619,10,,,0,38,,5613,31,,,0,62,,5620,10,,,0,38,,5624,31,,,0,67,,5625,31,,,0,42,,5626,10,0,22 23,0,63,,5627,31,,,0,97,,5628,31,,,0,100,,5629,31,,,0,100,,5630,31,,,0,101,,5631,31,,,0,108,,5632,31,0,24 1 25,0
1100,'65037',750,,5633,10,0,22 23,0,50,,5634,10,0,22 23,0
5501,'65030',801,,7295,70,,,0,115,,7296,70,,,0,116,,7297,70,,,0,117,,7298,70,,,0,154,,7299,70,,,0,115,,7300,70,,,0,115,,7301,70,,,0,117,,7302,70,,,0,156,,7303,70,,,0
5501,'65031',853,,7312,70,,,0,150,,7311,70,,,0,110,,7310,70,,,0,111,,7309,70,,,0,110,,7308,70,,,0,110,,7307,70,,,0,109,,7305,70,,,0
5501,'65032',853,,7320,70,,,0,150,,7319,70,,,0,110,,7318,70,,,0,111,,7317,70,,,0,110,,7316,70,,,0,110,,7315,70,,,0,109,,7313,70,,,0
90700,'65030',624,,7848,11,,,0
