101,'65040',706,,7964,33,,,0,20,,7965,33,,,0,22,,7966,33,,,0,189,,7967,33,,,0,100,,7968,33,,,0,100,,7969,33,,,0,99,,7970,33,,,0,101,,7971,33,,,0,101,,7972,33,,,0,176,,7973,33,,,0,139,,7976,33,,,0,261,,7975,33,,,0,105,,7974,33,,,0,122,,7987,10,,,0,100,,7988,10,,,0
301,'65040',559,,8244,31,,,0,69,,8245,31,,,0,16,,8246,31,,,0,64,,8247,31,,,0,15,,8251,31,,,0,15,,8248,31,,,0,15,,8249,31,,,0,55,,8250,31,,,0,17,,8252,31,,,0,13,,8260,31,,,0,21,,8253,31,,,0,60,,8254,31,,,0,19,,8255,31,,,0,21,,8256,31,,,0,59,,8257,31,,,0,22,,8258,31,,,0,60,,8259,31,,,0,19,,8261,31,,,0,20,,8262,31,,,0,61,,8263,31,,,0,20,,8264,31,,,0,20,,8265,31,,,0,61,,8266,31,,,0,20,,8267,31,,,0,20,,8268,31,,,0,60,,8269,31,,,0,19,,8270,31,,,0,21,,8271,31,,,0,59,,8272,31,,,0,13,,8294,31,,,0,16,,8273,31,,,0,17,,8274,31,,,0,12,,8275,31,,,0,56,,8276,31,,,0,14,,8277,31,,,0,15,,8278,31,,,0,15,,8279,31,,,0,55,,8293,31,,,0,15,,8280,31,,,0,16,,8281,31,,,0,59,,8282,31,,,0,16,,8283,31,,,0,29,,8284,31,,,0,55,,8285,31,,,0,30,,8286,31,,,0,70,,8287,31,,,0,29,,8288,31,,,0,73,,8289,31,,,0,27,,8290,31,,,0,70,,8295,31,,,0,25,,8291,31,,,0,100,,8292,31,,,0
301,'65041',632,,8313,31,,,0,70,,8314,31,,,0,32,,8315,31,,,0,69,,8316,31,,,0,29,,8317,31,,,0,25,,8312,31,,,0,70,,8296,31,,,0,30,,8297,31,,,0,70,,8298,31,,,0,30,,8299,31,,,0,70,,8300,31,,,0,30,,8301,31,,,0,70,,8302,31,,,0,30,,8303,31,,,0,70,,8304,31,,,0,30,,8305,31,,,0,70,,8306,31,,,0,31,,8307,31,,,0,69,,8308,31,,,0,32,,8309,31,,,0,70,,8310,31,,,0,30,,8311,31,,,0,70,,8318,31,,,0,30,,8319,31,,,0,71,,8320,31,,,0,73,,8326,31,,,0,30,,8321,31,,,0,70,,8327,31,,,0,30,,8322,31,,,0,100,,8323,31,,,0,100,,8324,31,,,0,100,,8325,31,,,0
301,'65042',632,,8345,31,,,0,70,,8346,31,,,0,32,,8347,31,,,0,69,,8348,31,,,0,29,,8349,31,,,0,25,,8344,31,,,0,70,,8328,31,,,0,30,,8329,31,,,0,70,,8330,31,,,0,30,,8331,31,,,0,70,,8332,31,,,0,30,,8333,31,,,0,70,,8334,31,,,0,30,,8335,31,,,0,70,,8336,31,,,0,30,,8337,31,,,0,70,,8338,31,,,0,31,,8339,31,,,0,69,,8340,31,,,0,32,,8341,31,,,0,70,,8342,31,,,0,30,,8343,31,,,0,70,,8350,31,,,0,30,,8351,31,,,0,71,,8352,31,,,0,73,,8358,31,,,0,30,,8353,31,,,0,70,,8359,31,,,0,30,,8354,31,,,0,100,,8355,31,,,0,100,,8356,31,,,0,100,,8357,31,,,0
1201,'65040',628,,9621,10,,,0,99,,9622,10,,,0,25,,9623,10,,,0,56,,9624,10,,,0,19,,9625,10,,,0,31,,9626,10,,,0,73,,9627,10,,,0,72,,9628,10,,,0,30,,9629,10,,,0,70,,9630,10,,,0,30,,9631,10,,,0,71,,9632,10,,,0,29,,9633,10,,,0,71,,9634,10,,,0,21,,9635,10,,,0,77,,9636,10,,,0,31,,9637,10,,,0,70,,9638,10,,,0,29,,9639,10,,,0,68,,9640,10,,,0,33,,9641,10,,,0,24,,9642,10,,,0,56,,9643,10,,,0,31,,9644,10,,,0,73,,9645,10,,,0,25,,9646,10,,,0,67,,9647,10,,,0,24,,9648,10,,,0,73,,9649,10,,,0,27,,9650,10,,,0,84,,9651,10,,,0,25,,9652,10,,,0,188,,9653,10,,,0
1201,'65041',737,,9662,10,,,0,96,,9663,10,,,0,91,,9676,10,,,0,30,,9668,10,,,0,70,,9654,10,,,0,30,,9669,10,,,0,70,,9655,10,,,0,31,,9670,10,,,0,70,,9656,10,,,0,31,,9671,10,,,0,69,,9657,10,,,0,31,,9672,10,,,0,69,,9658,10,,,0,31,,9673,10,,,0,69,,9659,10,,,0,31,,9674,10,,,0,69,,9660,10,,,0,30,,9677,10,,,0,69,,9661,10,,,0,29,,9664,10,,,0,79,,9675,10,,,0,103,,9665,10,,,0,101,,9666,10,,,0,100,,9667,10,,,0
1201,'65042',737,,9686,10,,,0,96,,9687,10,,,0,91,,9700,10,,,0,30,,9692,10,,,0,70,,9678,10,,,0,30,,9693,10,,,0,70,,9679,10,,,0,31,,9694,10,,,0,70,,9680,10,,,0,31,,9695,10,,,0,69,,9681,10,,,0,31,,9696,10,,,0,69,,9682,10,,,0,31,,9697,10,,,0,69,,9683,10,,,0,31,,9698,10,,,0,69,,9684,10,,,0,30,,9701,10,,,0,69,,9685,10,,,0,29,,9688,10,,,0,79,,9699,10,,,0,103,,9689,10,,,0,101,,9690,10,,,0,100,,9691,10,,,0
5701,'65040',928,,11020,54,,,2,123,,11022,54,,,2,103,,11018,54,,,2,163,,11021,54,,,2,105,,11019,54,,,2,120,,11023,54,,,2,105,,11017,54,,,2
5701,'65041',1145,,11029,54,,,2,102,,11028,54,,,2,153,,11027,54,,,2,102,,11026,54,,,2,111,,11025,54,,,2
5701,'65042',1145,,11035,54,,,2,102,,11034,54,,,2,153,,11033,54,,,2,102,,11032,54,,,2,111,,11031,54,,,2
91201,'65040',2240,,11514,10,,,0,100,,11515,10,,,0
91201,'65041',2236,,11516,10,,,0,97,,11517,10,,,0
91201,'65042',2236,,11518,10,,,0,97,,11519,10,,,0
91301,'65040',2456,,11520,10,,,0
91301,'65041',2456,,11521,10,,,0
91301,'65042',2456,,11522,10,,,0
2400080001,'65040',617,,11573,8,,,1,25,,11571,8,,,1,71,,11570,8,,,1,16,,11576,8,,,1,18,,11591,8,,,1,58,,11572,8,,,1,20,,11580,8,,,1,30,,11578,8,,,1,60,,11581,8,,,1,32,,11579,8,,,1,69,,11577,8,,,1,30,,11574,8,,,1,70,,11575,8,,,1,30,,11586,8,,,1,70,,11583,8,,,1,31,,11588,8,,,1,70,,11592,8,,,1,30,,11587,8,,,1,70,,11589,8,,,1,28,,11590,8,,,1,72,,11593,8,,,1,25,,11582,8,,,1,15,,11594,8,,,1,60,,11584,8,,,1,20,,11585,8,,,1,20,,11596,8,,,1,58,,11598,8,,,1,20,,11595,8,,,1,20,,11597,8,,,1,65,,11599,8,,,1
