901,'65030',618,,5451,15,0,5 6,0,19,,5452,15,,,0,67,,5453,15,,,0,20,,5454,15,,,0,21,,5455,15,,,0,56,,5456,15,,,0,24,,5457,15,,,0,25,,5458,15,,,0,67,,5474,15,,,0,22,,5473,15,,,0,20,,5472,15,,,0,80,,5471,15,,,0,20,,5470,15,,,0,80,,5469,15,,,0,61,,5468,15,,,0,40,,5467,15,,,0,60,,5466,15,,,0,40,,5465,15,,,0,60,,5464,15,,,0,40,,5463,15,,,0,60,,5462,15,,,0,26,,5486,15,,,0,24,,5461,15,,,0,61,,5460,15,,,0,29,,5475,15,0,5 6,0,69,,5482,15,,,0,19,,5476,15,0,5 6,0,24,,5485,15,,,0,63,,5484,15,,,0,34,,5483,15,,,0,65,,5481,15,0,5 6,0,34,,5480,15,0,5 6,0,99,,5479,15,0,5 6,0,74,,5478,15,0,5 6,0,83,,5477,15,0,5 6,0
901,'65031',814,,5496,15,0,5 6,0,87,,5495,15,0,5 6,0,107,,5487,15,,,0,99,,5488,15,,,0,98,,5494,15,,,0,101,,5493,15,,,0,100,,5492,15,,,0,99,,5491,15,,,0,105,,5490,15,,,0,97,,5489,15,,,0,111,,5497,15,0,5 6,0,94,,5498,15,0,5 6,0,89,,5499,15,0,5 6,0,100,,5500,15,0,5 6,0,100,,5501,15,0,5 6,0
901,'65032',814,,5512,15,0,5 6,0,87,,5511,15,0,5 6,0,107,,5503,15,,,0,99,,5504,15,,,0,98,,5510,15,,,0,101,,5509,15,,,0,100,,5508,15,,,0,99,,5507,15,,,0,105,,5506,15,,,0,97,,5505,15,,,0,111,,5513,15,0,5 6,0,94,,5514,15,0,5 6,0,89,,5515,15,0,5 6,0,100,,5516,15,0,5 6,0,100,,5517,15,0,5 6,0
2200,'65030',634,,6628,12,,,0,86,,6629,12,,,0,81,,6630,12,,,0,41,,6631,12,,,0,693,,6632,12,,,0,95,,6633,12,,,0,81,,6634,12,,,0,41,,6635,12,,,0,80,,6636,12,,,0
2301,'65030',630,,6685,10,,,0,27,,6684,10,,,0,58,,6683,10,,,0,18,,6682,10,,,0,17,,6681,10,,,0,57,,6680,10,,,0,17,,6679,10,,,0,17,,6678,10,,,0,692,,6677,10,,,0,24,,6676,10,,,0,59,,6675,10,,,0,19,,6674,10,,,0,20,,6673,10,,,0,60,,6672,10,,,0,24,,6671,10,,,0,63,,6670,10,,,0,19,,6669,10,,,0,21,,6668,10,,,0,59,,6667,10,,,0,21,,6666,10,,,0
5700,'65030',949,,7321,77,,,0,105,,7322,77,,,0,160,,7323,77,,,0,105,,7324,77,,,0,120,,7325,77,,,0,105,,7326,77,,,0,160,,7327,77,,,0
5700,'65031',1155,,7333,77,,,0,153,,7332,77,,,0,102,,7331,77,,,0,112,,7330,77,,,0,102,,7329,77,,,0
5700,'65032',1155,,7339,77,,,0,153,,7338,77,,,0,102,,7337,77,,,0,112,,7336,77,,,0,102,,7335,77,,,0
5701,'65030',907,,7340,25,,,0,120,,7341,25,,,0,105,,7342,25,,,0,120,,7343,25,,,0,105,,7344,25,,,0,160,,7345,25,,,0,105,,7346,25,,,0
5701,'65031',1126,,7352,25,,,0,102,,7351,25,,,0,113,,7350,25,,,0,102,,7349,25,,,0,111,,7348,25,,,0,153,,7347,25,0,7 1 21,0
5701,'65032',1126,,7358,25,,,0,102,,7357,25,,,0,113,,7356,25,,,0,102,,7355,25,,,0,111,,7354,25,,,0,153,,7353,25,0,7 1 21,0
90400,'65030',2507,,7817,40,,,0
90400,'65031',2507,,7824,40,,,0
90400,'65032',2507,,7831,40,,,0
