700,'65030',607,,4944,1,,,0,16,,4945,1,0,5 6,0,19,,4946,1,,,0,58,,4947,1,,,0,15,,4948,1,0,5 6,0,5,,4949,9,,,0,7,,4950,1,,,0,6,,4951,9,0,5 6,0,8,,4952,1,,,0,6,,4953,1,0,5 6,0,11,,4954,9,,,0,61,3,4955,1,,,0,17,,4956,1,0,5 6,0,16,,4963,1,,,0,67,,4970,1,,,0,17,,4957,1,0,5 6,0,20,,4964,1,,,0,62,,4971,1,,,0,19,,4958,1,0,5 6,0,19,,4965,1,,,0,62,3,4972,1,,,0,18,,4959,1,0,5 6,0,20,,4966,1,,,0,62,,4973,9,,,0,20,,4960,1,0,5 6,0,18,,4967,1,,,0,61,,4974,9,,,0,20,,4961,1,0,5 6,0,19,,4968,1,,,0,61,3,4975,1,,,0,18,,4962,1,,,0,20,,4969,1,,,0,63,,4976,9,,,0,20,,4977,1,,,0,71,,4978,1,,,0,25,,4979,9,,,0,76,,4980,1,,,0,32,,4981,9,,,0,65,,4982,9,,,0,20,,4983,9,,,0,28,,4984,1,,,0,75,,4985,1,,,0,26,,4986,1,,,0,74,,4987,9,,,0,25,,4988,1,,,0,76,,4989,9,,,0,76,,4990,1,,,0,101,,4991,9,,,0
700,'65031',607,,5009,1,0,5 6,0,97,,5010,1,,,0,98,,5011,9,,,0,34,2,5000,1,0,5 6,0,70,,4992,9,,,0,21,,5001,1,0,5 6,0,30,,4993,1,,,0,71,,5002,1,0,5 6,0,29,,4994,1,,,0,66,,5003,1,0,5 6,0,34,,4995,1,,,0,70,,5004,1,0,5 6,0,30,,4996,1,,,0,70,,5005,1,0,5 6,0,30,,4997,1,,,0,70,,5006,1,0,5 6,0,30,,4998,1,,,0,70,,5007,1,0,5 6,0,30,,4999,1,0,5 6,0,75,,5008,1,0,5 6,0,70,,5012,1,0,5 6,0,32,,5013,1,0,5 6,0,68,,5014,9,,,0,102,,5015,9,,,0,100,,5016,9,,,0,102,,5017,9,,,0,100,,5018,9,,,0,99,,5019,9,,,0
700,'65032',607,,5037,1,0,5 6,0,97,,5038,1,,,0,98,,5039,9,,,0,34,2,5028,1,0,5 6,0,70,,5020,9,,,0,21,,5029,1,0,5 6,0,30,,5021,1,,,0,71,,5030,1,0,5 6,0,29,,5022,1,,,0,66,,5031,1,0,5 6,0,34,,5023,1,,,0,70,,5032,1,0,5 6,0,30,,5024,1,,,0,70,,5033,1,0,5 6,0,30,,5025,1,,,0,70,,5034,1,0,5 6,0,30,,5026,1,,,0,70,,5035,1,0,5 6,0,30,,5027,1,0,5 6,0,75,,5036,1,0,5 6,0,70,,5040,1,0,5 6,0,32,,5041,1,0,5 6,0,68,,5042,9,,,0,102,,5043,9,,,0,100,,5044,9,,,0,102,,5045,9,,,0,100,,5046,9,,,0,99,,5047,9,,,0
1100,'65030',555,,5563,1,0,22 23,0,61,,5578,1,0,22 23,0,26,,5519,22,,,0,67,,5520,22,,,0,16,,5524,1,,,0,17,,5567,22,0,22 23,0,6,,5566,1,0,22 23,0,52,,5521,22,,,0,9,,5565,1,0,22 23,0,13,,5522,22,,,0,16,3,5564,1,0,22 23,0,64,,5523,22,,,0,15,3,5571,1,0,22 23,0,13,,5525,22,,,0,15,3,5568,1,0,22 23,0,56,,5526,22,,,0,13,,5572,1,0,22 23,0,18,,5527,22,,,0,13,3,5560,1,0,22 23,0,57,,5528,22,,,0,12,,5573,1,0,22 23,0,16,,5529,22,,,0,11,,5561,1,0,22 23,0,17,,5530,22,,,0,55,,5559,1,0,22 23,0,16,,5531,22,,,0,16,3,5562,1,0,22 23,0,55,,5532,22,,,0,15,,5557,1,0,22 23,0,17,,5533,22,,,0,14,3,5558,1,0,22 23,0,55,,5534,22,,,0,13,,5576,1,,,0,16,,5535,22,,,0,13,3,5554,1,0,22 23,0,57,,5536,22,,,0,13,,5556,1,0,22 23,0,17,,5537,22,,,0,5,,5552,1,0,22 23,0,9,,5555,1,0,22 23,0,12,,5538,22,,,0,53,,5549,1,,,0,15,,5539,22,,,0,14,3,5574,1,0,22 23,0,15,,5540,22,,,0,60,,5577,1,0,22 23,0,16,,5541,22,,,0,12,,5575,1,0,22 23,0,59,,5542,22,,,0,12,3,5553,1,0,22 23,0,14,,5569,22,,,0,33,,5543,22,,,0,70,,5544,22,,,0,83,,5545,22,,,0,32,2,5550,1,,,0,69,,5546,22,,,0,27,,5551,1,0,57,0,76,,5547,22,,,0,100,,5548,22,0,57,0,90,,5570,22,0,22 23,0
1100,'65031',706,,5594,1,,,0,102,,5595,22,,,0,29,,5596,1,,,0,68,,5579,22,,,0,32,,5580,22,,,0,70,,5587,1,,,0,30,,5581,22,,,0,20,,5588,1,,,0,72,,5582,22,,,0,27,,5589,1,,,0,70,,5583,22,,,0,32,,5590,1,,,0,74,,5584,22,,,0,25,,5591,1,,,0,75,,5585,22,,,0,25,,5592,1,,,0,78,,5586,22,,,0,22,,5593,1,,,0,78,,5597,22,,,0,68,,5598,22,,,0,42,,5599,1,0,22 23,0,63,,5600,22,,,0,97,,5601,22,,,0,100,,5602,22,,,0,100,,5603,22,,,0,101,,5604,22,,,0,108,,5605,22,0,57,0
1100,'65032',706,,5621,1,,,0,102,,5622,22,,,0,29,,5623,1,,,0,68,,5606,22,,,0,32,,5607,22,,,0,70,,5614,1,,,0,30,,5608,22,,,0,20,,5615,1,,,0,72,,5609,22,,,0,27,,5616,1,,,0,70,,5610,22,,,0,32,,5617,1,,,0,74,,5611,22,,,0,25,,5618,1,,,0,75,,5612,22,,,0,25,,5619,1,,,0,78,,5613,22,,,0,22,,5620,1,,,0,78,,5624,22,,,0,68,,5625,22,,,0,42,,5626,1,0,22 23,0,63,,5627,22,,,0,97,,5628,22,,,0,100,,5629,22,,,0,100,,5630,22,,,0,101,,5631,22,,,0,108,,5632,22,0,57,0
1100,'65037',745,,5633,1,0,22 23,0,10,,5634,1,0,22 23,0
60500,'65030',555,,7739,3,4,,0,52,,7740,3,4,,0,13,,7741,3,4,,0,95,,7742,3,4,,0,12,,7743,3,4,,0,21,,7744,3,4,,0,270,,7745,3,4,,0,38,,7746,3,4,,0,80,,7747,3,4,,0,820,,7738,3,4,,0
60500,'65031',607,,7748,3,4,,0,97,,7749,3,4,,0,133,,7750,3,4,,0
60500,'65032',607,,7751,3,4,,0,97,,7752,3,4,,0,133,,7753,3,4,,0
90700,'65030',620,,7848,1,,,0
