1201,'65030',632,,5829,14,,,0,68,,5830,14,,,0,30,,5825,14,,,0,27,,5826,14,,,0,70,,5827,14,,,0,26,,5828,14,,,0,64,,5831,14,,,0,28,,5832,14,,,0,72,,5833,14,,,0,28,,5834,14,,,0,72,,5835,14,,,0,29,,5836,14,,,0,72,,5837,14,,,0,14,,5860,14,,,0,14,,5838,14,,,0,72,,5839,14,,,0,30,,5840,14,,,0,71,,5841,14,,,0,30,,5842,14,,,0,67,,5843,14,,,0,30,,5844,14,,,0,61,,5845,14,,,0,15,,5846,14,,,0,16,,5847,14,,,0,14,,5848,14,,,0,55,,5849,14,,,0,21,,5850,14,,,0,17,,5851,14,,,0,65,,5852,14,,,0,25,,5853,14,,,0,70,,5854,14,,,0,35,,5855,14,,,0,95,,5856,14,,,0,100,,5857,14,,,0,79,,5858,14,,,0,118,,5859,14,,,0
1201,'65031',737,,5869,14,,,0,100,,5870,14,,,0,118,,5861,14,,,0,101,,5862,14,,,0,100,,5863,14,,,0,100,,5864,14,,,0,100,,5865,14,,,0,100,,5866,14,,,0,100,,5867,14,,,0,98,,5868,14,,,0,86,,5871,14,,,0,100,,5872,14,,,0,100,,5873,14,,,0,100,,5874,14,,,0,100,,5875,14,,,0
1201,'65032',737,,5884,14,,,0,100,,5885,14,,,0,118,,5876,14,,,0,101,,5877,14,,,0,100,,5878,14,,,0,100,,5879,14,,,0,100,,5880,14,,,0,100,,5881,14,,,0,100,,5882,14,,,0,98,,5883,14,,,0,86,,5886,14,,,0,100,,5887,14,,,0,100,,5888,14,,,0,100,,5889,14,,,0,100,,5890,14,,,0
1201,'65035',1617,,5891,14,,,0
5701,'65030',935,,7340,63,,,0,120,,7341,63,,,0,146,,7342,63,,,0,119,,7343,63,,,0,105,,7344,63,,,0,120,,7345,63,,,0,105,,7346,63,,,0
5701,'65031',1148,,7352,63,,,0,102,,7351,63,,,0,153,,7350,63,,,0,102,,7349,63,,,0,111,,7348,63,,,0
5701,'65032',1148,,7358,63,,,0,102,,7357,63,,,0,153,,7356,63,,,0,102,,7355,63,,,0,111,,7354,63,,,0
91201,'65030',2242,,7854,14,,,0,100,,7855,14,,,0
91201,'65031',2235,,7856,14,,,0,100,,7857,14,,,0
91201,'65032',2235,,7858,14,,,0,100,,7859,14,,,0
