800,'65030',618,,5160,8,,,1,15,,5212,8,,,1,11,,5161,8,,,1,61,,5162,8,,,1,9,,5163,8,,,1,13,,5164,8,,,1,14,,5165,8,,,1,15,,5166,8,,,1,55,,5167,8,,,1,15,,5168,8,,,1,23,,5169,8,,,1,61,,5170,8,,,1,20,,5171,8,,,1,20,,5172,8,,,1,60,,5173,8,,,1,20,,5174,8,,,1,20,,5175,8,,,1,60,,5176,8,,,1,20,,5177,8,,,1,19,,5178,8,,,1,60,,5179,8,,,1,21,,5180,8,,,1,21,,5181,8,,,1,61,,5182,8,,,1,18,,5183,8,,,1,20,,5184,8,,,1,62,,5185,8,,,1,17,,5186,8,,,1,19,,5187,8,,,1,10,,5188,8,,,1,54,,5189,8,,,1,15,,5190,8,,,1,13,,5191,8,,,1,15,,5192,8,,,1,47,,5193,8,,,1,7,,5194,8,,,1,10,,5195,8,,,1,13,,5196,8,,,1,18,,5197,8,,,1,60,,5198,8,,,1,15,,5199,8,,,1,24,,5200,8,,,1,58,,5201,8,,,1,18,,5202,8,,,1,23,,5203,8,,,1,70,,5204,8,,,1,30,,5205,8,,,1,70,,5206,8,,,1,30,,5207,8,,,1,76,,5208,8,,,1,25,,5209,8,,,1,68,,5210,8,,,1,100,,5211,8,,,1
800,'65031',618,,5229,8,,,1,101,,5230,8,,,1,29,,5231,8,,,1,68,,5232,8,,,1,19,,5233,8,,,1,71,,5213,8,,,1,30,,5214,8,,,1,69,,5215,8,,,1,30,,5216,8,,,1,69,,5217,8,,,1,30,,5218,8,,,1,70,,5219,8,,,1,30,,5220,8,,,1,70,,5221,8,,,1,30,,5222,8,,,1,69,,5223,8,,,1,30,,5224,8,,,1,70,,5225,8,,,1,31,,5226,8,,,1,71,,5227,8,,,1,29,,5228,8,,,1,70,,5234,8,,,1,32,,5235,8,,,1,70,,5242,8,,,1,22,,5236,8,,,1,25,,5243,8,,,1,63,,5237,8,,,1,101,,5238,8,,,1,101,,5239,8,,,1,100,,5240,8,,,1,101,,5241,8,,,1
800,'65032',618,,5260,8,,,1,101,,5261,8,,,1,29,,5262,8,,,1,68,,5263,8,,,1,19,,5264,8,,,1,71,,5244,8,,,1,30,,5245,8,,,1,69,,5246,8,,,1,30,,5247,8,,,1,69,,5248,8,,,1,30,,5249,8,,,1,70,,5250,8,,,1,30,,5251,8,,,1,70,,5252,8,,,1,30,,5253,8,,,1,69,,5254,8,,,1,30,,5255,8,,,1,70,,5256,8,,,1,31,,5257,8,,,1,71,,5258,8,,,1,29,,5259,8,,,1,70,,5265,8,,,1,32,,5266,8,,,1,70,,5273,8,,,1,22,,5267,8,,,1,25,,5274,8,,,1,63,,5268,8,,,1,101,,5269,8,,,1,101,,5270,8,,,1,100,,5271,8,,,1,101,,5272,8,,,1
900,'65030',702,,5387,8,,,0,14,,5388,8,,,0,43,,5389,8,,,0,70,,5390,8,,,0,26,,5395,8,,,0,61,,5394,8,,,0,40,,5396,8,,,0,60,,5402,8,,,0,39,,5397,8,,,0,59,,5403,8,,,0,38,,5398,8,,,0,60,,5404,8,,,0,40,,5399,8,,,0,62,,5405,8,,,0,40,,5400,8,,,0,60,,5406,8,,,0,25,,5420,8,,,0,62,,5401,8,,,0,21,,5407,8,,,0,24,,5408,8,,,0,66,,5409,8,,,0,20,,5410,8,,,0,25,,5411,8,,,0,71,,5412,8,,,0,76,,5415,8,,,0,25,,5413,8,,,0,78,,5414,8,,,0
900,'65031',1025,,5422,8,,,0,98,,5423,8,,,0,101,,5424,8,,,0,98,,5425,8,,,0,98,,5426,8,,,0,105,,5427,8,,,0,97,,5428,8,,,0
900,'65032',1025,,5437,8,,,0,98,,5438,8,,,0,101,,5439,8,,,0,98,,5440,8,,,0,98,,5441,8,,,0,105,,5442,8,,,0,97,,5443,8,,,0
1101,'65030',549,,5635,8,,,0,69,,5636,8,,,0,33,,5692,41,0,15 1 16,0,58,,5637,41,,,0,31,,5638,41,,,0,68,,5693,41,,,0,15,,5639,41,,,0,29,,5640,41,,,0,67,,5641,41,,,0,25,,5642,41,,,0,68,,5643,41,,,0,15,,5656,19,0,15 1 16,0,15,,5644,41,,,0,70,,5645,41,,,0,17,,5657,19,0,15 1 16,0,13,,5646,41,,,0,15,,5661,19,0,15 1 16,0,55,,5647,41,,,0,14,,5658,19,0,15 1 16,0,16,,5648,41,,,0,15,,5662,19,0,15 1 16,0,55,,5649,41,,,0,14,,5659,19,0,15 1 16,0,16,,5650,41,,,0,70,,5651,41,,,0,12,,5660,19,0,15 1 16,0,17,,5652,41,,,0,16,,5663,19,0,15 1 16,0,56,,5653,41,,,0,10,,5655,19,0,15 1 16,0,9,,5664,19,0,15 1 16,0,11,,5654,41,,,0,14,,5680,41,0,15 1 16,0,48,,5681,19,0,15 1 16,0,7,,5682,19,0,15 1 16,0,8,,5665,41,,,0,17,,5683,19,0,15 1 16,0,13,,5666,41,,,0,8,,5684,19,0,15 1 16,0,52,,5685,19,0,15 1 16,0,9,,5667,41,,,0,15,,5686,19,0,15 1 16,0,15,,5668,41,,,0,55,,5677,41,0,15 1 16,0,15,,5669,41,,,0,20,,5670,41,,,0,15,,5687,19,0,15 1 16,0,56,,5671,41,,,0,9,,5688,19,0,15 1 16,0,20,,5672,41,,,0,70,,5689,41,0,15 1 16,0,30,,5673,41,,,0,65,,5678,41,0,15 1 16,0,26,,5679,41,0,15 1 16,0,15,,5674,41,,,0,12,,5690,41,0,15 1 16,0,54,,5691,19,0,15 1 16,0,32,,5675,41,,,0,103,,5676,41,,,0,77,,5694,41,0,15 1 16,0
1101,'65031',644,,5713,8,,,0,98,,5714,8,,,0,95,,5712,41,,,0,79,,5695,19,,,0,34,,5704,41,0,15 1 16,0,65,,5696,41,,,0,35,,5705,41,0,15 1 16,0,65,,5697,41,,,0,35,,5706,41,0,15 1 16,0,65,,5698,41,,,0,35,,5707,41,0,15 1 16,0,65,,5699,41,,,0,35,,5708,41,0,15 1 16,0,65,,5700,41,,,0,34,,5709,41,0,15 1 16,0,70,,5701,41,,,0,30,,5710,41,0,15 1 16,0,71,,5702,41,,,0,32,,5711,41,0,15 1 16,0,69,,5703,41,,,0,14,,5715,41,0,15 1 16,0,15,,5716,41,,,0,70,,5717,41,0,15 1 16,0,24,,5718,41,,,0,101,,5719,41,,,0,100,,5720,41,,,0,99,,5721,41,,,0,100,,5722,41,,,0,100,,5723,41,,,0
1101,'65032',644,,5742,8,,,0,98,,5743,8,,,0,95,,5741,41,,,0,79,,5724,19,,,0,34,,5733,41,0,15 1 16,0,65,,5725,41,,,0,35,,5734,41,0,15 1 16,0,65,,5726,41,,,0,35,,5735,41,0,15 1 16,0,65,,5727,41,,,0,35,,5736,41,0,15 1 16,0,65,,5728,41,,,0,35,,5737,41,0,15 1 16,0,65,,5729,41,,,0,34,,5738,41,0,15 1 16,0,70,,5730,41,,,0,30,,5739,41,0,15 1 16,0,71,,5731,41,,,0,32,,5740,41,0,15 1 16,0,69,,5732,41,,,0,14,,5744,41,0,15 1 16,0,15,,5745,41,,,0,70,,5746,41,0,15 1 16,0,24,,5747,41,,,0,101,,5748,41,,,0,100,,5749,41,,,0,99,,5750,41,,,0,100,,5751,41,,,0,100,,5752,41,,,0
1101,'65035',1527,,5753,8,0,15 1 16,0,106,,5754,19,0,15 1 16,0
1400,'65030',636,,5893,8,,,0,17,,5894,8,,,0,66,,5895,8,,,0,28,,5896,8,,,0,69,,5897,8,,,0,24,,5898,8,,,0,75,,5899,8,,,0,28,,5910,8,,,0,72,,5900,8,,,0,28,,5911,8,,,0,72,,5901,8,,,0,20,,5906,8,,,0,18,,5912,8,,,0,60,,5902,8,,,0,21,,5907,8,,,0,21,,5913,8,,,0,61,,5903,8,,,0,16,,5908,8,,,0,22,,5914,8,,,0,62,,5904,8,,,0,17,,5909,8,,,0,18,,5915,8,,,0,64,,5905,8,,,0,19,,5916,8,,,0,16,,5917,8,,,0,65,,5918,8,,,0,22,,5919,8,,,0,77,,5920,8,,,0,22,,5921,8,,,0,77,,5922,8,,,0,25,,5923,8,,,0,71,,5924,8,,,0,30,,5925,8,,,0,65,,5926,8,,,0,29,,5927,8,,,0,77,,5928,8,,,0,21,,5929,8,,,0,74,,5930,8,,,0,19,,5931,8,,,0,84,,5932,8,,,0,22,,5933,8,,,0,93,,5934,8,,,0
1400,'65031',707,,5944,8,,,0,97,,5945,8,,,0,46,,5935,8,,,0,103,,5936,8,,,0,98,,5937,8,,,0,100,,5938,8,,,0,100,,5939,8,,,0,101,,5940,8,,,0,100,,5941,8,,,0,99,,5942,8,,,0,105,,5943,8,,,0,96,,5946,8,,,0,151,,5947,8,,,0,100,,5948,8,,,0,101,,5949,8,,,0,101,,5950,8,,,0,101,,5951,8,,,0,116,,5952,8,,,0
1400,'65032',707,,5962,8,,,0,97,,5963,8,,,0,46,,5953,8,,,0,103,,5954,8,,,0,98,,5955,8,,,0,100,,5956,8,,,0,100,,5957,8,,,0,101,,5958,8,,,0,100,,5959,8,,,0,99,,5960,8,,,0,105,,5961,8,,,0,96,,5964,8,,,0,151,,5965,8,,,0,100,,5966,8,,,0,101,,5967,8,,,0,101,,5968,8,,,0,101,,5969,8,,,0,116,,5970,8,,,0
1400,'65036',742,,5971,8,,,0
2900,'65033',2438,,6951,8,,,0,70,,6952,8,,,0,30,,6953,8,,,0,70,,6954,8,,,0,30,,6955,8,,,0
91900,'65030',603,,7879,22,,,0
