100,'65030',905,,3974,21,,,0,98,,3975,21,,,0,99,,3976,21,,,0,101,,3977,21,,,0,99,,3978,21,,,0,100,,3979,21,,,0,231,,3991,21,,,0,69,,3992,21,,,0,30,,3993,21,,,0,26,,3994,21,,,0,175,,3995,21,,,0,101,,3996,21,,,0,92,,3997,21,,,0,93,,3998,21,0,5 6,0,101,,3999,21,0,5 6,0
100,'65031',1728,,4009,21,0,5 6,0
100,'65032',1728,,4020,21,0,5 6,0
200,'65030',621,,4076,19,,,0,29,,4077,19,,,0,65,,4078,19,,,0,31,,4079,19,,,0,75,,4080,19,,,0,26,,4109,19,,,0,55,,4081,19,,,0,26,,4082,19,,,0,26,,4083,19,,,0,65,,4084,19,,,0,28,,4085,19,,,0,70,,4086,19,,,0,32,,4087,19,,,0,71,,4088,19,,,0,30,,4089,19,,,0,70,,4090,19,,,0,29,,4091,19,,,0,70,,4092,19,,,0,31,,4093,19,,,0,70,,4094,19,,,0,36,,4095,19,,,0,71,,4096,19,,,0,78,,4097,19,,,0,29,,4098,19,,,0,66,,4099,19,,,0,30,,4100,19,,,0,27,,4101,19,,,0,60,,4102,19,,,0,31,,4103,19,,,0,67,,4104,19,,,0,100,,4105,19,,,0,105,,4106,19,,,0,98,,4107,19,,,0,103,,4108,19,,,0
200,'65031',716,,4119,19,,,0,100,,4120,19,,,0,95,,4110,19,,,0,40,,4111,19,,,0,100,,4112,19,,,0,100,,4113,19,,,0,100,,4114,19,,,0,100,,4115,19,,,0,100,,4116,19,,,0,105,,4117,19,,,0,102,,4118,19,,,0,142,,4121,19,,,0,28,,4122,19,,,0,92,,4123,19,,,0,100,,4125,19,,,0,100,,4126,19,,,0,100,,4124,19,,,0,100,,4127,19,,,0
200,'65032',716,,4137,19,,,0,100,,4138,19,,,0,95,,4128,19,,,0,40,,4129,19,,,0,100,,4130,19,,,0,100,,4131,19,,,0,100,,4132,19,,,0,100,,4133,19,,,0,100,,4134,19,,,0,105,,4135,19,,,0,102,,4136,19,,,0,142,,4139,19,,,0,28,,4140,19,,,0,92,,4141,19,,,0,100,,4143,19,,,0,100,,4144,19,,,0,100,,4142,19,,,0,100,,4145,19,,,0
300,'65030',619,,4213,36,,,0,15,,4269,36,,,0,15,,4214,36,,,0,55,,4215,36,,,0,14,,4216,36,,,0,10,,4217,36,,,0,10,,4218,36,,,0,7,,4219,36,,,0,8,,4220,36,,,0,50,,4221,36,,,0,10,,4222,36,,,0,16,,4223,36,,,0,15,,4224,36,,,0,14,,4270,36,,,0,55,,4225,36,,,0,20,,4226,36,,,0,20,,4227,36,,,0,60,,4228,36,,,0,20,,4229,36,,,0,20,,4230,36,,,0,60,,4231,36,,,0,20,,4232,36,,,0,20,,4233,36,,,0,60,,4234,36,,,0,20,,4235,36,,,0,20,,4236,36,,,0,60,,4237,36,,,0,20,,4238,36,,,0,20,,4239,36,,,0,60,,4240,36,,,0,20,,4241,36,,,0,15,,4242,36,,,0,55,,4243,36,,,0,15,,4245,36,,,0,15,,4251,36,,,0,10,,4246,36,,,0,10,,4247,36,,,0,49,,4248,36,,,0,10,,4249,36,,,0,10,,4250,36,,,0,20,,4252,36,,,0,15,,4253,36,,,0,55,,4254,36,,,0,15,,4255,36,,,0,21,,4256,36,,,0,60,,4257,36,,,0,20,,4258,36,,,0,20,,4259,36,,,0,65,,4260,36,,,0,30,,4261,36,,,0,70,,4262,36,,,0,30,,4267,36,,,0,65,,4263,36,,,0,20,,4264,36,,,0,20,,4265,36,,,0,78,,4266,36,,,0,32,,4244,36,,,0
300,'65031',718,,4287,36,,,0,25,,4288,36,,,0,73,,4289,36,,,0,23,,4300,36,,,0,64,,4271,36,,,0,29,,4272,36,,,0,70,,4273,36,,,0,29,,4274,36,,,0,70,,4275,36,,,0,30,,4276,36,,,0,70,,4277,36,,,0,30,,4278,36,,,0,70,,4279,36,,,0,30,,4280,36,,,0,70,,4281,36,,,0,30,,4282,36,,,0,70,,4283,36,,,0,30,,4284,36,,,0,70,,4285,36,,,0,30,,4286,36,,,0,27,,4290,36,,,0,62,,4291,36,,,0,18,,4292,36,,,0,70,,4293,36,,,0,34,,4294,36,,,0,75,,4295,36,,,0,32,,4301,36,,,0,71,,4296,36,,,0,100,,4297,36,,,0,100,,4298,36,,,0,100,,4299,36,,,0
300,'65032',718,,4318,36,,,0,25,,4319,36,,,0,73,,4320,36,,,0,23,,4331,36,,,0,64,,4302,36,,,0,29,,4303,36,,,0,70,,4304,36,,,0,29,,4305,36,,,0,70,,4306,36,,,0,30,,4307,36,,,0,70,,4308,36,,,0,30,,4309,36,,,0,70,,4310,36,,,0,30,,4311,36,,,0,70,,4312,36,,,0,30,,4313,36,,,0,70,,4314,36,,,0,30,,4315,36,,,0,70,,4316,36,,,0,30,,4317,36,,,0,27,,4321,36,,,0,62,,4322,36,,,0,18,,4323,36,,,0,70,,4324,36,,,0,34,,4325,36,,,0,75,,4326,36,,,0,32,,4332,36,,,0,71,,4327,36,,,0,100,,4328,36,,,0,100,,4329,36,,,0,100,,4330,36,,,0
700,'65030',620,,4944,22,,,0,16,,4945,22,0,5 6,0,19,,4946,22,,,0,61,,4947,22,,,0,16,,4948,22,0,5 6,0,5,,4949,30,,,0,7,,4950,22,,,0,7,,4951,30,0,5 6,0,8,,4952,22,,,0,46,,4953,22,0,5 6,0,11,,4954,30,,,0,21,,4955,22,,,0,16,,4956,22,0,5 6,0,55,,4963,22,,,0,26,,4970,22,,,0,17,,4957,22,0,5 6,0,60,,4964,22,,,0,22,,4971,22,,,0,19,,4958,22,0,5 6,0,59,,4965,22,,,0,22,,4972,22,,,0,19,,4959,22,0,5 6,0,60,,4966,22,,,0,22,,4973,30,,,0,20,,4960,22,0,5 6,0,58,,4967,22,,,0,21,,4974,30,,,0,20,,4961,22,0,5 6,0,59,,4968,22,,,0,21,,4975,22,,,0,18,,4962,22,,,0,61,,4969,22,,,0,23,,4976,30,,,0,20,,4977,22,,,0,76,,4978,22,,,0,23,,4979,30,,,0,75,,4980,22,,,0,29,,4981,30,,,0,65,,4982,30,,,0,20,,4983,30,,,0,67,,4984,22,,,0,34,,4985,22,,,0,66,,4986,22,,,0,34,,4987,30,,,0,65,,4988,22,,,0,35,,4989,30,,,0,76,,4990,22,,,0,101,,4991,30,,,0
700,'65031',621,,5009,22,0,5 6,0,99,,5010,22,,,0,98,,5011,30,,,0,34,,5000,22,0,5 6,0,70,,4992,30,,,0,21,,5001,22,0,5 6,0,70,,4993,22,,,0,31,,5002,22,0,5 6,0,69,,4994,22,,,0,26,,5003,22,0,5 6,0,75,,4995,22,,,0,30,,5004,22,0,5 6,0,70,,4996,22,,,0,30,,5005,22,0,5 6,0,71,,4997,22,,,0,30,,5006,22,0,5 6,0,70,,4998,22,,,0,30,,5007,22,0,5 6,0,69,,4999,22,0,5 6,0,35,,5008,22,0,5 6,0,70,,5012,22,0,5 6,0,31,,5013,22,0,5 6,0,68,,5014,30,,,0,102,,5015,30,,,0,100,,5016,30,,,0,100,,5017,30,,,0,100,,5018,30,,,0,99,,5019,30,,,0
700,'65032',621,,5037,22,0,5 6,0,99,,5038,22,,,0,98,,5039,30,,,0,34,,5028,22,0,5 6,0,70,,5020,30,,,0,21,,5029,22,0,5 6,0,70,,5021,22,,,0,31,,5030,22,0,5 6,0,69,,5022,22,,,0,26,,5031,22,0,5 6,0,75,,5023,22,,,0,30,,5032,22,0,5 6,0,70,,5024,22,,,0,30,,5033,22,0,5 6,0,71,,5025,22,,,0,30,,5034,22,0,5 6,0,70,,5026,22,,,0,30,,5035,22,0,5 6,0,69,,5027,22,0,5 6,0,35,,5036,22,0,5 6,0,70,,5040,22,0,5 6,0,31,,5041,22,0,5 6,0,68,,5042,30,,,0,102,,5043,30,,,0,100,,5044,30,,,0,100,,5045,30,,,0,100,,5046,30,,,0,99,,5047,30,,,0
800,'65030',625,,5160,20,,,1,16,,5212,20,,,1,11,,5161,20,,,1,61,,5162,20,,,1,10,,5163,20,,,1,15,,5164,20,,,1,15,,5165,20,,,1,55,,5166,20,,,1,15,,5167,20,,,1,15,,5168,20,,,1,62,,5169,20,,,1,20,,5170,20,,,1,20,,5171,20,,,1,60,,5172,20,,,1,20,,5173,20,,,1,20,,5174,20,,,1,60,,5175,20,,,1,20,,5176,20,,,1,20,,5177,20,,,1,60,,5178,20,,,1,20,,5179,20,,,1,21,,5180,20,,,1,61,,5181,20,,,1,20,,5182,20,,,1,18,,5183,20,,,1,60,,5184,20,,,1,22,,5185,20,,,1,17,,5186,20,,,1,19,,5187,20,,,1,50,,5188,20,,,1,15,,5189,20,,,1,15,,5190,20,,,1,14,,5191,20,,,1,56,,5192,20,,,1,8,,5193,20,,,1,7,,5194,20,,,1,10,,5195,20,,,1,13,,5196,20,,,1,57,,5197,20,,,1,20,,5198,20,,,1,15,,5199,20,,,1,62,,5200,20,,,1,18,,5201,20,,,1,17,,5202,20,,,1,23,,5203,20,,,1,70,,5204,20,,,1,30,,5205,20,,,1,70,,5206,20,,,1,30,,5207,20,,,1,75,,5208,20,,,1,25,,5209,20,,,1,67,,5210,20,,,1,100,,5211,20,,,1
800,'65031',625,,5229,20,,,1,101,,5230,20,,,1,29,,5231,20,,,1,69,,5232,20,,,1,19,,5233,20,,,1,71,,5213,20,,,1,30,,5214,20,,,1,69,,5215,20,,,1,31,,5216,20,,,1,69,,5217,20,,,1,30,,5218,20,,,1,70,,5219,20,,,1,30,,5220,20,,,1,70,,5221,20,,,1,30,,5222,20,,,1,70,,5223,20,,,1,30,,5224,20,,,1,70,,5225,20,,,1,31,,5226,20,,,1,71,,5227,20,,,1,29,,5228,20,,,1,70,,5234,20,,,1,32,,5235,20,,,1,70,,5242,20,,,1,22,,5236,20,,,1,64,,5243,20,,,1,23,,5237,20,,,1,100,,5238,20,,,1,100,,5239,20,,,1,100,,5240,20,,,1,100,,5241,20,,,1
800,'65032',625,,5260,20,,,1,101,,5261,20,,,1,29,,5262,20,,,1,69,,5263,20,,,1,19,,5264,20,,,1,71,,5244,20,,,1,30,,5245,20,,,1,69,,5246,20,,,1,31,,5247,20,,,1,69,,5248,20,,,1,30,,5249,20,,,1,70,,5250,20,,,1,30,,5251,20,,,1,70,,5252,20,,,1,30,,5253,20,,,1,70,,5254,20,,,1,30,,5255,20,,,1,70,,5256,20,,,1,31,,5257,20,,,1,71,,5258,20,,,1,29,,5259,20,,,1,70,,5265,20,,,1,32,,5266,20,,,1,70,,5273,20,,,1,22,,5267,20,,,1,64,,5274,20,,,1,23,,5268,20,,,1,100,,5269,20,,,1,100,,5270,20,,,1,100,,5271,20,,,1,100,,5272,20,,,1
1200,'65030',622,,5755,31,,,0,27,,5756,31,,,0,57,,5757,31,,,0,22,,5758,31,,,0,14,,5759,31,,,0,17,,5760,31,,,0,49,,5761,31,,,0,26,,5762,31,,,0,10,,5763,31,,,0,67,,5764,31,,,0,25,,5765,31,,,0,72,,5766,31,,,0,32,,5767,31,,,0,68,,5768,31,,,0,30,,5769,31,,,0,69,,5770,31,,,0,30,,5771,31,,,0,71,,5772,31,,,0,28,,5773,31,,,0,74,,5774,31,,,0,30,,5775,31,,,0,71,,5776,31,,,0,30,,5777,31,,,0,71,,5778,31,,,0,26,,5779,31,,,0,65,,5780,31,,,0,15,,5781,31,,,0,25,,5782,31,,,0,65,,5783,31,,,0,25,,5784,31,,,0,90,,5785,31,,,0,100,,5786,31,,,0,23,,5787,31,,,0,77,,5788,31,,,0
1200,'65031',720,,5798,31,,,0,101,,5799,31,,,0,95,,5789,31,,,0,87,,5790,31,,,0,100,,5791,31,,,0,99,,5792,31,,,0,100,,5793,31,,,0,100,,5794,31,,,0,100,,5795,31,,,0,100,,5796,31,,,0,100,,5797,31,,,0,41,,5800,31,,,0,75,,5801,31,,,0,100,,5802,31,,,0,102,,5803,31,,,0,100,,5804,31,,,0,99,,5805,31,,,0,100,,5806,31,,,0
1200,'65032',720,,5816,31,,,0,101,,5817,31,,,0,95,,5807,31,,,0,87,,5808,31,,,0,100,,5809,31,,,0,99,,5810,31,,,0,100,,5811,31,,,0,100,,5812,31,,,0,100,,5813,31,,,0,100,,5814,31,,,0,100,,5815,31,,,0,41,,5818,31,,,0,75,,5819,31,,,0,100,,5820,31,,,0,102,,5821,31,,,0,100,,5822,31,,,0,99,,5823,31,,,0,100,,5824,31,,,0
1400,'65030',648,,5893,32,,,0,59,,5894,32,,,0,27,,5895,32,,,0,71,,5896,32,,,0,29,,5897,32,,,0,22,,5898,32,,,0,72,,5899,32,,,0,28,,5910,32,,,0,72,,5900,32,,,0,28,,5911,32,,,0,73,,5901,32,,,0,22,,5906,32,,,0,58,,5912,32,,,0,20,,5902,32,,,0,21,,5907,32,,,0,61,,5913,32,,,0,19,,5903,32,,,0,16,,5908,32,,,0,62,,5914,32,,,0,22,,5904,32,,,0,18,,5909,32,,,0,58,,5915,32,,,0,27,,5905,32,,,0,20,,5916,32,,,0,56,,5917,32,,,0,25,,5918,32,,,0,21,,5919,32,,,0,76,,5920,32,,,0,22,,5921,32,,,0,75,,5922,32,,,0,25,,5923,32,,,0,70,,5924,32,,,0,30,,5925,32,,,0,64,,5926,32,,,0,29,,5927,32,,,0,77,,5928,32,,,0,21,,5929,32,,,0,74,,5930,32,,,0,18,,5931,32,,,0,84,,5932,32,,,0,22,,5933,32,,,0,92,,5934,32,,,0
1400,'65031',719,,5944,32,,,0,98,,5945,32,,,0,87,,5935,32,,,0,103,,5936,32,,,0,99,,5937,32,,,0,100,,5938,32,,,0,100,,5939,32,,,0,101,,5940,32,,,0,100,,5941,32,,,0,100,,5942,32,,,0,105,,5943,32,,,0,96,,5946,32,,,0,111,,5947,32,,,0,99,,5948,32,,,0,100,,5949,32,,,0,100,,5950,32,,,0,100,,5951,32,,,0,116,,5952,32,,,0
1400,'65032',719,,5962,32,,,0,98,,5963,32,,,0,87,,5953,32,,,0,103,,5954,32,,,0,99,,5955,32,,,0,100,,5956,32,,,0,100,,5957,32,,,0,101,,5958,32,,,0,100,,5959,32,,,0,100,,5960,32,,,0,105,,5961,32,,,0,96,,5964,32,,,0,111,,5965,32,,,0,99,,5966,32,,,0,100,,5967,32,,,0,100,,5968,32,,,0,100,,5969,32,,,0,116,,5970,32,,,0
1400,'65036',800,,5971,32,,,0
1900,'65030',712,,6530,37,,,0,41,,6531,37,,,0,55,,6532,37,,,0,30,,6533,37,,,0,70,,6534,37,,,0,31,,6548,37,,,0,70,,6547,37,,,0,31,,6546,37,,,0,70,,6545,37,,,0,30,,6544,37,,,0,71,,6543,37,,,0,32,,6542,37,,,0,68,,6541,37,,,0,32,,6540,37,,,0,69,,6539,37,,,0,28,,6538,37,,,0,72,,6537,37,,,0,31,,6536,37,,,0,75,,6535,37,,,0,22,,6555,37,,,0,63,,6554,37,,,0,23,,6553,37,,,0,28,,6552,37,,,0,67,,6551,37,,,0,28,,6550,37,,,0
2900,'65033',2443,,6951,18,,,0,70,,6952,18,,,0,30,,6953,18,,,0,70,,6954,18,,,0,30,,6955,18,,,0
5500,'65030',753,,7269,63,,,0,160,,7270,63,,,0,110,,7271,63,,,0,115,,7278,63,,,0,121,,7272,63,,,0,152,,7273,63,,,0,117,,7274,63,,,0,119,,7275,63,,,0,154,,7276,63,,,0,109,,7277,63,0,5 6,0
5500,'65031',847,,7284,63,,,0,111,,7286,63,,,0,151,,7285,63,,,0,110,,7283,63,,,0,113,,7282,63,,,0,110,,7281,63,,,0,113,,7280,63,,,0,145,,7279,63,0,5 6,0
5500,'65032',847,,7292,63,,,0,111,,7294,63,,,0,151,,7293,63,,,0,110,,7291,63,,,0,113,,7290,63,,,0,110,,7289,63,,,0,113,,7288,63,,,0,145,,7287,63,0,5 6,0
5700,'65030',928,,7321,42,,,0,104,,7322,42,,,0,120,,7323,42,,,0,105,,7324,42,,,0,160,,7325,42,,,0,105,,7326,42,,,0,120,,7327,42,,,0
5700,'65031',1134,,7333,42,,,0,113,,7332,42,,,0,102,,7331,42,,,0,152,,7330,42,,,0,102,,7329,42,,,0,112,,7328,42,0,56,0
5700,'65032',1134,,7339,42,,,0,113,,7338,42,,,0,102,,7337,42,,,0,152,,7336,42,,,0,102,,7335,42,,,0,112,,7334,42,0,56,0
90300,'65030',2327,,7807,43,,,0,107,,7808,43,,,0
90300,'65031',2435,,7811,43,,,0
90300,'65032',2435,,7813,43,,,0
91200,'65030',2221,,7852,34,,,0,100,,7853,34,,,0
91900,'65030',615,,7879,46,,,0
