200,'65020',628,,108,30,,,0,29,,109,30,,,0,66,,110,30,,,0,33,,111,30,,,0,75,,112,30,,,0,24,,141,30,,,0,55,,113,30,,,0,26,,114,30,,,0,67,,115,30,,,0,25,,116,30,,,0,28,,117,30,,,0,70,,118,30,,,0,32,,119,30,,,0,71,,120,30,,,0,30,,121,30,,,0,70,,122,30,,,0,29,,123,30,,,0,70,,124,30,,,0,31,,125,30,,,0,70,,126,30,,,0,77,,127,30,,,0,35,,128,30,,,0,75,,129,30,,,0,28,,130,30,,,0,65,,131,30,,,0,30,,132,30,,,0,66,,133,30,,,0,20,,134,30,,,0,31,,135,30,,,0,67,,136,30,,,0,100,,137,30,,,0,104,,138,30,,,0,98,,139,30,,,0,102,,140,30,,,0
200,'65021',722,,151,30,,,0,100,,152,30,,,0,96,,142,30,,,0,40,,143,30,,,0,100,,144,30,,,0,100,,145,30,,,0,100,,146,30,,,0,101,,147,30,,,0,100,,148,30,,,0,145,,149,30,,,0,101,,150,30,,,0,102,,153,30,,,0,28,,154,30,,,0,91,,155,30,,,0,100,,157,30,,,0,100,,158,30,,,0,100,,156,30,,,0,100,,159,30,,,0
200,'65022',722,,169,30,,,0,100,,170,30,,,0,96,,160,30,,,0,40,,161,30,,,0,100,,162,30,,,0,100,,163,30,,,0,100,,164,30,,,0,101,,165,30,,,0,100,,166,30,,,0,145,,167,30,,,0,101,,168,30,,,0,102,,171,30,,,0,28,,172,30,,,0,91,,173,30,,,0,100,,175,30,,,0,100,,176,30,,,0,100,,174,30,,,0,100,,177,30,,,0
400,'65020',639,,491,20,,,0,16,,486,20,,,0,52,,531,20,0,5 6 7,0,27,,490,20,0,5 6 7,0,80,,489,20,,,0,35,,494,23,,,0,67,,528,20,0,5 6 7,0,96,,492,20,0,5 6 7,0,122,,532,20,0,5 6 7,0,183,,529,20,0,5 6 7,0,37,,504,20,,,0,70,,505,20,,,0,15,,530,20,0,5 6 7,0,14,,506,20,,,0,57,,533,20,0,5 6 7,0,15,,493,20,,,0,16,,524,20,0,5 6 7,0,14,,507,20,,,0,67,,525,23,0,5 6 7,0,5,,508,23,,,0,4,,517,23,0,5 6 7,0,21,,509,20,,,0,56,,510,20,,,0,12,,526,20,0,5 6 7,0,10,,511,20,,,0,17,,518,20,0,5 6 7,0,12,,527,20,,,0,56,,534,20,0,5 6 7,0,35,,516,20,,,0,65,,515,20,,,0,31,,514,20,,,0,68,,513,20,,,0,36,,512,20,,,0,65,,519,20,0,5 6 7,0,20,,520,20,,,0,21,,521,20,0,5 6 7,0,69,,522,20,0,5 6 7,0,102,,523,20,0,5 6 7,0
400,'65021',723,,551,20,0,5 6 7,0,27,,562,20,0,5 6 7,0,72,,552,20,0,5 6 7,0,89,,543,20,,,0,29,,535,20,0,5 6 7,0,70,,544,20,,,0,31,,536,20,0,5 6 7,0,69,,545,20,,,0,30,,537,20,0,5 6 7,0,70,,546,20,,,0,30,,538,20,0,5 6 7,0,70,,547,20,,,0,32,,539,20,0,5 6 7,0,68,,548,20,,,0,32,,540,20,0,5 6 7,0,69,,549,20,,,0,31,,541,20,0,5 6 7,0,69,,550,20,,,0,29,,542,20,0,5 6 7,0,68,,561,20,,,0,21,,553,20,,,0,20,,554,20,,,0,75,,555,20,,,0,98,,556,20,0,5 6 7,0,98,,557,20,0,5 6 7,0,100,,558,20,0,5 6 7,0,99,,559,20,0,5 6 7,0,100,,560,20,0,5 6 7,0
400,'65022',723,,579,20,0,5 6 7,0,27,,590,20,0,5 6 7,0,72,,580,20,0,5 6 7,0,89,,571,20,,,0,29,,563,20,0,5 6 7,0,70,,572,20,,,0,31,,564,20,0,5 6 7,0,69,,573,20,,,0,30,,565,20,0,5 6 7,0,70,,574,20,,,0,30,,566,20,0,5 6 7,0,70,,575,20,,,0,32,,567,20,0,5 6 7,0,68,,576,20,,,0,32,,568,20,0,5 6 7,0,69,,577,20,,,0,31,,569,20,0,5 6 7,0,69,,578,20,,,0,29,,570,20,0,5 6 7,0,68,,589,20,,,0,21,,581,20,,,0,20,,582,20,,,0,75,,583,20,,,0,98,,584,20,0,5 6 7,0,98,,585,20,0,5 6 7,0,100,,586,20,0,5 6 7,0,99,,587,20,0,5 6 7,0,100,,588,20,0,5 6 7,0
900,'65020',713,,1419,25,,,0,15,,1420,25,,,0,89,,1421,25,,,0,27,,1422,25,,,0,64,,1427,25,,,0,20,,1426,25,,,0,80,,1428,25,,,0,20,,1434,25,,,0,80,,1429,25,,,0,20,,1435,25,,,0,79,,1430,25,,,0,20,,1436,25,,,0,80,,1431,25,,,0,21,,1437,25,,,0,80,,1432,25,,,0,20,,1438,25,,,0,25,,1452,25,,,0,63,,1433,25,,,0,21,,1439,25,,,0,65,,1440,25,,,0,29,,1441,25,,,0,20,,1442,25,,,0,65,,1443,25,,,0,26,,1444,25,,,0,76,,1447,25,,,0,25,,1445,25,,,0,77,,1446,25,,,0
900,'65021',1038,,1454,25,,,0,98,,1455,25,,,0,101,,1456,25,,,0,99,,1457,25,,,0,98,,1458,25,,,0,105,,1459,25,,,0,97,,1460,25,,,0
900,'65022',1038,,1469,25,,,0,98,,1470,25,,,0,101,,1471,25,,,0,99,,1472,25,,,0,98,,1473,25,,,0,105,,1474,25,,,0,97,,1475,25,,,0
1700,'65020',722,,2317,59,,,0,24,,2318,59,,,0,58,,2319,59,,,0,30,,2320,62,,,0,69,,2321,59,,,0,30,,2322,59,,,0,19,,2323,59,,,0,78,,2324,59,,,0,24,,2325,59,,,0,61,,2326,59,,,0,41,,2327,59,,,0,60,,2328,59,,,0,20,,2347,59,,,0,21,,2329,59,,,0,80,,2330,59,,,0,74,,2331,59,,,0,223,,2335,59,,,0,198,,2340,59,,,0
1700,'65025',814,,2379,59,,,0,30,,2378,62,,,0
2001,'65020',652,,2641,5,,,2,65,,2640,5,,,2,31,,2639,5,,,2,69,,2638,5,,,2,35,,2637,5,,,2,371,,2636,5,,,2,30,,2635,5,,,2,304,,2634,5,,,2,70,,2633,5,,,2,30,,2632,5,,,2,67,,2631,5,,,2,29,,2630,5,,,2,71,,2629,5,,,2
5101,'65020',700,,3235,24,,,0,23,,3236,24,,,0,85,,3237,24,,,0,16,,3238,24,,,0,80,,3240,24,,,0,27,,3239,24,,,0,28,,3241,24,,,0,69,,3242,24,,,0,30,,3243,24,,,0,73,,3244,24,,,0,28,,3245,24,,,0,70,,3246,24,,,0,27,,3247,24,,,0,72,,3248,24,,,0,30,,3249,24,,,0,73,,3250,24,,,0,28,,3251,24,,,0,78,,3252,24,,,0,65,,3253,24,,,0,30,,3254,24,,,0,68,,3255,24,,,0,27,,3256,24,,,0,23,,3257,24,,,0,69,,3258,24,,,0,95,,3259,24,,,0,45,,3263,24,,,0,87,,3262,24,,,0,96,,3261,24,,,0,80,,3260,24,,,0
5101,'65021',820,,3278,24,,,0,96,,3276,24,,,0,92,,3275,24,,,0,100,,3277,24,,,0,100,,3274,24,,,0,100,,3273,24,,,0,100,,3272,24,,,0,100,,3271,24,,,0,100,,3270,24,,,0,100,,3269,24,,,0,110,,3264,24,,,0,100,,3265,24,,,0,100,,3266,24,,,0,100,,3267,24,,,0,100,,3268,24,,,0
5101,'65022',820,,3293,24,,,0,96,,3291,24,,,0,92,,3290,24,,,0,100,,3292,24,,,0,100,,3289,24,,,0,100,,3288,24,,,0,100,,3287,24,,,0,100,,3286,24,,,0,100,,3285,24,,,0,100,,3284,24,,,0,110,,3279,24,,,0,100,,3280,24,,,0,100,,3281,24,,,0,100,,3282,24,,,0,100,,3283,24,,,0
5500,'65020',802,,3312,76,,,2,118,,3313,76,,,2,110,,3314,76,,,2,115,,3321,76,,,2,161,,3315,76,,,2,112,,3316,76,,,2,117,,3317,76,,,2,119,,3318,76,,,2,154,,3319,76,,,2,109,,3320,76,0,5 6 7,2
5500,'65021',853,,3327,76,,,2,151,,3329,76,,,2,111,,3328,76,,,2,110,,3326,76,,,2,113,,3325,76,,,2,110,,3324,76,,,2,153,,3323,76,,,2,105,,3322,76,0,5 6 7,2
5500,'65022',853,,3335,76,,,2,151,,3337,76,,,2,111,,3336,76,,,2,110,,3334,76,,,2,113,,3333,76,,,2,110,,3332,76,,,2,153,,3331,76,,,2,105,,3330,76,0,5 6 7,2
91700,'65020',623,,3914,59,,,0
