100,'65030',638,,3969,7,,,0,85,,3970,7,,,0,19,,3971,7,,,0,70,,3972,7,,,0,29,,3973,7,,,0,78,,3974,33,,,0,30,,3981,7,,,0,69,,3975,33,,,0,31,,3982,7,,,0,69,,3976,33,,,0,28,,3983,7,,,0,73,,3977,33,,,0,29,,3984,7,,,0,70,,3978,33,,,0,30,,3985,7,,,0,70,,3979,33,,,0,30,,3986,7,,,0,69,,3980,7,,,0,23,,3987,7,,,0,63,,3988,7,,,0,30,,3989,7,,,0,22,,3991,33,,,0,68,,3992,33,,,0,25,,3993,33,,,0,65,,3994,33,,,0,37,,3990,7,,,0,97,,3995,33,,,0,100,,3996,33,,,0,96,,3997,33,,,0
100,'65031',920,,4000,7,,,0,99,,4001,7,,,0,100,,4002,7,,,0,100,,4003,7,,,0,100,,4004,7,,,0,100,,4005,7,,,0,100,,4006,7,,,0,100,,4007,7,,,0,98,,4008,7,,,0,42,,4010,7,,,0
100,'65032',920,,4011,7,,,0,99,,4012,7,,,0,100,,4013,7,,,0,100,,4014,7,,,0,100,,4015,7,,,0,100,,4016,7,,,0,100,,4017,7,,,0,100,,4018,7,,,0,98,,4019,7,,,0,42,,4021,7,,,0
400,'65030',648,,4459,28,,,0,56,,4454,28,,,0,21,,4455,7,,,0,30,,4456,7,,,0,71,,4457,28,,,0,32,,4462,31,,,0,75,,4463,7,,,0,70,,4464,7,,,0,38,,4465,7,,,0,65,,4466,7,,,0,27,,4467,7,,,0,75,,4468,7,,,0,25,,4469,7,,,0,74,,4470,7,,,0,24,,4471,7,,,0,72,,4472,28,,,0,30,,4473,28,,,0,69,,4474,28,,,0,34,,4461,28,,,0,70,,4475,28,,,0,32,,4476,31,,,0,65,,4477,28,,,0,15,,4478,28,,,0,21,,4479,28,,,0,68,,4495,28,,,0,51,,4484,28,,,0,65,,4483,28,,,0,31,,4482,28,,,0,68,,4481,28,,,0,36,,4480,28,,,0,85,,4488,28,,,0
400,'65031',919,,4511,28,,,0,99,,4512,28,,,0,100,,4513,28,,,0,100,,4514,28,,,0,100,,4515,28,,,0,100,,4516,28,,,0,101,,4517,28,,,0,100,,4518,28,,,0,97,,4529,28,,,0,21,,4521,28,,,0,20,,4522,28,,,0,75,,4523,28,,,0
400,'65032',919,,4539,28,,,0,99,,4540,28,,,0,100,,4541,28,,,0,100,,4542,28,,,0,100,,4543,28,,,0,100,,4544,28,,,0,101,,4545,28,,,0,100,,4546,28,,,0,97,,4557,28,,,0,21,,4549,28,,,0,20,,4550,28,,,0,75,,4551,28,,,0
5500,'65030',815,,7269,84,,,0,115,,7270,84,,,0,110,,7271,84,,,0,115,,7278,84,,,0,161,,7272,84,,,0,112,,7273,84,,,0,118,,7274,84,,,0,160,,7275,84,,,0,112,,7276,84,,,0
5500,'65031',902,,7284,84,,,0,111,,7286,84,,,0,111,,7285,84,,,0,110,,7283,84,,,0,113,,7282,84,,,0,110,,7281,84,,,0,153,,7280,84,,,0
5500,'65032',902,,7292,84,,,0,111,,7294,84,,,0,111,,7293,84,,,0,110,,7291,84,,,0,113,,7290,84,,,0,110,,7289,84,,,0,153,,7288,84,,,0
90400,'65030',2213,,7814,7,0,7 58,0,28,,7815,7,0,7 58,0,100,,7816,7,0,7 58,0,106,,7817,7,,,0
90400,'65031',735,,7818,7,0,7 58,0,1202,,7819,7,0,7 58,0,100,,7820,7,0,7 58,0,100,,7821,7,0,7 58,0,100,,7822,7,0,7 58,0,98,,7823,7,0,7 58,0,112,,7824,7,,,0
90400,'65032',735,,7825,7,0,7 58,0,1202,,7826,7,0,7 58,0,100,,7827,7,0,7 58,0,100,,7828,7,0,7 58,0,100,,7829,7,0,7 58,0,98,,7830,7,0,7 58,0,112,,7831,7,,,0
