301,'65030',612,,4333,51,,,0,26,,4334,51,,,0,15,,4335,51,,,0,55,,4336,51,,,0,15,,4337,51,,,0,18,,4338,51,,,0,17,,4339,51,,,0,50,,4340,51,,,0,10,,4341,51,,,0,10,,4342,51,,,0,10,,4343,51,,,0,10,,4344,51,,,0,10,,4345,51,,,0,54,,4346,51,,,0,14,,4347,51,,,0,15,,4348,51,,,0,60,,4349,51,,,0,20,,4350,51,,,0,21,,4351,51,,,0,60,,4352,51,,,0,21,,4353,51,,,0,21,,4354,51,,,0,60,,4355,51,,,0,20,,4356,51,,,0,20,,4388,51,,,0,60,,4357,51,,,0,19,,4358,51,,,0,20,,4359,51,,,0,60,,4360,51,,,0,20,,4361,51,,,0,21,,4362,51,,,0,61,,4363,51,,,0,20,,4364,51,,,0,21,,4365,51,,,0,55,,4366,51,,,0,18,,4367,51,,,0,11,,4368,51,,,0,10,,4369,51,,,0,10,,4370,51,,,0,50,,4371,51,,,0,10,,4372,51,,,0,7,,4373,51,,,0,13,,4374,51,,,0,13,,4375,51,,,0,12,,4376,51,,,0,59,,4377,51,,,0,19,,4378,51,,,0,20,,4379,51,,,0,65,,4380,51,,,0,31,,4381,51,,,0,64,,4382,51,,,0,30,,4383,51,,,0,70,,4384,51,,,0,29,,4389,51,,,0,70,,4385,51,,,0,25,,4386,51,,,0,100,,4387,51,,,0
301,'65031',646,,4407,51,,,0,70,,4408,51,,,0,31,,4409,51,,,0,70,,4410,51,,,0,27,,4411,51,,,0,67,,4406,51,,,0,31,,4390,51,,,0,68,,4391,51,,,0,30,,4392,51,,,0,71,,4393,51,,,0,30,,4394,51,,,0,70,,4395,51,,,0,30,,4396,51,,,0,70,,4397,51,,,0,30,,4398,51,,,0,70,,4399,51,,,0,30,,4400,51,,,0,70,,4401,51,,,0,30,,4402,51,,,0,70,,4403,51,,,0,30,,4404,51,,,0,70,,4405,51,,,0,29,,4412,51,,,0,64,,4413,51,,,0,41,,4414,51,,,0,71,,4420,51,,,0,29,,4415,51,,,0,71,,4421,51,,,0,32,,4416,51,,,0,96,,4417,51,,,0,99,,4418,51,,,0,99,,4419,51,,,0
301,'65032',646,,4439,51,,,0,70,,4440,51,,,0,31,,4441,51,,,0,70,,4442,51,,,0,27,,4443,51,,,0,67,,4438,51,,,0,31,,4422,51,,,0,68,,4423,51,,,0,30,,4424,51,,,0,71,,4425,51,,,0,30,,4426,51,,,0,70,,4427,51,,,0,30,,4428,51,,,0,70,,4429,51,,,0,30,,4430,51,,,0,70,,4431,51,,,0,30,,4432,51,,,0,70,,4433,51,,,0,30,,4434,51,,,0,70,,4435,51,,,0,30,,4436,51,,,0,70,,4437,51,,,0,29,,4444,51,,,0,64,,4445,51,,,0,41,,4446,51,,,0,71,,4452,51,,,0,29,,4447,51,,,0,71,,4453,51,,,0,32,,4448,51,,,0,96,,4449,51,,,0,99,,4450,51,,,0,99,,4451,51,,,0
1701,'65030',650,2,6348,25,,,0,67,2,6349,25,,,0,32,2,6350,4,,,0,77,2,6351,25,,,0,20,2,6352,28,,,0,76,2,6353,4,,,0,26,2,6354,25,,,0,61,2,6355,25,,,0,41,2,6356,25,,,0,60,2,6357,4,,,0,20,2,6379,4,,,0,21,2,6358,4,,,0,80,2,6359,4,,,0,72,2,6360,4,,,0,28,2,6361,4,,,0,24,2,6362,25,,,0,81,2,6363,4,,,0,21,2,6364,25,,,0,62,2,6377,25,,,0,35,2,6365,25,,,0,57,2,6366,25,,,0,27,2,6367,25,,,0,19,2,6368,28,,,0,67,2,6369,25,,,0,27,2,6371,25,,,0,58,2,6370,25,,,0,32,2,6372,4,,,0,66,2,6373,4,,,0,26,2,6374,25,,,0,91,2,6375,4,,,0,96,2,6376,4,,,0,95,,6378,4,4,,0
1701,'65031',828,2,6388,4,,,0,95,2,6380,4,,,0,99,2,6381,4,,,0,101,2,6382,4,,,0,100,2,6383,4,,,0,100,2,6384,4,,,0,100,2,6385,4,,,0,100,2,6386,4,,,0,100,2,6387,4,,,0,104,2,6389,4,,,0,90,2,6390,4,,,0,85,2,6391,4,,,0,100,2,6392,4,,,0,100,2,6393,4,,,0
1701,'65032',828,2,6402,4,,,0,95,2,6394,4,,,0,99,2,6395,4,,,0,101,2,6396,4,,,0,100,2,6397,4,,,0,100,2,6398,4,,,0,100,2,6399,4,,,0,100,2,6400,4,,,0,100,2,6401,4,,,0,104,2,6403,4,,,0,90,2,6404,4,,,0,85,2,6405,4,,,0,100,2,6406,4,,,0,100,2,6407,4,,,0
1801,'65030',650,2,6475,3,,,0,67,2,6474,3,,,0,32,2,6473,3,,,0,77,2,6472,3,,,0,20,2,6471,3,,,0,76,2,6479,3,,,0,26,2,6483,3,,,0,61,2,6476,3,,,0,41,2,6484,3,,,0,60,2,6477,3,,,0,20,2,6501,3,,,0,21,2,6485,3,,,0,80,2,6478,3,,,0,72,2,6486,3,,,0,28,2,6480,3,,,0,24,2,6487,3,,,0,81,2,6481,3,,,0,21,2,6488,3,,,0,62,2,6482,3,,,0,35,2,6489,3,,,0,57,2,6490,3,,,0,27,2,6491,3,,,0,19,2,6492,3,,,0,67,2,6493,3,,,0,27,2,6494,3,,,0,58,2,6495,3,,,0,32,2,6496,3,,,0,66,2,6497,3,,,0,26,2,6498,3,,,0,91,2,6499,3,,,0,96,2,6500,3,,,0
1801,'65031',828,2,6510,3,,,0,95,2,6502,3,,,0,99,2,6503,3,,,0,101,2,6504,3,,,0,100,2,6505,3,,,0,100,2,6506,3,,,0,100,2,6507,3,,,0,100,2,6508,3,,,0,100,2,6509,3,,,0,104,2,6511,3,,,0,90,2,6512,3,,,0,85,2,6513,3,,,0,100,2,6514,3,,,0,100,2,6515,3,,,0
1801,'65032',828,2,6524,3,,,0,95,2,6516,3,,,0,99,2,6517,3,,,0,101,2,6518,3,,,0,100,2,6519,3,,,0,100,2,6520,3,,,0,100,2,6521,3,,,0,100,2,6522,3,,,0,100,2,6523,3,,,0,104,2,6525,3,,,0,90,2,6526,3,,,0,85,2,6527,3,,,0,100,2,6528,3,,,0,100,2,6529,3,,,0
91701,'65030',2358,,7867,4,,,0
91801,'65030',615,,7870,3,,,0,1602,,7871,3,,,0,83,41,7872,9,,,0
91801,'65031',2202,2,7874,9,,,0,98,42,7875,9,,,0,54,2,7873,3,,,0
91801,'65032',2202,2,7877,9,,,0,98,42,7878,9,,,0,54,2,7876,3,,,0
2400080001,'65030',632,,7917,11,,,1,70,,7916,11,,,1,33,,7915,11,,,1,72,,7914,11,,,1,30,,7913,11,,,1,70,,7912,11,,,1,28,,7911,11,,,1,101,,7910,11,,,1,96,,7909,11,,,1,103,,7908,11,,,1,99,,7907,11,,,1,103,,7906,11,,,1,102,,7905,11,,,1,70,,7904,11,,,1,30,,7903,11,,,1,74,,7902,11,,,1,24,,7901,11,,,1,68,,7900,11,,,1,27,,7899,11,,,1
