100,'65030',853,,3974,3,,,0,98,,3975,3,,,0,99,,3976,3,,,0,100,,3977,3,,,0,99,,3978,3,,,0,100,,3979,3,,,0,268,,3991,3,,,0,29,,3992,3,,,0,71,,3993,3,,,0,28,,3994,3,,,0,177,,3995,3,,,0,101,,3996,3,,,0,92,,3997,3,,,0,94,,3998,3,0,5 6,0,101,,3999,3,0,5 6,0
100,'65031',1714,,4009,3,0,5 6,0
100,'65032',1714,,4020,3,0,5 6,0
400,'65030',630,,4459,3,,,0,16,,4454,3,,,0,11,,4499,3,0,5 6,0,65,,4458,3,0,5 6,0,37,,4457,3,,,0,73,,4462,3,,,0,73,,4496,3,0,5 6,0,97,,4460,3,0,5 6,0,122,,4500,3,0,5 6,0,182,,4497,3,0,5 6,0,37,,4472,3,,,0,70,,4473,3,,,0,15,,4498,3,0,5 6,0,14,,4474,3,,,0,16,,4501,3,0,5 6,0,55,,4461,3,,,0,16,,4492,3,0,5 6,0,14,,4475,3,,,0,59,,4493,3,0,5 6,0,5,,4476,3,,,0,4,,4485,3,0,5 6,0,25,,4477,3,,,0,18,,4478,3,,,0,52,,4494,3,0,5 6,0,10,,4479,3,,,0,17,,4486,3,0,5 6,0,14,,4495,3,,,0,57,,4502,3,0,5 6,0,35,,4484,3,,,0,66,,4483,3,,,0,32,,4482,3,,,0,68,,4481,3,,,0,36,,4480,3,,,0,65,,4487,3,0,5 6,0,20,,4488,3,,,0,21,,4489,3,0,5 6,0,69,,4490,3,0,5 6,0,102,,4491,3,0,5 6,0
400,'65031',715,,4519,3,0,5 6,0,27,,4530,3,0,5 6,0,71,,4520,3,0,5 6,0,88,,4511,3,,,0,29,,4503,3,0,5 6,0,29,,4512,3,,,0,71,,4504,3,0,5 6,0,29,,4513,3,,,0,70,,4505,3,0,5 6,0,30,,4514,3,,,0,70,,4506,3,0,5 6,0,30,,4515,3,,,0,72,,4507,3,0,5 6,0,28,,4516,3,,,0,72,,4508,3,0,5 6,0,69,,4517,3,,,0,31,,4509,3,0,5 6,0,69,,4518,3,,,0,29,,4510,3,0,5 6,0,28,,4529,3,,,0,61,,4521,3,,,0,21,,4522,3,,,0,75,,4523,3,,,0,99,,4524,3,0,5 6,0,98,,4525,3,0,5 6,0,100,,4526,3,0,5 6,0,100,,4527,3,0,5 6,0,100,,4528,3,0,5 6,0
400,'65032',715,,4547,3,0,5 6,0,27,,4558,3,0,5 6,0,71,,4548,3,0,5 6,0,88,,4539,3,,,0,29,,4531,3,0,5 6,0,29,,4540,3,,,0,71,,4532,3,0,5 6,0,29,,4541,3,,,0,70,,4533,3,0,5 6,0,30,,4542,3,,,0,70,,4534,3,0,5 6,0,30,,4543,3,,,0,72,,4535,3,0,5 6,0,28,,4544,3,,,0,72,,4536,3,0,5 6,0,69,,4545,3,,,0,31,,4537,3,0,5 6,0,69,,4546,3,,,0,29,,4538,3,0,5 6,0,28,,4557,3,,,0,61,,4549,3,,,0,21,,4550,3,,,0,75,,4551,3,,,0,99,,4552,3,0,5 6,0,98,,4553,3,0,5 6,0,100,,4554,3,0,5 6,0,100,,4555,3,0,5 6,0,100,,4556,3,0,5 6,0
1700,'65030',712,,6285,42,,,0,19,,6286,42,,,0,18,,6287,42,,,0,68,,6288,42,,,0,33,,6289,42,,,0,73,,6290,42,,,0,19,,6291,42,,,0,78,,6292,42,,,0,24,,6293,42,,,0,61,,6294,42,,,0,41,,6295,42,,,0,59,,6296,42,,,0,20,,6315,42,,,0,21,,6297,42,,,0,80,,6298,42,,,0,74,,6299,42,,,0,218,,6303,42,,,0,203,,6308,42,,,0
1700,'65035',759,,6347,42,,,0,68,,6346,42,,,0
5700,'65030',905,,7321,3,,,0,101,,7322,3,,,0,120,,7323,3,,,0,105,,7324,3,,,0,121,,7325,3,,,0,105,,7326,3,,,0,160,,7327,3,,,0
5700,'65031',1110,,7333,3,,,0,113,,7332,3,,,0,102,,7331,3,,,0,112,,7330,3,,,0,102,,7329,3,,,0,112,,7328,3,0,7 1 21,0
5700,'65032',1110,,7339,3,,,0,113,,7338,3,,,0,102,,7337,3,,,0,112,,7336,3,,,0,102,,7335,3,,,0,112,,7334,3,0,7 1 21,0
91700,'65030',615,,7863,42,,,0
