100,'65040',859,,7922,26,,,0,100,,7923,26,,,0,100,,7924,26,,,0,99,,7925,26,,,0,100,,7926,26,,,0,100,,7927,26,,,0,293,,7928,26,,,0,67,,7929,26,,,0,31,,7930,26,,,0,192,,7931,26,,,0,105,,7932,26,,,0,89,,7933,26,,,0,90,,7934,26,0,5 6 2 68,0,101,,7935,26,0,5 6 2 68,0
100,'65041',1737,,7951,26,0,5 6 2 68,0
100,'65042',1737,,7962,26,0,5 6 2 68,0
101,'65040',655,,7964,23,,,0,60,,7965,23,,,0,22,,7966,23,,,0,20,,7977,23,0,5 6 2 65,0,74,,7978,23,0,5 6 2 65,0,95,,7967,23,,,0,100,,7968,23,,,0,100,,7969,23,,,0,99,,7970,23,,,0,100,,7971,23,,,0,100,,7972,23,,,0,78,,7979,23,0,5 6 2 65,0,31,,7980,23,0,5 6 2 65,0,66,,7973,23,,,0,32,,7981,23,0,5 6 2 65,0,27,,7982,23,0,5 6 2 65,0,59,,7983,23,0,5 6 2 65,0,25,,7976,23,,,0,70,,7985,23,0,5 6 2 65,0,105,,7984,23,0,5 6 2 65,0,86,,7975,23,,,0,105,,7974,23,,,0,49,,7986,23,0,5 6 2 65,0
101,'65041',819,,7998,23,0,5 6 2 65,0,121,,7989,23,0,5 6 2 65,0,101,,7990,23,0,5 6 2 65,0,100,,7991,23,0,5 6 2 65,0,100,,7992,23,0,5 6 2 65,0,99,,7993,23,0,5 6 2 65,0,99,,7994,23,0,5 6 2 65,0,101,,7995,23,0,5 6 2 65,0,101,,7996,23,0,5 6 2 65,0,82,,7997,23,0,5 6 2 65,0,95,,7999,23,0,5 6 2 65,0
101,'65042',819,,8009,23,0,5 6 2 65,0,121,,8000,23,0,5 6 2 65,0,101,,8001,23,0,5 6 2 65,0,100,,8002,23,0,5 6 2 65,0,100,,8003,23,0,5 6 2 65,0,99,,8004,23,0,5 6 2 65,0,99,,8005,23,0,5 6 2 65,0,101,,8006,23,0,5 6 2 65,0,101,,8007,23,0,5 6 2 65,0,82,,8008,23,0,5 6 2 65,0,95,,8010,23,0,5 6 2 65,0
300,'65040',624,,8132,41,,,0,25,,8133,41,,,0,56,,8134,41,,,0,18,,8135,41,,,0,12,,8136,41,,,0,14,,8137,41,,,0,56,,8138,41,,,0,15,,8139,41,,,0,13,,8140,41,,,0,17,,8141,41,,,0,60,,8142,41,,,0,20,,8143,41,,,0,21,,8144,41,,,0,60,,8145,41,,,0,20,,8146,41,,,0,20,,8147,41,,,0,60,,8148,41,,,0,20,,8149,41,,,0,20,,8150,41,,,0,58,,8151,41,,,0,22,,8152,41,,,0,20,,8153,41,,,0,60,,8154,41,,,0,20,,8155,41,,,0,20,,8156,41,,,0,60,,8157,41,,,0,15,,8158,41,,,0,13,,8159,41,,,0,17,,8181,41,,,0,55,,8160,41,,,0,15,,8161,41,,,0,14,,8162,41,,,0,62,,8163,41,,,0,15,,8164,41,,,0,20,,8165,41,,,0,65,,8166,41,,,0,25,,8167,41,,,0,29,,8168,41,,,0,60,,8169,41,,,0,19,,8170,41,,,0,20,,8171,41,,,0,65,,8172,41,,,0,28,,8173,41,,,0,73,,8174,41,,,0,27,,8175,41,,,0,67,,8180,41,,,0,20,,8176,41,,,0,19,,8177,41,,,0,77,,8178,41,,,0
300,'65041',720,,8198,41,,,0,20,,8199,41,,,0,71,,8200,41,,,0,28,,8211,41,,,0,71,,8182,41,,,0,30,,8183,41,,,0,70,,8184,41,,,0,30,,8185,41,,,0,70,,8186,41,,,0,31,,8187,41,,,0,70,,8188,41,,,0,30,,8189,41,,,0,70,,8190,41,,,0,30,,8191,41,,,0,69,,8192,41,,,0,31,,8193,41,,,0,70,,8194,41,,,0,30,,8195,41,,,0,70,,8196,41,,,0,30,,8197,41,,,0,70,,8201,41,,,0,15,,8202,41,,,0,18,,8203,41,,,0,72,,8204,41,,,0,34,,8205,41,,,0,76,,8206,41,,,0,31,,8212,41,,,0,70,,8207,41,,,0,100,,8208,41,,,0,100,,8209,41,,,0,98,,8210,41,,,0
300,'65042',720,,8229,41,,,0,20,,8230,41,,,0,71,,8231,41,,,0,28,,8242,41,,,0,71,,8213,41,,,0,30,,8214,41,,,0,70,,8215,41,,,0,30,,8216,41,,,0,70,,8217,41,,,0,31,,8218,41,,,0,70,,8219,41,,,0,30,,8220,41,,,0,70,,8221,41,,,0,30,,8222,41,,,0,69,,8223,41,,,0,31,,8224,41,,,0,70,,8225,41,,,0,30,,8226,41,,,0,70,,8227,41,,,0,30,,8228,41,,,0,70,,8232,41,,,0,15,,8233,41,,,0,18,,8234,41,,,0,72,,8235,41,,,0,34,,8236,41,,,0,76,,8237,41,,,0,31,,8243,41,,,0,70,,8238,41,,,0,100,,8239,41,,,0,100,,8240,41,,,0,98,,8241,41,,,0
401,'65040',649,,8456,32,,,0,61,,8457,32,,,0,17,,8458,32,,,0,75,,8459,32,,,0,34,,8460,32,,,0,22,,8461,32,,,0,74,,8462,32,,,0,91,,8463,32,,,0,99,,8464,32,,,0,100,,8480,32,,,0,100,,8479,32,,,0,80,,8478,32,,,0,106,,8477,32,0,5 6 2 70,0,24,,8476,32,,,0,70,,8475,32,,,0,30,,8474,32,,,0,69,,8473,32,,,0,19,,8472,32,,,0,31,,8471,32,,,0,74,,8470,32,,,0,80,,8469,32,,,0,45,,8468,32,,,0,69,,8467,32,,,0,31,,8466,32,,,0,72,,8465,32,,,0,92,,8481,32,0,5 6 2 70,0
401,'65041',822,,8516,32,,,0,78,,8530,32,,,0,45,,8508,32,,,0,100,,8509,32,,,0,100,,8510,32,,,0,100,,8511,32,,,0,101,,8512,32,,,0,100,,8513,32,,,0,100,,8514,32,,,0,100,,8515,32,,,0,99,,8529,32,,,0,61,,8520,32,,,0,22,,8521,32,,,0
401,'65042',822,,8547,32,,,0,78,,8561,32,,,0,45,,8539,32,,,0,100,,8540,32,,,0,100,,8541,32,,,0,100,,8542,32,,,0,101,,8543,32,,,0,100,,8544,32,,,0,100,,8545,32,,,0,100,,8546,32,,,0,99,,8560,32,,,0,61,,8551,32,,,0,22,,8552,32,,,0
700,'65040',627,,8806,27,,,0,18,,8841,27,0,5 6 2 69,0,57,,8807,27,,,0,23,,8808,35,,,0,15,,8842,27,0,5 6 2 69,0,60,,8809,35,,,0,11,,8843,27,0,5 6 2 69,0,18,,8810,27,,,0,16,,8844,27,0,5 6 2 69,0,59,,8811,35,,,0,23,,8812,27,,,0,25,,8813,27,,,0,57,,8845,27,0,5 6 2 69,0,25,,8814,27,,,0,18,,8815,27,,,0,60,,8846,35,0,5 6 2 69,0,20,,8816,35,,,0,20,,8817,35,,,0,53,,8847,27,0,5 6 2 69,0,23,,8818,27,,,0,24,,8819,35,,,0,55,,8848,27,0,5 6 2 69,0,21,,8820,27,,,0,23,,8821,35,,,0,56,,8822,27,,,0,21,,8823,27,,,0,26,,8824,35,,,0,57,,8825,27,,,0,20,,8826,27,,,0,27,,8827,27,,,0,59,,8828,27,,,0,28,,8829,27,,,0,59,,8849,35,0,5 6 2 69,0,17,,8830,35,,,0,26,,8831,27,,,0,72,,8832,35,,,0,28,,8833,27,,,0,68,,8834,27,,,0,31,,8835,27,,,0,74,,8836,27,,,0,25,,8837,27,,,0,70,,8838,27,,,0,41,,8839,35,,,0,69,,8840,27,,,0,104,,8850,35,,,0
700,'65041',620,,8865,27,0,5 6 2 69,0,103,,8866,27,,,0,98,,8877,35,,,0,24,,8876,27,0,5 6 2 69,0,71,,8878,27,,,0,30,,8875,27,0,5 6 2 69,0,70,,8851,27,,,0,30,,8858,27,0,5 6 2 69,0,70,,8852,27,,,0,31,,8859,27,0,5 6 2 69,0,70,,8853,27,,,0,30,,8860,27,0,5 6 2 69,0,70,,8854,27,,,0,30,,8861,27,0,5 6 2 69,0,70,,8855,27,,,0,30,,8862,27,0,5 6 2 69,0,70,,8856,27,,,0,30,,8863,27,0,5 6 2 69,0,70,,8857,27,0,5 6 2 69,0,30,,8864,27,0,5 6 2 69,0,70,,8867,27,0,5 6 2 69,0,30,,8868,27,0,5 6 2 69,0,82,,8872,35,,,0,95,,8874,27,,,0,100,,8873,35,,,0,100,,8869,35,,,0,100,,8870,35,,,0,98,,8871,35,,,0
700,'65042',620,,8893,27,0,5 6 2 69,0,103,,8894,27,,,0,98,,8905,35,,,0,24,,8904,27,0,5 6 2 69,0,71,,8906,27,,,0,30,,8903,27,0,5 6 2 69,0,70,,8879,27,,,0,30,,8886,27,0,5 6 2 69,0,70,,8880,27,,,0,31,,8887,27,0,5 6 2 69,0,70,,8881,27,,,0,30,,8888,27,0,5 6 2 69,0,70,,8882,27,,,0,30,,8889,27,0,5 6 2 69,0,70,,8883,27,,,0,30,,8890,27,0,5 6 2 69,0,70,,8884,27,,,0,30,,8891,27,0,5 6 2 69,0,70,,8885,27,0,5 6 2 69,0,30,,8892,27,0,5 6 2 69,0,70,,8895,27,0,5 6 2 69,0,30,,8896,27,0,5 6 2 69,0,82,,8900,35,,,0,95,,8902,27,,,0,100,,8901,35,,,0,100,,8897,35,,,0,100,,8898,35,,,0,98,,8899,35,,,0
901,'65040',628,,9312,30,0,5 6 2 71,0,81,,9289,30,,,0,25,,9290,30,,,0,70,,9291,30,,,0,30,,9302,30,0,5 6 2 71,0,85,,9292,30,,,0,100,,9293,30,,,0,100,,9294,30,,,0,102,,9295,30,,,0,31,,9296,30,,,0,101,,9297,30,,,0,100,,9298,30,,,0,70,,9299,30,,,0,28,,9300,30,,,0,71,,9311,30,0,5 6 2 71,0,32,,9310,30,0,5 6 2 71,0,71,,9301,30,,,0,23,,9309,30,0,5 6 2 71,0,71,,9308,30,0,5 6 2 71,0,98,,9307,30,0,5 6 2 71,0,84,,9306,30,0,5 6 2 71,0,100,,9305,30,0,5 6 2 71,0,24,,9304,30,0,5 6 2 71,0,90,,9303,30,0,5 6 2 71,0
901,'65041',821,,9322,30,0,5 6 2 71,0,94,,9321,30,0,5 6 2 71,0,100,,9313,30,,,0,101,,9314,30,,,0,101,,9320,30,,,0,100,,9319,30,,,0,100,,9318,30,,,0,100,,9317,30,,,0,101,,9316,30,,,0,101,,9315,30,,,0,111,,9323,30,0,5 6 2 71,0,94,,9324,30,0,5 6 2 71,0,88,,9325,30,0,5 6 2 71,0,99,,9326,30,0,5 6 2 71,0,100,,9327,30,0,5 6 2 71,0
901,'65042',821,,9338,30,0,5 6 2 71,0,94,,9337,30,0,5 6 2 71,0,100,,9329,30,,,0,101,,9330,30,,,0,101,,9336,30,,,0,100,,9335,30,,,0,100,,9334,30,,,0,100,,9333,30,,,0,101,,9332,30,,,0,101,,9331,30,,,0,111,,9339,30,0,5 6 2 71,0,94,,9340,30,0,5 6 2 71,0,88,,9341,30,0,5 6 2 71,0,99,,9342,30,0,5 6 2 71,0,100,,9343,30,0,5 6 2 71,0
1200,'65040',627,,9537,36,,,0,27,,9538,36,,,0,64,,9539,36,,,0,31,,9540,36,,,0,61,,9541,36,,,0,29,,9542,36,,,0,74,,9543,36,,,0,31,,9544,36,,,0,69,,9545,36,,,0,31,,9546,36,,,0,70,,9547,36,,,0,29,,9548,36,,,0,71,,9549,36,,,0,30,,9550,36,,,0,70,,9551,36,,,0,28,,9552,36,,,0,72,,9553,36,,,0,26,,9554,36,,,0,69,,9555,36,,,0,20,,9556,36,,,0,29,,9557,36,,,0,56,,9558,36,,,0,30,,9559,36,,,0,65,,9560,36,,,0,30,,9561,36,,,0,75,,9562,36,,,0,24,,9563,36,,,0,91,,9564,36,,,0,25,,9565,36,,,0,75,,9566,36,,,0,26,,9567,36,,,0,79,,9568,36,,,0
1200,'65041',723,,9578,36,,,0,99,,9579,36,,,0,91,,9569,36,,,0,30,,9586,36,,,0,70,,9570,36,,,0,30,,9587,36,,,0,71,,9571,36,,,0,28,,9588,36,,,0,72,,9572,36,,,0,28,,9589,36,,,0,72,,9573,36,,,0,28,,9590,36,,,0,72,,9574,36,,,0,28,,9591,36,,,0,72,,9575,36,,,0,28,,9592,36,,,0,72,,9576,36,,,0,30,,9593,36,,,0,70,,9594,36,,,0,34,,9577,36,,,0,69,,9580,36,,,0,106,,9581,36,,,0,102,,9582,36,,,0,100,,9583,36,,,0,98,,9584,36,,,0,99,,9585,36,,,0
1200,'65042',723,,9604,36,,,0,99,,9605,36,,,0,91,,9595,36,,,0,30,,9612,36,,,0,70,,9596,36,,,0,30,,9613,36,,,0,71,,9597,36,,,0,28,,9614,36,,,0,72,,9598,36,,,0,28,,9615,36,,,0,72,,9599,36,,,0,28,,9616,36,,,0,72,,9600,36,,,0,28,,9617,36,,,0,72,,9601,36,,,0,28,,9618,36,,,0,72,,9602,36,,,0,30,,9619,36,,,0,70,,9620,36,,,0,34,,9603,36,,,0,69,,9606,36,,,0,106,,9607,36,,,0,102,,9608,36,,,0,100,,9609,36,,,0,98,,9610,36,,,0,99,,9611,36,,,0
1400,'65040',653,,9702,37,,,0,75,,9703,37,,,0,16,,9704,37,,,0,70,,9705,37,,,0,28,,9706,37,,,0,71,,9707,37,,,0,21,,9708,37,,,0,79,,9709,37,,,0,22,,9710,37,,,0,20,,9711,37,,,0,80,,9712,37,,,0,20,,9713,37,,,0,60,,9714,37,,,0,21,,9715,37,,,0,72,,9716,37,,,0,22,,9717,37,,,0,25,,9718,37,,,0,60,,9719,37,,,0,42,,9739,37,,,0,68,,9720,37,,,0,32,,9721,37,,,0,67,,9722,37,,,0,12,,9723,37,,,0,77,,9724,37,,,0,30,,9725,37,,,0,60,,9726,37,,,0,33,,9727,37,,,0,64,,9728,37,,,0,26,,9729,37,,,0,27,,9730,37,,,0,70,,9731,37,,,0,30,,9732,37,,,0,66,,9733,37,,,0,23,,9734,37,,,0,81,,9735,37,,,0,97,,9736,37,,,0,28,,9737,37,,,0,92,,9738,37,,,0
1400,'65041',720,,9748,37,,,0,101,,9749,37,,,0,90,,9740,37,,,0,100,,9741,37,,,0,102,,9742,37,,,0,100,,9743,37,,,0,103,,9744,37,,,0,100,,9757,37,,,0,100,,9745,37,,,0,100,,9746,37,,,0,99,,9747,37,,,0,102,,9750,37,,,0,108,,9751,37,,,0,101,,9752,37,,,0,100,,9753,37,,,0,98,,9754,37,,,0,99,,9755,37,,,0,116,,9756,37,,,0
1400,'65042',720,,9766,37,,,0,101,,9767,37,,,0,90,,9758,37,,,0,100,,9759,37,,,0,102,,9760,37,,,0,100,,9761,37,,,0,103,,9762,37,,,0,100,,9775,37,,,0,100,,9763,37,,,0,100,,9764,37,,,0,99,,9765,37,,,0,102,,9768,37,,,0,108,,9769,37,,,0,101,,9770,37,,,0,100,,9771,37,,,0,98,,9772,37,,,0,99,,9773,37,,,0,116,,9774,37,,,0
1900,'65040',721,,10267,42,,,0,35,,10268,42,,,0,61,,10269,42,,,0,103,,10270,42,,,0,101,,10271,42,,,0,101,,10272,42,,,0,100,,10273,42,,,0,96,,10274,42,,,0,100,,10275,42,,,0,101,,10276,42,,,0,82,,10277,42,,,0,40,,10278,42,,,0,70,,10279,42,,,0,30,,10280,42,,,0,69,,10281,42,,,0,43,,10282,42,,,0
5501,'65040',735,,10979,40,,,2,122,,10972,40,,,2,155,,10980,40,,,2,113,,10973,40,,,2,117,,10981,40,,,2,158,,10974,40,,,2,113,,10977,40,,,2,123,,10975,40,,,2,115,,10978,40,,,2,156,,10976,40,0,5 6 2 65,2
5501,'65041',834,,10989,40,,,2,110,,10988,40,,,2,110,,10987,40,,,2,150,,10986,40,,,2,110,,10985,40,,,2,110,,10984,40,,,2,109,,10982,40,,,2,112,,10983,40,0,5 6 2 65,2
5501,'65042',834,,10997,40,,,2,110,,10996,40,,,2,110,,10995,40,,,2,150,,10994,40,,,2,110,,10993,40,,,2,110,,10992,40,,,2,109,,10990,40,,,2,112,,10991,40,0,5 6 2 65,2
90300,'65040',2332,,11467,48,,,0,106,,11468,48,,,0
90300,'65041',2439,,11471,48,,,0
90300,'65042',2439,,11473,48,,,0
90401,'65040',618,,11492,39,,,0,1702,,11493,39,,,0
90401,'65041',621,,11494,39,,,0,102,,11495,39,,,0,1199,,11496,39,,,0,100,,11497,39,,,0,100,,11498,39,,,0,99,,11499,39,,,0,101,,11500,39,,,0
90401,'65042',621,,11501,39,,,0,102,,11502,39,,,0,1199,,11503,39,,,0,100,,11504,39,,,0,100,,11505,39,,,0,99,,11506,39,,,0,101,,11507,39,,,0
90801,'65040',2445,,11509,40,,,0
90801,'65041',2445,,11510,40,,,0
90801,'65042',2445,,11511,40,,,0
91200,'65040',2226,,11512,39,,,0,100,,11513,39,,,0
91900,'65040',621,,11539,51,,,0
