100,'65030',852,8,3974,1,,,0,98,27,3975,1,,,0,99,17,3976,1,,,0,100,12,3977,1,,,0,99,,3978,1,,,0,100,12,3979,1,,,0,267,,3991,1,,,0,29,9,3992,1,,,0,71,10,3993,1,,,0,28,13,3994,1,,,0,178,20,3995,1,,,0,101,63,3996,1,,,0,92,4,3997,1,,,0,95,2,3998,1,0,5 6,0,101,3,3999,1,0,5 6,0
100,'65031',1712,,4009,1,0,5 6,0
100,'65032',1712,,4020,1,0,5 6,0
400,'65030',629,7,4459,1,,,0,16,,4454,1,,,0,11,8,4499,1,0,5 6,0,64,6,4458,1,0,5 6,0,37,10,4457,1,,,0,73,9,4462,1,,,0,73,50,4496,1,0,5 6,0,98,64,4460,1,0,5 6,0,122,,4500,1,0,5 6,0,182,54,4497,1,0,5 6,0,37,17,4472,1,,,0,70,7,4473,1,,,0,15,7,4498,1,0,5 6,0,14,7,4474,1,,,0,16,9,4501,1,0,5 6,0,55,,4461,1,,,0,15,7,4492,1,0,5 6,0,14,6,4475,1,,,0,59,64,4493,1,0,5 6,0,5,55,4476,1,,,0,4,57,4485,1,0,5 6,0,25,19,4477,1,,,0,18,16,4478,1,,,0,52,56,4494,1,0,5 6,0,10,62,4479,1,,,0,17,24,4486,1,0,5 6,0,14,27,4495,1,,,0,57,49,4502,1,0,5 6,0,35,8,4484,1,,,0,66,51,4483,1,,,0,33,8,4482,1,,,0,68,48,4481,1,,,0,36,17,4480,1,,,0,65,54,4487,1,0,5 6,0,20,9,4488,1,,,0,21,4,4489,1,0,5 6,0,69,6,4490,1,0,5 6,0,102,3,4491,1,0,5 6,0
400,'65031',714,6,4519,1,0,5 6,0,27,16,4530,1,0,5 6,0,71,56,4520,1,0,5 6,0,88,,4511,1,,,0,29,12,4503,1,0,5 6,0,29,5,4512,1,,,0,71,17,4504,1,0,5 6,0,29,21,4513,1,,,0,70,15,4505,1,0,5 6,0,30,22,4514,1,,,0,70,15,4506,1,0,5 6,0,29,,4515,1,,,0,72,16,4507,1,0,5 6,0,28,18,4516,1,,,0,71,15,4508,1,0,5 6,0,29,17,4517,1,,,0,71,15,4509,1,0,5 6,0,29,18,4518,1,,,0,69,20,4510,1,0,5 6,0,28,,4529,1,,,0,61,,4521,1,,,0,21,15,4522,1,,,0,77,63,4523,1,,,0,99,56,4524,1,0,5 6,0,98,60,4525,1,0,5 6,0,100,60,4526,1,0,5 6,0,100,60,4527,1,0,5 6,0,100,2,4528,1,0,5 6,0
400,'65032',714,6,4547,1,0,5 6,0,27,16,4558,1,0,5 6,0,71,56,4548,1,0,5 6,0,88,,4539,1,,,0,29,12,4531,1,0,5 6,0,29,5,4540,1,,,0,71,17,4532,1,0,5 6,0,29,21,4541,1,,,0,70,15,4533,1,0,5 6,0,30,22,4542,1,,,0,70,15,4534,1,0,5 6,0,29,,4543,1,,,0,72,16,4535,1,0,5 6,0,28,18,4544,1,,,0,71,15,4536,1,0,5 6,0,29,17,4545,1,,,0,71,15,4537,1,0,5 6,0,29,18,4546,1,,,0,69,20,4538,1,0,5 6,0,28,,4557,1,,,0,61,,4549,1,,,0,21,15,4550,1,,,0,77,63,4551,1,,,0,99,56,4552,1,0,5 6,0,98,60,4553,1,0,5 6,0,100,60,4554,1,0,5 6,0,100,60,4555,1,0,5 6,0,100,2,4556,1,0,5 6,0
1101,'65030',630,4,5692,23,0,15 1 16,0,18,3,5637,23,,,0,70,4,5638,23,,,0,26,4,5693,23,,,0,15,4,5639,23,,,0,69,4,5640,23,,,0,30,4,5641,23,,,0,65,3,5642,23,,,0,28,3,5643,23,,,0,55,54,5656,1,0,15 1 16,0,14,3,5644,23,,,0,30,3,5645,23,,,0,57,87,5657,1,0,15 1 16,0,12,3,5646,23,,,0,15,,5661,1,0,15 1 16,0,15,3,5647,23,,,0,52,46,5658,1,0,15 1 16,0,18,4,5648,23,,,0,14,15,5662,1,0,15 1 16,0,16,4,5649,23,,,0,53,,5659,1,0,15 1 16,0,17,4,5650,23,,,0,30,4,5651,23,,,0,51,51,5660,1,0,15 1 16,0,18,4,5652,23,,,0,15,9,5663,1,0,15 1 16,0,16,4,5653,23,,,0,9,,5655,1,0,15 1 16,0,49,,5664,1,0,15 1 16,0,11,4,5654,23,,,0,14,4,5680,23,0,15 1 16,0,7,10,5681,1,0,15 1 16,0,7,,5682,1,0,15 1 16,0,8,4,5665,23,,,0,57,,5683,1,0,15 1 16,0,14,6,5666,23,,,0,7,17,5684,1,0,15 1 16,0,12,10,5685,1,0,15 1 16,0,11,5,5667,23,,,0,55,55,5686,1,0,15 1 16,0,16,4,5668,23,,,0,15,4,5677,23,0,15 1 16,0,15,4,5669,23,,,0,60,4,5670,23,,,0,14,18,5687,1,0,15 1 16,0,17,4,5671,23,,,0,9,23,5688,1,0,15 1 16,0,61,4,5672,23,,,0,30,3,5689,23,0,15 1 16,0,70,4,5673,23,,,0,25,3,5678,23,0,15 1 16,0,66,3,5679,23,0,15 1 16,0,16,3,5674,23,,,0,12,3,5690,23,0,15 1 16,0,15,3,5691,1,0,15 1 16,0,72,2,5675,23,,,0,104,2,5676,23,,,0,78,5,5694,23,0,15 1 16,0
1101,'65031',818,3,5712,23,,,0,38,,5695,1,,,0,74,3,5704,23,0,15 1 16,0,25,3,5696,23,,,0,75,3,5705,23,0,15 1 16,0,25,3,5697,23,,,0,74,3,5706,23,0,15 1 16,0,25,3,5698,23,,,0,75,3,5707,23,0,15 1 16,0,25,3,5699,23,,,0,75,3,5708,23,0,15 1 16,0,25,3,5700,23,,,0,74,3,5709,23,0,15 1 16,0,30,3,5701,23,,,0,70,4,5710,23,0,15 1 16,0,31,4,5702,23,,,0,72,4,5711,23,0,15 1 16,0,28,4,5703,23,,,0,54,4,5715,23,0,15 1 16,0,16,4,5716,23,,,0,30,4,5717,23,0,15 1 16,0,64,4,5718,23,,,0,102,3,5719,23,,,0,100,3,5720,23,,,0,100,3,5721,23,,,0,100,3,5722,23,,,0,100,3,5723,23,,,0
1101,'65032',818,3,5741,23,,,0,38,,5724,1,,,0,74,3,5733,23,0,15 1 16,0,25,3,5725,23,,,0,75,3,5734,23,0,15 1 16,0,25,3,5726,23,,,0,74,3,5735,23,0,15 1 16,0,25,3,5727,23,,,0,75,3,5736,23,0,15 1 16,0,25,3,5728,23,,,0,75,3,5737,23,0,15 1 16,0,25,3,5729,23,,,0,74,3,5738,23,0,15 1 16,0,30,3,5730,23,,,0,70,4,5739,23,0,15 1 16,0,31,4,5731,23,,,0,72,4,5740,23,0,15 1 16,0,28,4,5732,23,,,0,54,4,5744,23,0,15 1 16,0,16,4,5745,23,,,0,30,4,5746,23,0,15 1 16,0,64,4,5747,23,,,0,102,3,5748,23,,,0,100,3,5749,23,,,0,100,3,5750,23,,,0,100,3,5751,23,,,0,100,3,5752,23,,,0
1101,'65035',1606,50,5754,1,0,15 1 16,0
1700,'65030',711,3,6285,40,,,0,19,3,6286,40,,,0,18,4,6287,40,,,0,68,4,6288,40,,,0,33,4,6289,40,,,0,73,3,6290,40,,,0,19,3,6291,40,,,0,78,3,6292,40,,,0,24,3,6293,40,,,0,61,3,6294,40,,,0,41,3,6295,40,,,0,59,3,6296,40,,,0,20,3,6315,40,,,0,21,3,6297,40,,,0,80,3,6298,40,,,0,34,3,6299,40,,,0,63,,6300,40,4,,0,26,,6301,40,4,,0,81,,6302,40,4,,0,26,,6314,40,4,,0,62,4,6303,40,,,0,90,,6305,40,4,,0,27,,6306,40,4,,0,19,,6307,40,4,,0,67,3,6308,40,,,0,81,,6309,40,4,,0,31,,6310,40,4,,0,27,,6311,40,4,,0,157,,6312,40,4,,0,93,,6313,40,4,,0
1700,'65031',806,,6325,40,4,,0,111,,6316,40,4,,0,96,,6317,40,4,,0,99,,6318,40,4,,0,101,,6319,40,4,,0,100,,6320,40,4,,0,100,,6321,40,4,,0,100,,6322,40,4,,0,206,,6324,40,4,,0,96,,6326,40,4,,0,89,,6327,40,4,,0,46,,6328,40,4,,0,100,,6329,40,4,,0,100,,6330,40,4,,0
1700,'65032',806,,6340,40,4,,0,111,,6331,40,4,,0,96,,6332,40,4,,0,99,,6333,40,4,,0,101,,6334,40,4,,0,100,,6335,40,4,,0,100,,6336,40,4,,0,100,,6337,40,4,,0,206,,6339,40,4,,0,96,,6341,40,4,,0,89,,6342,40,4,,0,46,,6343,40,4,,0,100,,6344,40,4,,0,100,,6345,40,4,,0
1700,'65035',758,4,6347,40,,,0,68,4,6346,40,,,0
2601,'65030',633,,6883,1,,,0,17,11,6884,1,,,0,70,14,6885,1,,,0,30,26,6886,1,,,0,70,64,6887,1,,,0,31,2,6888,1,,,0,598,,6889,1,,,0,70,8,6890,1,,,0,29,7,6891,1,,,0,70,7,6892,1,,,0,31,8,6893,1,,,0,70,8,6894,1,,,0,30,8,6895,1,,,0,70,8,6896,1,,,0,31,2,6897,1,,,0,69,18,6898,1,,,0,31,2,6899,1,,,0
3601,'65030',633,,6986,1,,,0,19,,6987,1,,,0,69,2,6988,1,,,0,30,2,6989,1,,,0,70,2,6990,1,,,0,24,19,6991,1,,,0,60,49,6992,1,,,0,100,59,6993,1,,,0,100,59,6994,1,,,0,100,59,6996,1,,,0,100,59,6995,1,,,0,45,4,6997,1,,,0,85,9,6998,1,,,0,69,,6999,1,,,0,30,16,7000,1,,,0,71,56,7001,1,,,0,30,16,7002,1,,,0,70,56,7003,1,,,0,30,17,7010,1,,,0,85,2,7009,1,,,0,101,2,7008,1,,,0,100,2,7007,1,,,0,104,66,7006,1,,,0,85,52,7004,1,,,0,46,12,7005,1,,,0
5500,'65030',720,4,7269,6,,,0,121,4,7270,6,,,0,111,4,7271,6,,,0,156,4,7278,6,,,0,119,4,7272,6,,,0,113,4,7273,6,,,0,115,4,7274,6,,,0,158,4,7275,6,,,0,118,4,7276,6,,,0,110,4,7277,6,0,5 6,0
5500,'65031',818,3,7284,6,,,0,110,3,7286,6,,,0,110,3,7285,6,,,0,110,3,7283,6,,,0,153,43,7282,6,,,0,110,3,7281,6,,,0,110,3,7280,6,,,0,108,5,7279,6,0,5 6,0
5500,'65032',818,3,7292,6,,,0,110,3,7294,6,,,0,110,3,7293,6,,,0,110,3,7291,6,,,0,153,43,7290,6,,,0,110,3,7289,6,,,0,110,3,7288,6,,,0,108,5,7287,6,0,5 6,0
5700,'65030',904,,7321,1,,,0,101,47,7322,1,,,0,120,7,7323,1,,,0,105,5,7324,1,,,0,121,8,7325,1,,,0,105,8,7326,1,,,0,160,8,7327,1,,,0
5700,'65031',1109,,7333,1,,,0,113,13,7332,1,,,0,102,13,7331,1,,,0,112,12,7330,1,,,0,102,12,7329,1,,,0,112,13,7328,1,0,7 1 21,0
5700,'65032',1109,,7339,1,,,0,113,13,7338,1,,,0,102,13,7337,1,,,0,112,12,7336,1,,,0,102,12,7335,1,,,0,112,13,7334,1,0,7 1 21,0
45301,'65030',1312,2,7428,4,,,0,530,,7429,4,,,0
60300,'65030',1123,,7643,3,4,,0,11,,7644,3,4,,0,114,,7646,3,4,,0,54,,7647,3,4,,0,156,,7652,3,4,,0,49,,7653,3,4,,0,5,,7654,3,4,,0,34,,7656,3,4,,0,65,,7658,3,4,,0
60300,'65031',856,,7662,3,4,,0,401,,7663,3,4,,0,397,,7666,3,4,,0,58,,7667,3,4,,0
60300,'65032',856,,7670,3,4,,0,401,,7671,3,4,,0,397,,7674,3,4,,0,58,,7675,3,4,,0
90700,'65030',645,,7848,40,4,,0
91700,'65030',614,4,7863,40,,,0,1700,,7864,40,4,,0
91700,'65031',708,,7865,40,4,,0
91700,'65032',708,,7866,40,4,,0
