601,'65030',658,,4905,2,,,0,58,,4869,2,,,0,19,,4870,2,,,0,16,,4904,2,,,0,59,,4873,2,,,0,9,,4871,2,,,0,29,,4872,2,,,0,78,,4874,2,,,0,28,,4875,2,,,0,72,,4876,2,,,0,28,,4877,2,,,0,72,,4878,2,,,0,29,,4879,2,,,0,61,,4886,2,,,0,20,,4880,2,,,0,19,,4881,2,,,0,71,,4882,2,,,0,29,,4883,2,,,0,71,,4884,2,,,0,30,,4885,2,,,0,70,,4887,2,,,0,30,,4888,2,,,0,60,,4889,2,,,0,32,,4890,2,,,0,65,,4891,2,,,0,33,,4892,2,,,0,69,,4893,2,,,0,34,,4894,2,,,0,73,,4895,2,,,0,85,,4896,2,,,0,30,,4897,2,,,0,64,,4898,2,,,0,40,,4903,2,,,0,69,,4900,2,,,0,30,,4901,2,,,0,64,,4902,2,,,0,100,,4899,2,,,0
601,'65031',737,,4915,2,,,0,66,,4916,2,,,0,49,,4906,2,,,0,84,,4907,2,,,0,102,,4908,2,,,0,101,,4909,2,,,0,100,,4910,2,,,0,101,,4911,2,,,0,102,,4912,2,,,0,100,,4913,2,,,0,100,,4914,2,,,0,102,,4917,2,,,0,90,,4918,2,,,0,83,,4919,2,,,0,100,,4920,2,,,0,99,,4921,2,,,0,35,,4922,2,,,0,103,,4923,2,,,0,105,,4924,2,,,0
601,'65032',737,,4934,2,,,0,66,,4935,2,,,0,49,,4925,2,,,0,84,,4926,2,,,0,102,,4927,2,,,0,101,,4928,2,,,0,100,,4929,2,,,0,101,,4930,2,,,0,102,,4931,2,,,0,100,,4932,2,,,0,100,,4933,2,,,0,102,,4936,2,,,0,90,,4937,2,,,0,83,,4938,2,,,0,100,,4939,2,,,0,99,,4940,2,,,0,35,,4941,2,,,0,103,,4942,2,,,0,105,,4943,2,,,0
800,'65030',615,,5160,2,,,1,15,,5212,2,,,1,11,,5161,2,,,1,61,,5162,2,,,1,9,,5163,2,,,1,13,,5164,2,,,1,13,,5165,2,,,1,15,,5166,2,,,1,55,,5167,2,,,1,15,,5168,2,,,1,24,,5169,2,,,1,61,,5170,2,,,1,20,,5171,2,,,1,20,,5172,2,,,1,60,,5173,2,,,1,20,,5174,2,,,1,20,,5175,2,,,1,60,,5176,2,,,1,20,,5177,2,,,1,19,,5178,2,,,1,59,,5179,2,,,1,21,,5180,2,,,1,21,,5181,2,,,1,61,,5182,2,,,1,18,,5183,2,,,1,20,,5184,2,,,1,62,,5185,2,,,1,17,,5186,2,,,1,19,,5187,2,,,1,10,,5188,2,,,1,54,,5189,2,,,1,15,,5190,2,,,1,13,,5191,2,,,1,15,,5192,2,,,1,7,,5193,2,,,1,47,,5194,2,,,1,10,,5195,2,,,1,13,,5196,2,,,1,18,,5197,2,,,1,60,,5198,2,,,1,15,,5199,2,,,1,24,,5200,2,,,1,58,,5201,2,,,1,18,,5202,2,,,1,23,,5203,2,,,1,71,,5204,2,,,1,30,,5205,2,,,1,70,,5206,2,,,1,30,,5207,2,,,1,76,,5208,2,,,1,25,,5209,2,,,1,68,,5210,2,,,1,100,,5211,2,,,1
800,'65031',615,,5229,2,,,1,101,,5230,2,,,1,29,,5231,2,,,1,68,,5232,2,,,1,19,,5233,2,,,1,71,,5213,2,,,1,30,,5214,2,,,1,69,,5215,2,,,1,30,,5216,2,,,1,69,,5217,2,,,1,30,,5218,2,,,1,70,,5219,2,,,1,30,,5220,2,,,1,70,,5221,2,,,1,30,,5222,2,,,1,69,,5223,2,,,1,30,,5224,2,,,1,70,,5225,2,,,1,31,,5226,2,,,1,71,,5227,2,,,1,29,,5228,2,,,1,70,,5234,2,,,1,32,,5235,2,,,1,70,,5242,2,,,1,22,,5236,2,,,1,25,,5243,2,,,1,63,,5237,2,,,1,101,,5238,2,,,1,101,,5239,2,,,1,100,,5240,2,,,1,101,,5241,2,,,1
800,'65032',615,,5260,2,,,1,101,,5261,2,,,1,29,,5262,2,,,1,68,,5263,2,,,1,19,,5264,2,,,1,71,,5244,2,,,1,30,,5245,2,,,1,69,,5246,2,,,1,30,,5247,2,,,1,69,,5248,2,,,1,30,,5249,2,,,1,70,,5250,2,,,1,30,,5251,2,,,1,70,,5252,2,,,1,30,,5253,2,,,1,69,,5254,2,,,1,30,,5255,2,,,1,70,,5256,2,,,1,31,,5257,2,,,1,71,,5258,2,,,1,29,,5259,2,,,1,70,,5265,2,,,1,32,,5266,2,,,1,70,,5273,2,,,1,22,,5267,2,,,1,25,,5274,2,,,1,63,,5268,2,,,1,101,,5269,2,,,1,101,,5270,2,,,1,100,,5271,2,,,1,101,,5272,2,,,1
900,'65030',659,,5387,2,,,0,54,,5388,2,,,0,42,,5389,2,,,0,70,,5390,2,,,0,26,,5395,2,,,0,62,,5394,2,,,0,40,,5396,2,,,0,60,,5402,2,,,0,39,,5397,2,,,0,59,,5403,2,,,0,38,,5398,2,,,0,60,,5404,2,,,0,40,,5399,2,,,0,62,,5405,2,,,0,40,,5400,2,,,0,60,,5406,2,,,0,25,,5420,2,,,0,22,,5401,2,,,0,61,,5407,2,,,0,23,,5408,2,,,0,66,,5409,2,,,0,20,,5410,2,,,0,25,,5411,2,,,0,71,,5412,2,,,0,77,,5415,2,,,0,25,,5413,2,,,0,78,,5414,2,,,0
900,'65031',1022,,5422,2,,,0,98,,5423,2,,,0,101,,5424,2,,,0,98,,5425,2,,,0,98,,5426,2,,,0,105,,5427,2,,,0,97,,5428,2,,,0
900,'65032',1022,,5437,2,,,0,98,,5438,2,,,0,101,,5439,2,,,0,98,,5440,2,,,0,98,,5441,2,,,0,105,,5442,2,,,0,97,,5443,2,,,0
1101,'65030',546,,5635,2,,,0,69,,5636,2,,,0,23,,5692,28,0,54,0,10,,5692,35,0,54,0,8,,5637,28,,,0,50,,5637,35,,,0,20,,5638,28,,,0,11,,5638,35,,,0,17,,5693,28,,,0,51,,5693,35,,,0,4,,5639,28,,,0,11,,5639,35,,,0,18,,5640,28,,,0,11,,5640,35,,,0,57,,5641,28,,,0,10,,5641,35,,,0,15,,5642,28,,,0,10,,5642,35,,,0,18,,5643,28,,,0,50,,5643,35,,,0,5,,5656,6,0,54,0,10,,5656,13,0,54,0,4,,5644,28,,,0,11,,5644,35,,,0,19,,5645,28,,,0,51,,5645,35,,,0,6,,5657,6,0,54,0,11,,5657,13,0,54,0,1,,5646,28,,,0,12,,5646,35,,,0,3,,5661,6,0,54,0,12,,5661,13,0,54,0,3,,5647,28,,,0,52,,5647,35,,,0,2,,5658,6,0,54,0,12,,5658,13,0,54,0,5,,5648,28,,,0,11,,5648,35,,,0,4,,5662,6,0,54,0,11,,5662,13,0,54,0,4,,5649,28,,,0,51,,5649,35,,,0,3,,5659,6,0,54,0,11,,5659,13,0,54,0,5,,5650,28,,,0,11,,5650,35,,,0,19,,5651,28,,,0,51,,5651,35,,,0,1,,5660,6,0,54,0,11,,5660,13,0,54,0,6,,5652,28,,,0,11,,5652,35,,,0,5,,5663,6,0,54,0,11,,5663,13,0,54,0,4,,5653,28,,,0,50,,5655,6,0,54,0,2,,5653,35,,,0,7,,5664,6,0,54,0,2,,5655,13,0,54,0,8,,5654,28,,,0,1,,5664,13,0,54,0,12,,5654,35,,,0,1,,5680,28,0,54,0,8,,5681,6,0,54,0,4,,5680,35,0,54,0,3,,5682,6,0,54,0,45,,5681,13,0,54,0,3,,5665,28,,,0,4,,5682,13,0,54,0,9,,5665,35,,,0,5,,5683,6,0,54,0,11,,5683,13,0,54,0,2,,5666,28,,,0,8,,5684,6,0,54,0,4,,5666,35,,,0,7,,5684,13,0,54,0,1,,5685,6,0,54,0,50,,5667,28,,,0,1,,5685,13,0,54,0,10,,5667,35,,,0,4,,5686,6,0,54,0,11,,5686,13,0,54,0,4,,5668,28,,,0,11,,5668,35,,,0,4,,5677,28,0,54,0,51,,5677,35,0,54,0,4,,5669,28,,,0,11,,5669,35,,,0,9,,5670,28,,,0,11,,5670,35,,,0,4,,5687,6,0,54,0,11,,5687,13,0,54,0,5,,5671,28,,,0,49,,5688,6,0,54,0,2,,5671,35,,,0,9,,5688,13,0,54,0,9,,5672,28,,,0,11,,5672,35,,,0,19,,5689,28,0,54,0,51,,5689,35,0,54,0,19,,5673,28,,,0,11,,5673,35,,,0,14,,5678,28,0,54,0,51,,5678,35,0,54,0,15,,5679,28,0,54,0,11,,5679,35,0,54,0,5,,5674,28,,,0,10,,5674,35,,,0,2,,5690,28,0,54,0,10,,5690,35,0,54,0,5,,5691,6,0,54,0,49,,5691,13,0,54,0,23,,5675,28,,,0,9,,5675,35,,,0,95,,5676,28,,,0,8,,5676,35,,,0,70,,5694,28,0,54,0,7,,5694,35,0,54,0
1101,'65031',641,,5713,2,,,0,98,,5714,2,,,0,87,,5712,28,,,0,8,,5712,35,,,0,70,,5695,6,,,0,9,,5695,13,,,0,25,,5704,28,0,54,0,9,,5704,35,0,54,0,56,,5696,28,,,0,9,,5696,35,,,0,26,,5705,28,0,54,0,9,,5705,35,0,54,0,56,,5697,28,,,0,9,,5697,35,,,0,25,,5706,28,0,54,0,10,,5706,35,0,54,0,55,,5698,28,,,0,10,,5698,35,,,0,25,,5707,28,0,54,0,10,,5707,35,0,54,0,55,,5699,28,,,0,10,,5699,35,,,0,25,,5708,28,0,54,0,10,,5708,35,0,54,0,55,,5700,28,,,0,10,,5700,35,,,0,24,,5709,28,0,54,0,10,,5709,35,0,54,0,60,,5701,28,,,0,10,,5701,35,,,0,20,,5710,28,0,54,0,10,,5710,35,0,54,0,61,,5702,28,,,0,10,,5702,35,,,0,22,,5711,28,0,54,0,10,,5711,35,0,54,0,59,,5703,28,,,0,10,,5703,35,,,0,4,,5715,28,0,54,0,10,,5715,35,0,54,0,5,,5716,28,,,0,10,,5716,35,,,0,60,,5717,28,0,54,0,10,,5717,35,0,54,0,14,,5718,28,,,0,10,,5718,35,,,0,92,,5719,28,,,0,9,,5719,35,,,0,91,,5720,28,,,0,9,,5720,35,,,0,91,,5721,28,,,0,8,,5721,35,,,0,92,,5722,28,,,0,8,,5722,35,,,0,92,,5723,28,,,0,8,,5723,35,,,0
1101,'65032',641,,5742,2,,,0,98,,5743,2,,,0,87,,5741,28,,,0,8,,5741,35,,,0,70,,5724,6,,,0,9,,5724,13,,,0,25,,5733,28,0,54,0,9,,5733,35,0,54,0,56,,5725,28,,,0,9,,5725,35,,,0,26,,5734,28,0,54,0,9,,5734,35,0,54,0,56,,5726,28,,,0,9,,5726,35,,,0,25,,5735,28,0,54,0,10,,5735,35,0,54,0,55,,5727,28,,,0,10,,5727,35,,,0,25,,5736,28,0,54,0,10,,5736,35,0,54,0,55,,5728,28,,,0,10,,5728,35,,,0,25,,5737,28,0,54,0,10,,5737,35,0,54,0,55,,5729,28,,,0,10,,5729,35,,,0,24,,5738,28,0,54,0,10,,5738,35,0,54,0,60,,5730,28,,,0,10,,5730,35,,,0,20,,5739,28,0,54,0,10,,5739,35,0,54,0,61,,5731,28,,,0,10,,5731,35,,,0,22,,5740,28,0,54,0,10,,5740,35,0,54,0,59,,5732,28,,,0,10,,5732,35,,,0,4,,5744,28,0,54,0,10,,5744,35,0,54,0,5,,5745,28,,,0,10,,5745,35,,,0,60,,5746,28,0,54,0,10,,5746,35,0,54,0,14,,5747,28,,,0,10,,5747,35,,,0,92,,5748,28,,,0,9,,5748,35,,,0,91,,5749,28,,,0,9,,5749,35,,,0,91,,5750,28,,,0,8,,5750,35,,,0,92,,5751,28,,,0,8,,5751,35,,,0,92,,5752,28,,,0,8,,5752,35,,,0
1101,'65035',1523,,5753,2,0,54,0,94,,5754,6,0,54,0,12,,5754,13,0,54,0
1400,'65030',633,,5893,2,,,0,17,,5894,2,,,0,66,,5895,2,,,0,28,,5896,2,,,0,69,,5897,2,,,0,24,,5898,2,,,0,75,,5899,2,,,0,28,,5910,2,,,0,72,,5900,2,,,0,28,,5911,2,,,0,72,,5901,2,,,0,20,,5906,2,,,0,18,,5912,2,,,0,60,,5902,2,,,0,21,,5907,2,,,0,21,,5913,2,,,0,61,,5903,2,,,0,16,,5908,2,,,0,22,,5914,2,,,0,62,,5904,2,,,0,17,,5909,2,,,0,18,,5915,2,,,0,64,,5905,2,,,0,18,,5916,2,,,0,16,,5917,2,,,0,65,,5918,2,,,0,23,,5919,2,,,0,77,,5920,2,,,0,22,,5921,2,,,0,77,,5922,2,,,0,25,,5923,2,,,0,71,,5924,2,,,0,30,,5925,2,,,0,65,,5926,2,,,0,29,,5927,2,,,0,77,,5928,2,,,0,21,,5929,2,,,0,74,,5930,2,,,0,19,,5931,2,,,0,84,,5932,2,,,0,22,,5933,2,,,0,93,,5934,2,,,0
1400,'65031',704,,5944,2,,,0,97,,5945,2,,,0,46,,5935,2,,,0,103,,5936,2,,,0,98,,5937,2,,,0,100,,5938,2,,,0,100,,5939,2,,,0,101,,5940,2,,,0,100,,5941,2,,,0,99,,5942,2,,,0,105,,5943,2,,,0,96,,5946,2,,,0,151,,5947,2,,,0,100,,5948,2,,,0,101,,5949,2,,,0,101,,5950,2,,,0,101,,5951,2,,,0,116,,5952,2,,,0
1400,'65032',704,,5962,2,,,0,97,,5963,2,,,0,46,,5953,2,,,0,103,,5954,2,,,0,98,,5955,2,,,0,100,,5956,2,,,0,100,,5957,2,,,0,101,,5958,2,,,0,100,,5959,2,,,0,99,,5960,2,,,0,105,,5961,2,,,0,96,,5964,2,,,0,151,,5965,2,,,0,100,,5966,2,,,0,101,,5967,2,,,0,101,,5968,2,,,0,101,,5969,2,,,0,116,,5970,2,,,0
1400,'65036',739,,5971,2,,,0
1500,'65030',722,,6071,2,,,0,37,,6057,2,,,0,68,,6058,2,,,0,88,,6059,2,,,0,112,,6060,2,,,0,83,,6061,2,,,0,123,,6062,2,,,0,92,,6063,2,,,0,92,,6064,2,,,0,100,,6065,2,,,0,34,,6066,2,,,0,68,,6072,2,,,0,40,,6067,2,,,0,93,,6068,2,,,0,100,,6069,2,,,0,101,,6070,2,,,0
1500,'65031',819,,6080,2,,,0,100,,6073,2,,,0,94,,6074,2,,,0,127,,6075,2,,,0,100,,6076,2,,,0,101,,6077,2,,,0,101,,6078,2,,,0,101,,6079,2,,,0,99,,6082,2,,,0,99,,6081,2,,,0
1500,'65032',819,,6090,2,,,0,100,,6083,2,,,0,94,,6084,2,,,0,127,,6085,2,,,0,100,,6086,2,,,0,101,,6087,2,,,0,101,,6088,2,,,0,101,,6089,2,,,0,99,,6092,2,,,0,99,,6091,2,,,0
1600,'65030',612,,6136,2,,,0,41,,6135,2,,,0,58,,6134,2,,,0,14,,6133,2,,,0,14,,6132,2,,,0,18,,6131,2,,,0,72,,6130,2,,,0,28,,6129,2,,,0,64,,6143,2,,,0,32,,6137,2,,,0,69,,6144,2,,,0,31,,6138,2,,,0,67,,6145,2,,,0,12,,6149,2,,,0,15,,6139,2,,,0,53,,6150,2,,,0,16,,6146,2,,,0,17,,6169,2,,,0,19,,6140,2,,,0,71,,6147,2,,,0,30,,6141,2,,,0,68,,6148,2,,,0,29,,6142,2,,,0,56,,6171,2,,,0,17,,6168,2,,,0,24,,6151,2,,,0,64,,6152,2,,,0,12,,6153,2,,,0,15,,6154,2,,,0,19,,6155,2,,,0,55,,6156,2,,,0,17,,6157,2,,,0,20,,6158,2,,,0,66,,6170,2,,,0,26,,6159,2,,,0,67,,6160,2,,,0,29,,6161,2,,,0,71,,6162,2,,,0,33,,6163,2,,,0,69,,6172,2,,,0,29,,6164,2,,,0,63,,6165,2,,,0,16,,6166,2,,,0,35,,6167,2,,,0
1600,'65031',642,,6188,2,,,0,101,,6182,2,,,0,99,,6181,2,,,0,92,,6189,2,,,0,67,,6173,2,,,0,100,,6174,2,,,0,100,,6175,2,,,0,101,,6176,2,,,0,100,,6177,2,,,0,101,,6178,2,,,0,99,,6179,2,,,0,99,,6180,2,,,0,101,,6183,2,,,0,39,,6184,2,,,0,100,,6185,2,,,0,100,,6186,2,,,0,166,,6187,2,,,0
1600,'65032',642,,6205,2,,,0,101,,6199,2,,,0,99,,6198,2,,,0,92,,6206,2,,,0,67,,6190,2,,,0,100,,6191,2,,,0,100,,6192,2,,,0,101,,6193,2,,,0,100,,6194,2,,,0,101,,6195,2,,,0,99,,6196,2,,,0,99,,6197,2,,,0,101,,6200,2,,,0,39,,6201,2,,,0,100,,6202,2,,,0,100,,6203,2,,,0,166,,6204,2,,,0
1800,'65030',707,,6413,36,,,0,19,,6412,36,,,0,17,,6411,36,,,0,68,,6410,36,,,0,33,,6409,36,,,0,74,,6408,36,,,0,19,,6425,36,,,0,78,,6414,36,,,0,24,,6421,36,,,0,61,,6415,36,,,0,41,,6422,36,,,0,59,,6416,36,,,0,20,,6438,36,,,0,21,,6423,36,,,0,80,,6417,36,,,0,34,,6424,36,,,0,66,,6418,36,,,0,26,,6420,36,,,0,81,,6419,36,,,0,26,,6437,36,,,0,58,,6426,36,,,0,37,,6427,36,,,0,57,,6428,36,,,0,27,,6429,36,,,0,19,,6430,36,,,0,64,,6431,36,,,0,84,,6432,36,,,0,31,,6433,36,,,0,27,,6434,36,,,0,157,,6435,36,,,0,93,,6436,36,,,0
1800,'65031',805,,6448,36,,,0,111,,6439,36,,,0,96,,6440,36,,,0,99,,6441,36,,,0,101,,6442,36,,,0,100,,6443,36,,,0,100,,6444,36,,,0,100,,6445,36,,,0,100,,6446,36,,,0,106,,6447,36,,,0,97,,6449,36,,,0,89,,6450,36,,,0,46,,6451,36,,,0,100,,6452,36,,,0,100,,6453,36,,,0
1800,'65032',805,,6463,36,,,0,111,,6454,36,,,0,96,,6455,36,,,0,99,,6456,36,,,0,101,,6457,36,,,0,100,,6458,36,,,0,100,,6459,36,,,0,100,,6460,36,,,0,100,,6461,36,,,0,106,,6462,36,,,0,97,,6464,36,,,0,89,,6465,36,,,0,46,,6466,36,,,0,100,,6467,36,,,0,100,,6468,36,,,0
1800,'65035',753,,6470,27,,,0,69,,6469,27,,,0
2400,'65030',633,,6687,19,,,0,71,,6688,19,,,0,31,,6689,19,,,0,65,,6690,19,,,0,12,,6691,19,,,0,27,,6692,19,,,0,75,,6693,19,,,0,31,,6694,19,,,0,71,,6713,19,,,0,31,,6695,19,,,0,71,,6696,19,,,0,31,,6697,19,,,0,71,,6698,19,,,0,31,,6699,19,,,0,71,,6700,19,,,0,31,,6701,19,,,0,71,,6702,19,,,0,31,,6703,19,,,0,72,,6704,19,,,0,73,,6705,19,,,0,36,,6706,19,,,0,75,,6707,19,,,0,39,,6708,19,,,0,74,,6709,19,,,0,35,,6710,19,,,0,75,,6711,19,,,0,75,,6712,19,,,0,35,,6714,19,,,0,80,,6715,19,,,0,32,,6686,19,,,0
2400,'65031',808,,6732,19,,,0,33,,6728,19,,,0,75,,6729,19,,,0,100,,6731,19,,,0,100,,6730,19,,,0,100,,6727,19,,,0,100,,6726,19,,,0,100,,6725,19,,,0,100,,6724,19,,,0,100,,6721,19,,,0,105,,6718,19,,,0,93,,6717,19,,,0,92,,6720,19,,,0,35,,6723,19,,,0,100,,6716,19,,,0,100,,6722,19,,,0,98,,6719,19,,,0
2400,'65032',808,,6749,19,,,0,33,,6745,19,,,0,75,,6746,19,,,0,100,,6748,19,,,0,100,,6747,19,,,0,100,,6744,19,,,0,100,,6743,19,,,0,100,,6742,19,,,0,100,,6741,19,,,0,100,,6738,19,,,0,105,,6735,19,,,0,93,,6734,19,,,0,92,,6737,19,,,0,35,,6740,19,,,0,100,,6733,19,,,0,100,,6739,19,,,0,98,,6736,19,,,0
2900,'65033',2435,,6951,2,,,0,70,,6952,2,,,0,30,,6953,2,,,0,70,,6954,2,,,0,30,,6955,2,,,0
45301,'65030',814,,7424,6,,,0,506,,7428,7,,,0,226,,7425,6,,,0,113,,7426,6,,,0,93,,7427,6,,,0,98,,7429,7,,,0
91301,'65030',2518,,7860,47,,,0
91301,'65031',2518,,7861,47,,,0
91301,'65032',2518,,7862,47,,,0
91800,'65031',2302,,7868,38,,,0
91800,'65032',2302,,7869,38,,,0
