1201,'65030',637,,5829,26,,,0,68,,5830,26,,,0,30,,5825,26,,,0,68,,5826,26,,,0,30,,5827,26,,,0,26,,5828,26,,,0,63,,5831,26,,,0,28,,5832,26,,,0,72,,5833,26,,,0,28,,5834,26,,,0,72,,5835,26,,,0,30,,5836,26,,,0,72,,5837,26,,,0,14,,5860,26,,,0,14,,5838,26,,,0,71,,5839,26,,,0,30,,5840,26,,,0,71,,5841,26,,,0,31,,5842,26,,,0,67,,5843,26,,,0,31,,5844,26,,,0,62,,5845,26,,,0,15,,5846,26,,,0,16,,5847,26,,,0,13,,5848,26,,,0,55,,5849,26,,,0,19,,5850,26,,,0,17,,5851,26,,,0,65,,5852,26,,,0,25,,5853,26,,,0,69,,5854,26,,,0,35,,5855,26,,,0,95,,5856,26,,,0,100,,5857,26,,,0,79,,5858,26,,,0,118,,5859,26,,,0
1201,'65031',741,,5869,26,,,0,101,,5870,26,,,0,158,,5861,26,,,0,101,,5862,26,,,0,100,,5863,26,,,0,100,,5864,26,,,0,100,,5865,26,,,0,100,,5866,26,,,0,100,,5867,26,,,0,57,,5868,26,,,0,86,,5871,26,,,0,100,,5872,26,,,0,100,,5873,26,,,0,100,,5874,26,,,0,100,,5875,26,,,0
1201,'65032',741,,5884,26,,,0,101,,5885,26,,,0,158,,5876,26,,,0,101,,5877,26,,,0,100,,5878,26,,,0,100,,5879,26,,,0,100,,5880,26,,,0,100,,5881,26,,,0,100,,5882,26,,,0,57,,5883,26,,,0,86,,5886,26,,,0,100,,5887,26,,,0,100,,5888,26,,,0,100,,5889,26,,,0,100,,5890,26,,,0
1201,'65035',1625,,5891,26,,,0
1600,'65030',621,,6136,16,,,0,81,,6135,16,,,0,18,,6134,16,,,0,15,,6133,16,,,0,14,,6132,16,,,0,59,,6131,16,,,0,33,,6130,16,,,0,65,,6129,16,,,0,24,,6143,16,,,0,72,,6137,16,,,0,30,,6144,16,,,0,71,,6138,16,,,0,27,,6145,16,,,0,13,,6149,16,,,0,15,,6139,16,,,0,53,,6150,16,,,0,16,,6146,16,,,0,17,,6169,16,,,0,59,,6140,16,,,0,30,,6147,16,,,0,70,,6141,16,,,0,28,,6148,16,,,0,70,,6142,16,,,0,16,,6171,16,,,0,17,,6168,16,,,0,24,,6151,16,,,0,67,,6152,16,,,0,12,,6153,16,,,0,15,,6154,16,,,0,57,,6155,16,,,0,14,,6156,16,,,0,17,,6157,16,,,0,19,,6158,16,,,0,66,,6170,16,,,0,26,,6159,16,,,0,67,,6160,16,,,0,29,,6161,16,,,0,71,,6162,16,,,0,33,,6163,16,,,0,69,,6172,16,,,0,29,,6164,16,,,0,63,,6165,16,,,0,16,,6166,16,,,0,75,,6167,16,,,0
1600,'65031',650,,6188,16,,,0,101,,6182,16,,,0,100,,6181,16,,,0,92,,6189,16,,,0,68,,6173,16,,,0,100,,6174,16,,,0,100,,6175,16,,,0,101,,6176,16,,,0,100,,6177,16,,,0,101,,6178,16,,,0,99,,6179,16,,,0,99,,6180,16,,,0,101,,6183,16,,,0,38,,6184,16,,,0,100,,6185,16,,,0,100,,6186,16,,,0,165,,6187,16,,,0
1600,'65032',650,,6205,16,,,0,101,,6199,16,,,0,100,,6198,16,,,0,92,,6206,16,,,0,68,,6190,16,,,0,100,,6191,16,,,0,100,,6192,16,,,0,101,,6193,16,,,0,100,,6194,16,,,0,101,,6195,16,,,0,99,,6196,16,,,0,99,,6197,16,,,0,101,,6200,16,,,0,38,,6201,16,,,0,100,,6202,16,,,0,100,,6203,16,,,0,165,,6204,16,,,0
91201,'65030',2249,,7854,30,,,0,100,,7855,30,,,0
91201,'65031',2243,,7856,30,,,0,100,,7857,30,,,0
91201,'65032',2243,,7858,30,,,0,100,,7859,30,,,0
