701,'65030',634,,5048,16,0,15 1 16,0,81,,5049,16,0,15 1 16,0,16,,5051,29,0,15 1 16,0,27,,5052,29,0,15 1 16,0,67,,5050,16,0,15 1 16,0,16,,5053,29,0,15 1 16,0,12,,5054,29,,,0,57,,5055,29,0,15 1 16,0,17,,5056,29,0,15 1 16,0,20,,5057,29,0,15 1 16,0,58,,5070,16,0,15 1 16,0,18,,5058,29,,,0,23,,5064,29,0,15 1 16,0,58,,5071,16,0,15 1 16,0,22,,5059,29,0,15 1 16,0,20,,5065,29,0,15 1 16,0,57,,5072,16,0,15 1 16,0,19,,5060,29,,,0,24,,5066,29,0,15 1 16,0,59,,5073,16,0,15 1 16,0,18,,5061,29,,,0,23,,5067,34,0,15 1 16,0,58,,5074,16,0,15 1 16,0,16,,5062,29,,,0,25,,5068,29,0,15 1 16,0,58,,5075,16,0,15 1 16,0,24,,5063,34,0,15 1 16,0,18,,5069,29,0,15 1 16,0,13,,5076,16,0,15 1 16,0,47,,5077,16,0,15 1 16,0,7,,5078,29,,,0,16,,5096,16,0,15 1 16,0,17,,5079,29,,,0,55,,5080,34,0,15 1 16,0,15,,5081,29,,,0,14,,5097,16,0,15 1 16,0,14,,5082,29,,,0,61,,5083,29,,,0,18,,5084,34,0,15 1 16,0,23,,5085,29,0,15 1 16,0,57,,5086,29,0,15 1 16,0,21,,5087,29,0,15 1 16,0,23,,5088,29,0,15 1 16,0,67,,5089,29,,,0,33,,5090,29,0,15 1 16,0,63,,5091,29,,,0,34,,5092,29,0,15 1 16,0,68,,5093,29,0,15 1 16,0,35,,5098,29,,,0,100,,5099,29,0,15 1 16,0,154,,5094,16,0,15 1 16,0
701,'65031',740,,5117,16,,,0,101,,5118,16,,,0,78,,5116,29,0,15 1 16,0,40,,5108,16,0,15 1 16,0,61,,5100,29,0,15 1 16,0,29,,5109,16,0,15 1 16,0,66,,5101,29,0,15 1 16,0,32,,5110,16,0,15 1 16,0,71,,5102,29,0,15 1 16,0,31,,5111,16,0,15 1 16,0,69,,5103,29,0,15 1 16,0,30,,5112,16,0,15 1 16,0,70,,5104,29,0,15 1 16,0,30,,5113,16,0,15 1 16,0,70,,5105,29,0,15 1 16,0,30,,5114,16,0,15 1 16,0,75,,5106,29,0,15 1 16,0,30,,5115,16,0,15 1 16,0,72,,5107,16,0,15 1 16,0,16,,5119,16,,,0,61,,5120,16,0,15 1 16,0,31,,5121,16,,,0,69,,5129,16,,,0,40,,5122,29,,,0,100,,5123,29,,,0,100,,5124,29,,,0,100,,5125,29,,,0,99,,5126,29,0,15 1 16,0,159,,5127,16,0,15 1 16,0
701,'65032',740,,5147,16,,,0,101,,5148,16,,,0,78,,5146,29,0,15 1 16,0,40,,5138,16,0,15 1 16,0,61,,5130,29,0,15 1 16,0,29,,5139,16,0,15 1 16,0,66,,5131,29,0,15 1 16,0,32,,5140,16,0,15 1 16,0,71,,5132,29,0,15 1 16,0,31,,5141,16,0,15 1 16,0,69,,5133,29,0,15 1 16,0,30,,5142,16,0,15 1 16,0,70,,5134,29,0,15 1 16,0,30,,5143,16,0,15 1 16,0,70,,5135,29,0,15 1 16,0,30,,5144,16,0,15 1 16,0,75,,5136,29,0,15 1 16,0,30,,5145,16,0,15 1 16,0,72,,5137,16,0,15 1 16,0,16,,5149,16,,,0,61,,5150,16,0,15 1 16,0,31,,5151,16,,,0,69,,5159,16,,,0,40,,5152,29,,,0,100,,5153,29,,,0,100,,5154,29,,,0,100,,5155,29,,,0,99,,5156,29,0,15 1 16,0,159,,5157,16,0,15 1 16,0
1101,'65030',550,,5635,13,,,0,69,,5636,13,,,0,34,,5692,46,0,15 1 16,0,58,,5637,46,,,0,32,,5638,46,,,0,68,,5693,46,,,0,15,,5639,46,,,0,29,,5640,46,,,0,67,,5641,46,,,0,25,,5642,46,,,0,68,,5643,46,,,0,15,,5656,24,0,15 1 16,0,15,,5644,46,,,0,70,,5645,46,,,0,18,,5657,24,0,15 1 16,0,13,,5646,46,,,0,55,,5661,24,0,15 1 16,0,15,,5647,46,,,0,14,,5658,24,0,15 1 16,0,16,,5648,46,,,0,55,,5662,24,0,15 1 16,0,14,,5649,46,,,0,14,,5659,24,0,15 1 16,0,16,,5650,46,,,0,70,,5651,46,,,0,12,,5660,24,0,15 1 16,0,17,,5652,46,,,0,56,,5663,24,0,15 1 16,0,17,,5653,46,,,0,10,,5655,24,0,15 1 16,0,9,,5664,24,0,15 1 16,0,11,,5654,46,,,0,54,,5680,46,0,15 1 16,0,8,,5681,24,0,15 1 16,0,7,,5682,24,0,15 1 16,0,8,,5665,46,,,0,17,,5683,24,0,15 1 16,0,13,,5666,46,,,0,48,,5684,24,0,15 1 16,0,12,,5685,24,0,15 1 16,0,9,,5667,46,,,0,15,,5686,24,0,15 1 16,0,15,,5668,46,,,0,55,,5677,46,0,15 1 16,0,15,,5669,46,,,0,20,,5670,46,,,0,15,,5687,24,0,15 1 16,0,56,,5671,46,,,0,8,,5688,24,0,15 1 16,0,20,,5672,46,,,0,70,,5689,46,0,15 1 16,0,30,,5673,46,,,0,65,,5678,46,0,15 1 16,0,26,,5679,46,0,15 1 16,0,15,,5674,46,,,0,52,,5690,46,0,15 1 16,0,14,,5691,24,0,15 1 16,0,32,,5675,46,,,0,103,,5676,46,,,0,77,,5694,46,0,15 1 16,0
1101,'65031',646,,5713,13,,,0,98,,5714,13,,,0,95,,5712,46,,,0,79,,5695,24,,,0,34,,5704,46,0,15 1 16,0,65,,5696,46,,,0,35,,5705,46,0,15 1 16,0,65,,5697,46,,,0,35,,5706,46,0,15 1 16,0,65,,5698,46,,,0,35,,5707,46,0,15 1 16,0,65,,5699,46,,,0,35,,5708,46,0,15 1 16,0,65,,5700,46,,,0,34,,5709,46,0,15 1 16,0,70,,5701,46,,,0,30,,5710,46,0,15 1 16,0,71,,5702,46,,,0,32,,5711,46,0,15 1 16,0,69,,5703,46,,,0,14,,5715,46,0,15 1 16,0,15,,5716,46,,,0,70,,5717,46,0,15 1 16,0,24,,5718,46,,,0,101,,5719,46,,,0,100,,5720,46,,,0,99,,5721,46,,,0,100,,5722,46,,,0,100,,5723,46,,,0
1101,'65032',646,,5742,13,,,0,98,,5743,13,,,0,95,,5741,46,,,0,79,,5724,24,,,0,34,,5733,46,0,15 1 16,0,65,,5725,46,,,0,35,,5734,46,0,15 1 16,0,65,,5726,46,,,0,35,,5735,46,0,15 1 16,0,65,,5727,46,,,0,35,,5736,46,0,15 1 16,0,65,,5728,46,,,0,35,,5737,46,0,15 1 16,0,65,,5729,46,,,0,34,,5738,46,0,15 1 16,0,70,,5730,46,,,0,30,,5739,46,0,15 1 16,0,71,,5731,46,,,0,32,,5740,46,0,15 1 16,0,69,,5732,46,,,0,14,,5744,46,0,15 1 16,0,15,,5745,46,,,0,70,,5746,46,0,15 1 16,0,24,,5747,46,,,0,101,,5748,46,,,0,100,,5749,46,,,0,99,,5750,46,,,0,100,,5751,46,,,0,100,,5752,46,,,0
1101,'65035',1531,,5753,13,0,15 1 16,0,106,,5754,24,0,15 1 16,0
5500,'65030',740,,7269,44,,,0,161,,7270,44,,,0,111,,7271,44,,,0,115,,7278,44,,,0,120,,7272,44,,,0,112,,7273,44,,,0,155,,7274,44,,,0,118,,7275,44,,,0,118,,7276,44,,,0,109,,7277,44,0,5 6,0
5500,'65031',837,,7284,44,,,0,111,,7286,44,,,0,110,,7285,44,,,0,150,,7283,44,,,0,113,,7282,44,,,0,110,,7281,44,,,0,110,,7280,44,,,0,107,,7279,44,0,5 6,0
5500,'65032',837,,7292,44,,,0,111,,7294,44,,,0,110,,7293,44,,,0,150,,7291,44,,,0,113,,7290,44,,,0,110,,7289,44,,,0,110,,7288,44,,,0,107,,7287,44,0,5 6,0
