1101,'65030',624,,5692,22,0,15 1 16,0,19,,5637,22,,,0,69,,5638,22,,,0,26,,5693,22,,,0,15,,5639,22,,,0,69,,5640,22,,,0,30,,5641,22,,,0,66,,5642,22,,,0,28,,5643,22,,,0,69,,5644,22,,,0,30,,5645,22,,,0,69,,5646,22,,,0,30,,5647,22,,,0,69,,5648,22,,,0,30,,5649,22,,,0,70,,5650,22,,,0,30,,5651,22,,,0,69,,5652,22,,,0,31,,5653,22,,,0,69,,5654,22,,,0,14,,5680,22,0,15 1 16,0,22,,5665,22,,,0,69,,5666,22,,,0,31,,5667,22,,,0,72,,5668,22,,,0,15,,5677,22,0,15 1 16,0,15,,5669,22,,,0,60,,5670,22,,,0,31,,5671,22,,,0,70,,5672,22,,,0,31,,5689,22,0,15 1 16,0,69,,5673,22,,,0,26,,5678,22,0,15 1 16,0,66,,5679,22,0,15 1 16,0,16,,5674,22,,,0,12,,5690,22,0,15 1 16,0,88,,5675,22,,,0,104,,5676,22,,,0,35,,5694,22,0,15 1 16,0
1101,'65031',813,,5712,22,,,0,112,,5704,22,0,15 1 16,0,25,,5696,22,,,0,75,,5705,22,0,15 1 16,0,25,,5697,22,,,0,74,,5706,22,0,15 1 16,0,25,,5698,22,,,0,75,,5707,22,0,15 1 16,0,25,,5699,22,,,0,75,,5708,22,0,15 1 16,0,25,,5700,22,,,0,74,,5709,22,0,15 1 16,0,30,,5701,22,,,0,69,,5710,22,0,15 1 16,0,31,,5702,22,,,0,72,,5711,22,0,15 1 16,0,28,,5703,22,,,0,54,,5715,22,0,15 1 16,0,16,,5716,22,,,0,30,,5717,22,0,15 1 16,0,64,,5718,22,,,0,103,,5719,22,,,0,100,,5720,22,,,0,100,,5721,22,,,0,100,,5722,22,,,0,100,,5723,22,,,0
1101,'65032',813,,5741,22,,,0,112,,5733,22,0,15 1 16,0,25,,5725,22,,,0,75,,5734,22,0,15 1 16,0,25,,5726,22,,,0,74,,5735,22,0,15 1 16,0,25,,5727,22,,,0,75,,5736,22,0,15 1 16,0,25,,5728,22,,,0,75,,5737,22,0,15 1 16,0,25,,5729,22,,,0,74,,5738,22,0,15 1 16,0,30,,5730,22,,,0,69,,5739,22,0,15 1 16,0,31,,5731,22,,,0,72,,5740,22,0,15 1 16,0,28,,5732,22,,,0,54,,5744,22,0,15 1 16,0,16,,5745,22,,,0,30,,5746,22,0,15 1 16,0,64,,5747,22,,,0,103,,5748,22,,,0,100,,5749,22,,,0,100,,5750,22,,,0,100,,5751,22,,,0,100,,5752,22,,,0
1201,'65030',647,,5829,38,,,0,68,,5830,38,,,0,30,,5825,38,,,0,71,,5826,38,,,0,27,,5827,38,,,0,66,,5828,38,,,0,23,,5831,38,,,0,68,,5832,38,,,0,32,,5833,38,,,0,68,,5834,38,,,0,32,,5835,38,,,0,71,,5836,38,,,0,32,,5837,38,,,0,14,,5860,38,,,0,54,,5838,38,,,0,30,,5839,38,,,0,70,,5840,38,,,0,31,,5841,38,,,0,72,,5842,38,,,0,27,,5843,38,,,0,71,,5844,38,,,0,26,,5845,38,,,0,15,,5846,38,,,0,56,,5847,38,,,0,12,,5848,38,,,0,15,,5849,38,,,0,19,,5850,38,,,0,55,,5851,38,,,0,25,,5852,38,,,0,23,,5853,38,,,0,69,,5854,38,,,0,35,,5855,38,,,0,95,,5856,38,,,0,100,,5857,38,,,0,79,,5858,38,,,0,118,,5859,38,,,0
1201,'65031',751,,5869,38,,,0,101,,5870,38,,,0,158,,5861,38,,,0,101,,5862,38,,,0,100,,5863,38,,,0,100,,5864,38,,,0,100,,5865,38,,,0,100,,5866,38,,,0,100,,5867,38,,,0,97,,5868,38,,,0,46,,5871,38,,,0,100,,5872,38,,,0,100,,5873,38,,,0,100,,5874,38,,,0,100,,5875,38,,,0
1201,'65032',751,,5884,38,,,0,101,,5885,38,,,0,158,,5876,38,,,0,101,,5877,38,,,0,100,,5878,38,,,0,100,,5879,38,,,0,100,,5880,38,,,0,100,,5881,38,,,0,100,,5882,38,,,0,97,,5883,38,,,0,46,,5886,38,,,0,100,,5887,38,,,0,100,,5888,38,,,0,100,,5889,38,,,0,100,,5890,38,,,0
1201,'65035',1640,,5891,38,,,0
91201,'65030',2259,,7854,42,,,0,100,,7855,42,,,0
91201,'65031',2252,,7856,42,,,0,100,,7857,42,,,0
91201,'65032',2252,,7858,42,,,0,100,,7859,42,,,0
91301,'65030',2507,,7860,34,,,0
91301,'65031',2507,,7861,34,,,0
91301,'65032',2507,,7862,34,,,0
