100,'65040',855,,7922,24,,,0,100,,7923,24,,,0,100,,7924,24,,,0,99,,7925,24,,,0,100,,7926,24,,,0,100,,7927,24,,,0,293,,7928,24,,,0,67,,7929,24,,,0,31,,7930,24,,,0,192,,7931,24,,,0,105,,7932,24,,,0,89,,7933,24,,,0,91,,7934,24,0,5 6 2 68,0,101,,7935,24,0,5 6 2 68,0
100,'65041',1733,,7951,24,0,5 6 2 68,0
100,'65042',1733,,7962,24,0,5 6 2 68,0
300,'65040',621,,8132,39,,,0,25,,8133,39,,,0,55,,8134,39,,,0,18,,8135,39,,,0,12,,8136,39,,,0,14,,8137,39,,,0,56,,8138,39,,,0,15,,8139,39,,,0,13,,8140,39,,,0,17,,8141,39,,,0,60,,8142,39,,,0,20,,8143,39,,,0,21,,8144,39,,,0,60,,8145,39,,,0,20,,8146,39,,,0,20,,8147,39,,,0,60,,8148,39,,,0,20,,8149,39,,,0,20,,8150,39,,,0,58,,8151,39,,,0,22,,8152,39,,,0,20,,8153,39,,,0,60,,8154,39,,,0,20,,8155,39,,,0,20,,8156,39,,,0,60,,8157,39,,,0,15,,8158,39,,,0,13,,8159,39,,,0,17,,8181,39,,,0,55,,8160,39,,,0,15,,8161,39,,,0,13,,8162,39,,,0,22,,8163,39,,,0,55,,8164,39,,,0,20,,8165,39,,,0,25,,8166,39,,,0,65,,8167,39,,,0,30,,8168,39,,,0,60,,8169,39,,,0,19,,8170,39,,,0,20,,8171,39,,,0,65,,8172,39,,,0,28,,8173,39,,,0,73,,8174,39,,,0,27,,8175,39,,,0,67,,8180,39,,,0,20,,8176,39,,,0,20,,8177,39,,,0,77,,8178,39,,,0
300,'65041',717,,8198,39,,,0,20,,8199,39,,,0,71,,8200,39,,,0,28,,8211,39,,,0,70,,8182,39,,,0,30,,8183,39,,,0,70,,8184,39,,,0,30,,8185,39,,,0,70,,8186,39,,,0,31,,8187,39,,,0,70,,8188,39,,,0,30,,8189,39,,,0,70,,8190,39,,,0,30,,8191,39,,,0,69,,8192,39,,,0,31,,8193,39,,,0,70,,8194,39,,,0,30,,8195,39,,,0,70,,8196,39,,,0,30,,8197,39,,,0,70,,8201,39,,,0,15,,8202,39,,,0,18,,8203,39,,,0,72,,8204,39,,,0,34,,8205,39,,,0,76,,8206,39,,,0,31,,8212,39,,,0,70,,8207,39,,,0,100,,8208,39,,,0,100,,8209,39,,,0,98,,8210,39,,,0
300,'65042',717,,8229,39,,,0,20,,8230,39,,,0,71,,8231,39,,,0,28,,8242,39,,,0,70,,8213,39,,,0,30,,8214,39,,,0,70,,8215,39,,,0,30,,8216,39,,,0,70,,8217,39,,,0,31,,8218,39,,,0,70,,8219,39,,,0,30,,8220,39,,,0,70,,8221,39,,,0,30,,8222,39,,,0,69,,8223,39,,,0,31,,8224,39,,,0,70,,8225,39,,,0,30,,8226,39,,,0,70,,8227,39,,,0,30,,8228,39,,,0,70,,8232,39,,,0,15,,8233,39,,,0,18,,8234,39,,,0,72,,8235,39,,,0,34,,8236,39,,,0,76,,8237,39,,,0,31,,8243,39,,,0,70,,8238,39,,,0,100,,8239,39,,,0,100,,8240,39,,,0,98,,8241,39,,,0
700,'65040',624,,8806,25,,,0,18,,8841,25,0,5 6 2 69,0,17,,8807,25,,,0,63,,8808,33,,,0,15,,8842,25,0,5 6 2 69,0,20,,8809,33,,,0,50,,8843,25,0,5 6 2 69,0,18,,8810,25,,,0,16,,8844,25,0,5 6 2 69,0,59,,8811,33,,,0,23,,8812,25,,,0,25,,8813,25,,,0,57,,8845,25,0,5 6 2 69,0,24,,8814,25,,,0,18,,8815,25,,,0,60,,8846,33,0,5 6 2 69,0,20,,8816,33,,,0,20,,8817,33,,,0,53,,8847,25,0,5 6 2 69,0,23,,8818,25,,,0,24,,8819,33,,,0,55,,8848,25,0,5 6 2 69,0,21,,8820,25,,,0,23,,8821,33,,,0,56,,8822,25,,,0,21,,8823,25,,,0,26,,8824,33,,,0,57,,8825,25,,,0,20,,8826,25,,,0,27,,8827,25,,,0,59,,8828,25,,,0,28,,8829,25,,,0,19,,8849,33,0,5 6 2 69,0,57,,8830,33,,,0,26,,8831,25,,,0,73,,8832,33,,,0,28,,8833,25,,,0,68,,8834,25,,,0,31,,8835,25,,,0,75,,8836,25,,,0,25,,8837,25,,,0,70,,8838,25,,,0,41,,8839,33,,,0,69,,8840,25,,,0,104,,8850,33,,,0
700,'65041',617,,8865,25,0,5 6 2 69,0,103,,8866,25,,,0,97,,8877,33,,,0,24,,8876,25,0,5 6 2 69,0,71,,8878,25,,,0,30,,8875,25,0,5 6 2 69,0,70,,8851,25,,,0,30,,8858,25,0,5 6 2 69,0,70,,8852,25,,,0,31,,8859,25,0,5 6 2 69,0,70,,8853,25,,,0,30,,8860,25,0,5 6 2 69,0,70,,8854,25,,,0,30,,8861,25,0,5 6 2 69,0,70,,8855,25,,,0,30,,8862,25,0,5 6 2 69,0,70,,8856,25,,,0,30,,8863,25,0,5 6 2 69,0,70,,8857,25,0,5 6 2 69,0,30,,8864,25,0,5 6 2 69,0,70,,8867,25,0,5 6 2 69,0,30,,8868,25,0,5 6 2 69,0,82,,8872,33,,,0,95,,8874,25,,,0,100,,8873,33,,,0,100,,8869,33,,,0,100,,8870,33,,,0,99,,8871,33,,,0
700,'65042',617,,8893,25,0,5 6 2 69,0,103,,8894,25,,,0,97,,8905,33,,,0,24,,8904,25,0,5 6 2 69,0,71,,8906,25,,,0,30,,8903,25,0,5 6 2 69,0,70,,8879,25,,,0,30,,8886,25,0,5 6 2 69,0,70,,8880,25,,,0,31,,8887,25,0,5 6 2 69,0,70,,8881,25,,,0,30,,8888,25,0,5 6 2 69,0,70,,8882,25,,,0,30,,8889,25,0,5 6 2 69,0,70,,8883,25,,,0,30,,8890,25,0,5 6 2 69,0,70,,8884,25,,,0,30,,8891,25,0,5 6 2 69,0,70,,8885,25,0,5 6 2 69,0,30,,8892,25,0,5 6 2 69,0,70,,8895,25,0,5 6 2 69,0,30,,8896,25,0,5 6 2 69,0,82,,8900,33,,,0,95,,8902,25,,,0,100,,8901,33,,,0,100,,8897,33,,,0,100,,8898,33,,,0,99,,8899,33,,,0
1200,'65040',624,,9537,34,,,0,27,,9538,34,,,0,64,,9539,34,,,0,31,,9540,34,,,0,61,,9541,34,,,0,29,,9542,34,,,0,74,,9543,34,,,0,31,,9544,34,,,0,69,,9545,34,,,0,31,,9546,34,,,0,70,,9547,34,,,0,29,,9548,34,,,0,71,,9549,34,,,0,30,,9550,34,,,0,70,,9551,34,,,0,28,,9552,34,,,0,72,,9553,34,,,0,26,,9554,34,,,0,69,,9555,34,,,0,20,,9556,34,,,0,29,,9557,34,,,0,56,,9558,34,,,0,30,,9559,34,,,0,65,,9560,34,,,0,30,,9561,34,,,0,75,,9562,34,,,0,24,,9563,34,,,0,91,,9564,34,,,0,25,,9565,34,,,0,75,,9566,34,,,0,26,,9567,34,,,0,79,,9568,34,,,0
1200,'65041',719,,9578,34,,,0,99,,9579,34,,,0,91,,9569,34,,,0,30,,9586,34,,,0,70,,9570,34,,,0,30,,9587,34,,,0,71,,9571,34,,,0,28,,9588,34,,,0,72,,9572,34,,,0,28,,9589,34,,,0,72,,9573,34,,,0,28,,9590,34,,,0,72,,9574,34,,,0,28,,9591,34,,,0,72,,9575,34,,,0,28,,9592,34,,,0,72,,9576,34,,,0,30,,9593,34,,,0,70,,9594,34,,,0,34,,9577,34,,,0,69,,9580,34,,,0,106,,9581,34,,,0,102,,9582,34,,,0,100,,9583,34,,,0,99,,9584,34,,,0,99,,9585,34,,,0
1200,'65042',719,,9604,34,,,0,99,,9605,34,,,0,91,,9595,34,,,0,30,,9612,34,,,0,70,,9596,34,,,0,30,,9613,34,,,0,71,,9597,34,,,0,28,,9614,34,,,0,72,,9598,34,,,0,28,,9615,34,,,0,72,,9599,34,,,0,28,,9616,34,,,0,72,,9600,34,,,0,28,,9617,34,,,0,72,,9601,34,,,0,28,,9618,34,,,0,72,,9602,34,,,0,30,,9619,34,,,0,70,,9620,34,,,0,34,,9603,34,,,0,69,,9606,34,,,0,106,,9607,34,,,0,102,,9608,34,,,0,100,,9609,34,,,0,99,,9610,34,,,0,99,,9611,34,,,0
1400,'65040',650,,9702,35,,,0,75,,9703,35,,,0,16,,9704,35,,,0,70,,9705,35,,,0,28,,9706,35,,,0,71,,9707,35,,,0,21,,9708,35,,,0,79,,9709,35,,,0,22,,9710,35,,,0,20,,9711,35,,,0,80,,9712,35,,,0,20,,9713,35,,,0,60,,9714,35,,,0,21,,9715,35,,,0,72,,9716,35,,,0,22,,9717,35,,,0,25,,9718,35,,,0,60,,9719,35,,,0,42,,9739,35,,,0,68,,9720,35,,,0,32,,9721,35,,,0,67,,9722,35,,,0,12,,9723,35,,,0,77,,9724,35,,,0,30,,9725,35,,,0,60,,9726,35,,,0,33,,9727,35,,,0,24,,9728,35,,,0,66,,9729,35,,,0,27,,9730,35,,,0,70,,9731,35,,,0,30,,9732,35,,,0,66,,9733,35,,,0,23,,9734,35,,,0,82,,9735,35,,,0,97,,9736,35,,,0,28,,9737,35,,,0,92,,9738,35,,,0
1400,'65041',717,,9748,35,,,0,101,,9749,35,,,0,90,,9740,35,,,0,100,,9741,35,,,0,101,,9742,35,,,0,100,,9743,35,,,0,103,,9744,35,,,0,100,,9757,35,,,0,100,,9745,35,,,0,100,,9746,35,,,0,100,,9747,35,,,0,102,,9750,35,,,0,108,,9751,35,,,0,101,,9752,35,,,0,100,,9753,35,,,0,98,,9754,35,,,0,99,,9755,35,,,0,117,,9756,35,,,0
1400,'65042',717,,9766,35,,,0,101,,9767,35,,,0,90,,9758,35,,,0,100,,9759,35,,,0,101,,9760,35,,,0,100,,9761,35,,,0,103,,9762,35,,,0,100,,9775,35,,,0,100,,9763,35,,,0,100,,9764,35,,,0,100,,9765,35,,,0,102,,9768,35,,,0,108,,9769,35,,,0,101,,9770,35,,,0,100,,9771,35,,,0,98,,9772,35,,,0,99,,9773,35,,,0,117,,9774,35,,,0
1900,'65040',719,,10267,40,,,0,35,,10268,40,,,0,60,,10269,40,,,0,102,,10270,40,,,0,101,,10271,40,,,0,101,,10272,40,,,0,100,,10273,40,,,0,96,,10274,40,,,0,100,,10275,40,,,0,101,,10276,40,,,0,42,,10277,40,,,0,80,,10278,40,,,0,70,,10279,40,,,0,30,,10280,40,,,0,69,,10281,40,,,0,44,,10282,40,,,0
90300,'65040',2329,,11467,46,,,0,106,,11468,46,,,0
90300,'65041',2435,,11471,46,,,0
90300,'65042',2435,,11473,46,,,0
91200,'65040',2222,,11512,37,,,0,100,,11513,37,,,0
91900,'65040',618,,11539,49,,,0
