901,'65020',658,,1484,40,,,0,68,,1485,40,,,0,21,,1486,40,,,0,9,,1491,10,,,0,56,,1487,40,,,0,17,,1488,40,,,0,20,,1489,40,,,0,64,,1490,40,,,0,27,,1506,40,,,0,62,,1505,40,,,0,20,,1504,40,,,0,80,,1503,40,,,0,21,,1502,40,,,0,80,,1501,40,,,0,21,,1500,40,,,0,81,,1499,40,,,0,20,,1498,40,,,0,80,,1497,40,,,0,20,,1496,40,,,0,80,,1495,40,,,0,20,,1494,40,,,0,26,,1518,40,,,0,65,,1493,40,,,0,24,,1492,40,,,0,93,,1514,40,,,0,83,,1517,40,,,0,22,,1516,40,,,0,72,,1515,40,,,0
901,'65021',1028,,1519,40,,,0,99,,1520,40,,,0,99,,1526,40,,,0,101,,1525,40,,,0,100,,1524,40,,,0,99,,1523,40,,,0,105,,1522,40,,,0,97,,1521,40,,,0
901,'65022',1028,,1535,40,,,0,99,,1536,40,,,0,99,,1542,40,,,0,101,,1541,40,,,0,100,,1540,40,,,0,99,,1539,40,,,0,105,,1538,40,,,0,97,,1537,40,,,0
1200,'65020',619,,1787,28,,,0,27,,1788,28,,,0,57,,1789,28,,,0,22,,1790,28,,,0,14,,1791,28,,,0,16,,1792,28,,,0,49,,1793,28,,,0,26,,1794,28,,,0,10,,1795,28,,,0,68,,1796,28,,,0,25,,1797,28,,,0,72,,1798,28,,,0,32,,1799,28,,,0,68,,1800,28,,,0,30,,1801,28,,,0,69,,1802,28,,,0,30,,1803,28,,,0,71,,1804,28,,,0,28,,1805,28,,,0,74,,1806,28,,,0,30,,1807,28,,,0,70,,1808,28,,,0,29,,1809,28,,,0,71,,1810,28,,,0,26,,1811,28,,,0,25,,1812,28,,,0,55,,1813,28,,,0,26,,1814,28,,,0,66,,1815,28,,,0,25,,1816,28,,,0,90,,1817,28,,,0,100,,1818,28,,,0,23,,1819,28,,,0,77,,1820,28,,,0
1200,'65021',717,,1830,28,,,0,101,,1831,28,,,0,95,,1821,28,,,0,87,,1822,28,,,0,100,,1823,28,,,0,59,,1824,28,,,0,99,,1825,28,,,0,100,,1826,28,,,0,100,,1827,28,,,0,101,,1828,28,,,0,100,,1829,28,,,0,81,,1832,28,,,0,75,,1833,28,,,0,100,,1834,28,,,0,102,,1835,28,,,0,100,,1836,28,,,0,99,,1837,28,,,0,101,,1838,28,,,0
1200,'65022',717,,1848,28,,,0,101,,1849,28,,,0,95,,1839,28,,,0,87,,1840,28,,,0,100,,1841,28,,,0,59,,1842,28,,,0,99,,1843,28,,,0,100,,1844,28,,,0,100,,1845,28,,,0,101,,1846,28,,,0,100,,1847,28,,,0,81,,1850,28,,,0,75,,1851,28,,,0,100,,1852,28,,,0,102,,1853,28,,,0,100,,1854,28,,,0,99,,1855,28,,,0,101,,1856,28,,,0
5700,'65020',923,,3364,34,,,2,103,,3365,34,,,2,120,,3366,34,,,2,105,,3367,34,,,2,161,,3368,34,,,2,105,,3369,34,,,2,120,,3370,34,,,2
5700,'65021',1129,,3376,34,,,2,113,,3375,34,,,2,102,,3374,34,,,2,112,,3373,34,,,2,102,,3372,34,,,2,152,,3371,34,0,13 1 14,2
5700,'65022',1129,,3382,34,,,2,113,,3381,34,,,2,102,,3380,34,,,2,112,,3379,34,,,2,102,,3378,34,,,2,152,,3377,34,0,13 1 14,2
91200,'65020',2218,,3903,31,,,0,100,,3904,31,,,0
