1201,'65030',637,,5829,24,,,0,68,,5830,24,,,0,30,,5825,24,,,0,67,,5826,24,,,0,30,,5827,24,,,0,26,,5828,24,,,0,64,,5831,24,,,0,28,,5832,24,,,0,72,,5833,24,,,0,28,,5834,24,,,0,72,,5835,24,,,0,29,,5836,24,,,0,72,,5837,24,,,0,14,,5860,24,,,0,14,,5838,24,,,0,72,,5839,24,,,0,30,,5840,24,,,0,71,,5841,24,,,0,31,,5842,24,,,0,67,,5843,24,,,0,30,,5844,24,,,0,62,,5845,24,,,0,15,,5846,24,,,0,16,,5847,24,,,0,14,,5848,24,,,0,55,,5849,24,,,0,19,,5850,24,,,0,17,,5851,24,,,0,65,,5852,24,,,0,25,,5853,24,,,0,69,,5854,24,,,0,35,,5855,24,,,0,95,,5856,24,,,0,100,,5857,24,,,0,79,,5858,24,,,0,118,,5859,24,,,0
1201,'65031',741,,5869,24,,,0,101,,5870,24,,,0,158,,5861,24,,,0,101,,5862,24,,,0,100,,5863,24,,,0,100,,5864,24,,,0,100,,5865,24,,,0,100,,5866,24,,,0,100,,5867,24,,,0,57,,5868,24,,,0,86,,5871,24,,,0,100,,5872,24,,,0,100,,5873,24,,,0,100,,5874,24,,,0,100,,5875,24,,,0
1201,'65032',741,,5884,24,,,0,101,,5885,24,,,0,158,,5876,24,,,0,101,,5877,24,,,0,100,,5878,24,,,0,100,,5879,24,,,0,100,,5880,24,,,0,100,,5881,24,,,0,100,,5882,24,,,0,57,,5883,24,,,0,86,,5886,24,,,0,100,,5887,24,,,0,100,,5888,24,,,0,100,,5889,24,,,0,100,,5890,24,,,0
1201,'65035',1624,,5891,24,,,0
1600,'65030',620,,6136,14,,,0,81,,6135,14,,,0,18,,6134,14,,,0,15,,6133,14,,,0,14,,6132,14,,,0,59,,6131,14,,,0,33,,6130,14,,,0,65,,6129,14,,,0,24,,6143,14,,,0,72,,6137,14,,,0,30,,6144,14,,,0,71,,6138,14,,,0,27,,6145,14,,,0,13,,6149,14,,,0,15,,6139,14,,,0,53,,6150,14,,,0,16,,6146,14,,,0,17,,6169,14,,,0,59,,6140,14,,,0,30,,6147,14,,,0,70,,6141,14,,,0,28,,6148,14,,,0,70,,6142,14,,,0,16,,6171,14,,,0,17,,6168,14,,,0,24,,6151,14,,,0,67,,6152,14,,,0,12,,6153,14,,,0,15,,6154,14,,,0,57,,6155,14,,,0,14,,6156,14,,,0,17,,6157,14,,,0,19,,6158,14,,,0,66,,6170,14,,,0,26,,6159,14,,,0,67,,6160,14,,,0,29,,6161,14,,,0,71,,6162,14,,,0,33,,6163,14,,,0,69,,6172,14,,,0,29,,6164,14,,,0,63,,6165,14,,,0,16,,6166,14,,,0,75,,6167,14,,,0
1600,'65031',649,,6188,14,,,0,101,,6182,14,,,0,100,,6181,14,,,0,92,,6189,14,,,0,68,,6173,14,,,0,100,,6174,14,,,0,100,,6175,14,,,0,101,,6176,14,,,0,100,,6177,14,,,0,101,,6178,14,,,0,99,,6179,14,,,0,99,,6180,14,,,0,101,,6183,14,,,0,38,,6184,14,,,0,100,,6185,14,,,0,100,,6186,14,,,0,165,,6187,14,,,0
1600,'65032',649,,6205,14,,,0,101,,6199,14,,,0,100,,6198,14,,,0,92,,6206,14,,,0,68,,6190,14,,,0,100,,6191,14,,,0,100,,6192,14,,,0,101,,6193,14,,,0,100,,6194,14,,,0,101,,6195,14,,,0,99,,6196,14,,,0,99,,6197,14,,,0,101,,6200,14,,,0,38,,6201,14,,,0,100,,6202,14,,,0,100,,6203,14,,,0,165,,6204,14,,,0
91201,'65030',2249,,7854,28,,,0,100,,7855,28,,,0
91201,'65031',2243,,7856,28,,,0,100,,7857,28,,,0
91201,'65032',2243,,7858,28,,,0,100,,7859,28,,,0
