1101,'65030',635,,5692,26,0,54,0,18,,5637,26,,,0,70,,5638,26,,,0,26,,5693,26,,,0,55,,5639,26,,,0,29,,5640,26,,,0,70,,5641,26,,,0,25,,5642,26,,,0,28,,5643,26,,,0,55,,5656,4,0,54,0,14,,5644,26,,,0,30,,5645,26,,,0,57,,5657,4,0,54,0,12,,5646,26,,,0,15,,5661,4,0,54,0,15,,5647,26,,,0,54,,5658,4,0,54,0,17,,5648,26,,,0,15,,5662,4,0,54,0,15,,5649,26,,,0,54,,5659,4,0,54,0,16,,5650,26,,,0,30,,5651,26,,,0,52,,5660,4,0,54,0,17,,5652,26,,,0,16,,5663,4,0,54,0,15,,5653,26,,,0,50,,5655,4,0,54,0,9,,5664,4,0,54,0,10,,5654,26,,,0,14,,5680,26,0,54,0,8,,5681,4,0,54,0,7,,5682,4,0,54,0,47,,5665,26,,,0,18,,5683,4,0,54,0,13,,5666,26,,,0,8,,5684,4,0,54,0,12,,5685,4,0,54,0,50,,5667,26,,,0,16,,5686,4,0,54,0,15,,5668,26,,,0,15,,5677,26,0,54,0,55,,5669,26,,,0,20,,5670,26,,,0,15,,5687,4,0,54,0,16,,5671,26,,,0,49,,5688,4,0,54,0,20,,5672,26,,,0,30,,5689,26,0,54,0,70,,5673,26,,,0,25,,5678,26,0,54,0,66,,5679,26,0,54,0,16,,5674,26,,,0,12,,5690,26,0,54,0,15,,5691,4,0,54,0,72,,5675,26,,,0,104,,5676,26,,,0,78,,5694,26,0,54,0
1101,'65031',823,,5712,26,,,0,78,,5695,4,,,0,34,,5704,26,0,54,0,65,,5696,26,,,0,35,,5705,26,0,54,0,65,,5697,26,,,0,34,,5706,26,0,54,0,25,,5698,26,,,0,75,,5707,26,0,54,0,25,,5699,26,,,0,75,,5708,26,0,54,0,25,,5700,26,,,0,74,,5709,26,0,54,0,70,,5701,26,,,0,30,,5710,26,0,54,0,71,,5702,26,,,0,32,,5711,26,0,54,0,68,,5703,26,,,0,14,,5715,26,0,54,0,16,,5716,26,,,0,70,,5717,26,0,54,0,24,,5718,26,,,0,102,,5719,26,,,0,100,,5720,26,,,0,100,,5721,26,,,0,100,,5722,26,,,0,100,,5723,26,,,0
1101,'65032',823,,5741,26,,,0,78,,5724,4,,,0,34,,5733,26,0,54,0,65,,5725,26,,,0,35,,5734,26,0,54,0,65,,5726,26,,,0,34,,5735,26,0,54,0,25,,5727,26,,,0,75,,5736,26,0,54,0,25,,5728,26,,,0,75,,5737,26,0,54,0,25,,5729,26,,,0,74,,5738,26,0,54,0,70,,5730,26,,,0,30,,5739,26,0,54,0,71,,5731,26,,,0,32,,5740,26,0,54,0,68,,5732,26,,,0,14,,5744,26,0,54,0,16,,5745,26,,,0,70,,5746,26,0,54,0,24,,5747,26,,,0,102,,5748,26,,,0,100,,5749,26,,,0,100,,5750,26,,,0,100,,5751,26,,,0,100,,5752,26,,,0
1101,'65035',1613,,5754,4,0,54,0
1800,'65030',704,,6413,34,,,0,19,,6412,34,,,0,17,,6411,34,,,0,68,,6410,34,,,0,33,,6409,34,,,0,74,,6408,34,,,0,19,,6425,34,,,0,78,,6414,34,,,0,24,,6421,34,,,0,21,,6415,34,,,0,81,,6422,34,,,0,19,,6416,34,,,0,60,,6438,34,,,0,21,,6423,34,,,0,80,,6417,34,,,0,34,,6424,34,,,0,66,,6418,34,,,0,26,,6420,34,,,0,81,,6419,34,,,0,26,,6437,34,,,0,58,,6426,34,,,0,37,,6427,34,,,0,57,,6428,34,,,0,27,,6429,34,,,0,19,,6430,34,,,0,64,,6431,34,,,0,44,,6432,34,,,0,71,,6433,34,,,0,27,,6434,34,,,0,157,,6435,34,,,0,93,,6436,34,,,0
1800,'65031',802,,6448,34,,,0,111,,6439,34,,,0,96,,6440,34,,,0,99,,6441,34,,,0,101,,6442,34,,,0,100,,6443,34,,,0,100,,6444,34,,,0,100,,6445,34,,,0,100,,6446,34,,,0,106,,6447,34,,,0,97,,6449,34,,,0,89,,6450,34,,,0,46,,6451,34,,,0,100,,6452,34,,,0,100,,6453,34,,,0
1800,'65032',802,,6463,34,,,0,111,,6454,34,,,0,96,,6455,34,,,0,99,,6456,34,,,0,101,,6457,34,,,0,100,,6458,34,,,0,100,,6459,34,,,0,100,,6460,34,,,0,100,,6461,34,,,0,106,,6462,34,,,0,97,,6464,34,,,0,89,,6465,34,,,0,46,,6466,34,,,0,100,,6467,34,,,0,100,,6468,34,,,0
1800,'65035',750,,6470,25,,,0,68,,6469,25,,,0
2400,'65030',631,,6687,17,,,0,71,,6688,17,,,0,31,,6689,17,,,0,24,,6690,17,,,0,52,,6691,17,,,0,28,,6692,17,,,0,75,,6693,17,,,0,31,,6694,17,,,0,71,,6713,17,,,0,31,,6695,17,,,0,71,,6696,17,,,0,31,,6697,17,,,0,71,,6698,17,,,0,31,,6699,17,,,0,71,,6700,17,,,0,31,,6701,17,,,0,71,,6702,17,,,0,31,,6703,17,,,0,72,,6704,17,,,0,33,,6705,17,,,0,76,,6706,17,,,0,75,,6707,17,,,0,39,,6708,17,,,0,74,,6709,17,,,0,35,,6710,17,,,0,75,,6711,17,,,0,75,,6712,17,,,0,35,,6714,17,,,0,80,,6715,17,,,0,32,,6686,17,,,0
2400,'65031',806,,6732,17,,,0,33,,6728,17,,,0,75,,6729,17,,,0,100,,6731,17,,,0,100,,6730,17,,,0,100,,6727,17,,,0,100,,6726,17,,,0,100,,6725,17,,,0,100,,6724,17,,,0,100,,6721,17,,,0,105,,6718,17,,,0,93,,6717,17,,,0,92,,6720,17,,,0,35,,6723,17,,,0,100,,6716,17,,,0,100,,6722,17,,,0,98,,6719,17,,,0
2400,'65032',806,,6749,17,,,0,33,,6745,17,,,0,75,,6746,17,,,0,100,,6748,17,,,0,100,,6747,17,,,0,100,,6744,17,,,0,100,,6743,17,,,0,100,,6742,17,,,0,100,,6741,17,,,0,100,,6738,17,,,0,105,,6735,17,,,0,93,,6734,17,,,0,92,,6737,17,,,0,35,,6740,17,,,0,100,,6733,17,,,0,100,,6739,17,,,0,98,,6736,17,,,0
45301,'65030',811,,7424,4,,,0,506,,7428,5,,,0,226,,7425,4,,,0,113,,7426,4,,,0,93,,7427,4,,,0,98,,7429,5,,,0
91301,'65030',2517,,7860,45,,,0
91301,'65031',2517,,7861,45,,,0
91301,'65032',2517,,7862,45,,,0
91800,'65031',2259,,7868,36,,,0
91800,'65032',2259,,7869,36,,,0
