700,'65030',612,,4944,12,,,0,16,,4945,12,0,5 6,0,19,,4946,12,,,0,59,,4947,12,,,0,15,,4948,12,0,5 6,0,5,,4949,20,,,0,7,,4950,12,,,0,6,,4951,20,0,5 6,0,8,,4952,12,,,0,6,,4953,12,0,5 6,0,51,,4954,20,,,0,21,,4955,12,,,0,17,,4956,12,0,5 6,0,16,,4963,12,,,0,67,,4970,12,,,0,17,,4957,12,0,5 6,0,60,,4964,12,,,0,22,,4971,12,,,0,19,,4958,12,0,5 6,0,59,,4965,12,,,0,22,,4972,12,,,0,18,,4959,12,0,5 6,0,60,,4966,12,,,0,22,,4973,20,,,0,20,,4960,12,0,5 6,0,58,,4967,12,,,0,21,,4974,20,,,0,20,,4961,12,0,5 6,0,59,,4968,12,,,0,21,,4975,12,,,0,18,,4962,12,,,0,60,,4969,12,,,0,23,,4976,20,,,0,20,,4977,12,,,0,72,,4978,12,,,0,25,,4979,20,,,0,75,,4980,12,,,0,31,,4981,20,,,0,65,,4982,20,,,0,20,,4983,20,,,0,68,,4984,12,,,0,35,,4985,12,,,0,66,,4986,12,,,0,34,,4987,20,,,0,65,,4988,12,,,0,36,,4989,20,,,0,76,,4990,12,,,0,101,,4991,20,,,0
700,'65031',614,,5009,12,0,5 6,0,97,,5010,12,,,0,98,,5011,20,,,0,34,,5000,12,0,5 6,0,70,,4992,20,,,0,21,,5001,12,0,5 6,0,70,,4993,12,,,0,31,,5002,12,0,5 6,0,69,,4994,12,,,0,26,,5003,12,0,5 6,0,74,,4995,12,,,0,30,,5004,12,0,5 6,0,70,,4996,12,,,0,30,,5005,12,0,5 6,0,70,,4997,12,,,0,30,,5006,12,0,5 6,0,70,,4998,12,,,0,30,,5007,12,0,5 6,0,70,,4999,12,0,5 6,0,35,,5008,12,0,5 6,0,70,,5012,12,0,5 6,0,32,,5013,12,0,5 6,0,68,,5014,20,,,0,102,,5015,20,,,0,100,,5016,20,,,0,101,,5017,20,,,0,100,,5018,20,,,0,99,,5019,20,,,0
700,'65032',614,,5037,12,0,5 6,0,97,,5038,12,,,0,98,,5039,20,,,0,34,,5028,12,0,5 6,0,70,,5020,20,,,0,21,,5029,12,0,5 6,0,70,,5021,12,,,0,31,,5030,12,0,5 6,0,69,,5022,12,,,0,26,,5031,12,0,5 6,0,74,,5023,12,,,0,30,,5032,12,0,5 6,0,70,,5024,12,,,0,30,,5033,12,0,5 6,0,70,,5025,12,,,0,30,,5034,12,0,5 6,0,70,,5026,12,,,0,30,,5035,12,0,5 6,0,70,,5027,12,0,5 6,0,35,,5036,12,0,5 6,0,70,,5040,12,0,5 6,0,32,,5041,12,0,5 6,0,68,,5042,20,,,0,102,,5043,20,,,0,100,,5044,20,,,0,101,,5045,20,,,0,100,,5046,20,,,0,99,,5047,20,,,0
1100,'65030',559,,5563,11,0,22 23,0,61,,5578,11,0,22 23,0,27,,5519,32,,,0,67,,5520,32,,,0,16,,5524,11,,,0,17,,5567,32,0,22 23,0,6,,5566,11,0,22 23,0,54,,5521,32,,,0,7,,5565,11,0,22 23,0,14,,5522,32,,,0,15,,5564,11,0,22 23,0,65,,5523,32,,,0,13,,5571,11,0,22 23,0,15,,5525,32,,,0,13,,5568,11,0,22 23,0,57,,5526,32,,,0,12,,5572,11,0,22 23,0,19,,5527,32,,,0,12,,5560,11,0,22 23,0,58,,5528,32,,,0,11,,5573,11,0,22 23,0,17,,5529,32,,,0,10,,5561,11,0,22 23,0,59,,5530,32,,,0,13,,5559,11,0,22 23,0,18,,5531,32,,,0,14,,5562,11,0,22 23,0,57,,5532,32,,,0,13,,5557,11,0,22 23,0,18,,5533,32,,,0,13,,5558,11,0,22 23,0,56,,5534,32,,,0,12,,5576,11,,,0,17,,5535,32,,,0,12,,5554,11,0,22 23,0,58,,5536,32,,,0,12,,5556,11,0,22 23,0,18,,5537,32,,,0,4,,5552,11,0,22 23,0,9,,5555,11,0,22 23,0,53,,5538,32,,,0,13,,5549,11,,,0,15,,5539,32,,,0,14,,5574,11,0,22 23,0,15,,5540,32,,,0,59,,5577,11,0,22 23,0,17,,5541,32,,,0,11,,5575,11,0,22 23,0,60,,5542,32,,,0,11,,5553,11,0,22 23,0,15,,5569,32,,,0,73,,5543,32,,,0,30,,5544,32,,,0,83,,5545,32,,,0,30,,5550,11,,,0,71,,5546,32,,,0,25,,5551,11,0,57,0,78,,5547,32,,,0,100,,5548,32,0,57,0,90,,5570,32,0,22 23,0
1100,'65031',710,,5594,11,,,0,102,,5595,32,,,0,29,,5596,11,,,0,68,,5579,32,,,0,32,,5580,32,,,0,70,,5587,11,,,0,30,,5581,32,,,0,60,,5588,11,,,0,32,,5582,32,,,0,67,,5589,11,,,0,30,,5583,32,,,0,72,,5590,11,,,0,34,,5584,32,,,0,65,,5591,11,,,0,35,,5585,32,,,0,65,,5592,11,,,0,38,,5586,32,,,0,62,,5593,11,,,0,38,,5597,32,,,0,67,,5598,32,,,0,42,,5599,11,0,22 23,0,63,,5600,32,,,0,97,,5601,32,,,0,100,,5602,32,,,0,100,,5603,32,,,0,101,,5604,32,,,0,108,,5605,32,0,57,0
1100,'65032',710,,5621,11,,,0,102,,5622,32,,,0,29,,5623,11,,,0,68,,5606,32,,,0,32,,5607,32,,,0,70,,5614,11,,,0,30,,5608,32,,,0,60,,5615,11,,,0,32,,5609,32,,,0,67,,5616,11,,,0,30,,5610,32,,,0,72,,5617,11,,,0,34,,5611,32,,,0,65,,5618,11,,,0,35,,5612,32,,,0,65,,5619,11,,,0,38,,5613,32,,,0,62,,5620,11,,,0,38,,5624,32,,,0,67,,5625,32,,,0,42,,5626,11,0,22 23,0,63,,5627,32,,,0,97,,5628,32,,,0,100,,5629,32,,,0,100,,5630,32,,,0,101,,5631,32,,,0,108,,5632,32,0,57,0
1100,'65037',750,,5633,11,0,22 23,0,50,,5634,11,0,22 23,0
5501,'65030',801,,7295,71,,,0,115,,7296,71,,,0,116,,7297,71,,,0,117,,7298,71,,,0,154,,7299,71,,,0,115,,7300,71,,,0,115,,7301,71,,,0,117,,7302,71,,,0,156,,7303,71,,,0
5501,'65031',853,,7312,71,,,0,150,,7311,71,,,0,110,,7310,71,,,0,111,,7309,71,,,0,110,,7308,71,,,0,110,,7307,71,,,0,109,,7305,71,,,0
5501,'65032',853,,7320,71,,,0,150,,7319,71,,,0,110,,7318,71,,,0,111,,7317,71,,,0,110,,7316,71,,,0,110,,7315,71,,,0,109,,7313,71,,,0
90700,'65030',624,,7848,12,,,0
