700,'65030',646,,4944,43,,,0,76,,4946,43,,,0,24,,4947,43,,,0,63,,4949,51,,,0,8,,4950,43,,,0,17,,4952,43,,,0,17,,4954,51,,,0,56,,4955,43,,,0,27,,4963,43,,,0,66,,4970,43,,,0,38,,4964,43,,,0,62,,4971,43,,,0,38,,4965,43,,,0,63,,4972,43,,,0,39,,4966,43,,,0,63,,4973,51,,,0,38,,4967,43,,,0,60,,4974,51,,,0,38,,4968,43,,,0,62,,4975,43,,,0,19,,4962,43,,,0,22,,4969,43,,,0,63,,4976,51,,,0,22,,4977,43,,,0,78,,4978,43,,,0,20,,4979,51,,,0,75,,4980,43,,,0,24,,4981,51,,,0,25,,4982,51,,,0,60,,4983,51,,,0,27,,4984,43,,,0,74,,4985,43,,,0,25,,4986,43,,,0,74,,4987,51,,,0,25,,4988,43,,,0,74,,4989,51,,,0,36,,4990,43,,,0,100,,4991,51,,,0
700,'65031',742,,5010,43,,,0,101,,5011,51,,,0,101,,4992,51,,,0,91,,4993,43,,,0,102,,4994,43,,,0,102,,4995,43,,,0,100,,4996,43,,,0,101,,4997,43,,,0,100,,4998,43,,,0,301,,5014,51,,,0,104,,5015,51,,,0,100,,5016,51,,,0,100,,5017,51,,,0,100,,5018,51,,,0,98,,5019,51,,,0
700,'65032',742,,5038,43,,,0,101,,5039,51,,,0,101,,5020,51,,,0,91,,5021,43,,,0,102,,5022,43,,,0,102,,5023,43,,,0,100,,5024,43,,,0,101,,5025,43,,,0,100,,5026,43,,,0,301,,5042,51,,,0,104,,5043,51,,,0,100,,5044,51,,,0,100,,5045,51,,,0,100,,5046,51,,,0,98,,5047,51,,,0
701,'65030',1313,,5067,1,0,54,0,138,,5063,1,0,54,0,170,,5080,1,0,54,0,130,3,5084,1,0,54,0
800,'65030',649,,5160,50,,,1,56,,5212,50,,,1,12,,5161,50,,,1,23,,5162,50,,,1,11,,5163,50,,,1,55,,5164,50,,,1,15,,5165,50,,,1,15,,5166,50,,,1,16,,5167,50,,,1,53,,5168,50,,,1,21,,5169,50,,,1,20,,5170,50,,,1,58,,5171,50,,,1,21,,5172,50,,,1,20,,5173,50,,,1,60,,5174,50,,,1,21,,5175,50,,,1,20,,5176,50,,,1,60,,5177,50,,,1,21,,5178,50,,,1,20,,5179,50,,,1,61,,5180,50,,,1,22,,5181,50,,,1,19,,5182,50,,,1,57,,5183,50,,,1,20,,5184,50,,,1,23,,5185,50,,,1,57,,5186,50,,,1,20,,5187,50,,,1,10,,5188,50,,,1,15,,5189,50,,,1,56,,5190,50,,,1,17,,5191,50,,,1,17,,5192,50,,,1,8,,5193,50,,,1,7,,5194,50,,,1,51,,5195,50,,,1,13,,5196,50,,,1,16,,5197,50,,,1,15,,5198,50,,,1,54,,5199,50,,,1,22,,5200,50,,,1,18,,5201,50,,,1,56,,5202,50,,,1,22,,5203,50,,,1,30,,5204,50,,,1,69,,5205,50,,,1,30,,5206,50,,,1,70,,5207,50,,,1,34,,5208,50,,,1,65,,5209,50,,,1,27,,5210,50,,,1,100,,5211,50,,,1
800,'65031',648,,5229,50,,,1,101,,5230,50,,,1,69,,5231,50,,,1,29,,5232,50,,,1,59,,5233,50,,,1,32,,5213,50,,,1,71,,5214,50,,,1,29,,5215,50,,,1,71,,5216,50,,,1,29,,5217,50,,,1,70,,5218,50,,,1,31,,5219,50,,,1,71,,5220,50,,,1,31,,5221,50,,,1,70,,5222,50,,,1,30,,5223,50,,,1,70,,5224,50,,,1,29,,5225,50,,,1,70,,5226,50,,,1,30,,5227,50,,,1,69,,5228,50,,,1,30,,5234,50,,,1,72,,5235,50,,,1,30,,5242,50,,,1,62,,5236,50,,,1,24,,5243,50,,,1,23,,5237,50,,,1,100,,5238,50,,,1,99,,5239,50,,,1,100,,5240,50,,,1,100,,5241,50,,,1
800,'65032',648,,5260,50,,,1,101,,5261,50,,,1,69,,5262,50,,,1,29,,5263,50,,,1,59,,5264,50,,,1,32,,5244,50,,,1,71,,5245,50,,,1,29,,5246,50,,,1,71,,5247,50,,,1,29,,5248,50,,,1,70,,5249,50,,,1,31,,5250,50,,,1,71,,5251,50,,,1,31,,5252,50,,,1,70,,5253,50,,,1,30,,5254,50,,,1,70,,5255,50,,,1,29,,5256,50,,,1,70,,5257,50,,,1,30,,5258,50,,,1,69,,5259,50,,,1,30,,5265,50,,,1,72,,5266,50,,,1,30,,5273,50,,,1,62,,5267,50,,,1,24,,5274,50,,,1,23,,5268,50,,,1,100,,5269,50,,,1,99,,5270,50,,,1,100,,5271,50,,,1,100,,5272,50,,,1
801,'65030',607,,5275,1,,,1,29,,5276,1,,,1,105,,5322,1,,,1,782,,5304,1,,,1,82,,5307,1,,,1
40100,'65030',644,,7359,6,,,0,69,,7360,6,,,0,29,,7361,6,,,0,70,,7362,6,,,0,31,,7363,6,,,0
45300,'65030',747,,7417,5,,,0,99,,7418,5,,,0,399,,7419,5,,,0,275,,7420,5,,,0,112,,7421,5,,,0,94,,7422,5,,,0,90,,7423,5,,,0
45400,'65030',648,,7430,4,,,0,69,,7431,4,,,0,22,,7432,4,,,0,72,,7433,4,,,0,36,,7434,4,,,0,697,,7435,4,,,0
45401,'65030',1510,,7436,1,,,0,29,,7437,1,,,0,67,3,7438,1,,,0,40,3,7439,1,,,0,64,51,7440,1,,,0
60400,'65030',607,,7721,3,4,,0,29,,7722,3,4,,0,105,,7723,3,4,,0,572,,7724,3,4,,0,138,,7725,3,4,,0,72,,7726,3,4,,0,82,,7719,3,4,,0,16,,7720,3,4,,0
90801,'65030',2420,,7849,1,,,0
90801,'65031',2420,,7850,1,,,0
90801,'65032',2420,,7851,1,,,0
