1201,'65030',645,,5829,37,,,0,68,,5830,37,,,0,30,,5825,37,,,0,71,,5826,37,,,0,27,,5827,37,,,0,66,,5828,37,,,0,23,,5831,37,,,0,28,,5832,37,,,0,72,,5833,37,,,0,28,,5834,37,,,0,72,,5835,37,,,0,71,,5836,37,,,0,32,,5837,37,,,0,14,,5860,37,,,0,54,,5838,37,,,0,30,,5839,37,,,0,70,,5840,37,,,0,31,,5841,37,,,0,72,,5842,37,,,0,27,,5843,37,,,0,71,,5844,37,,,0,26,,5845,37,,,0,15,,5846,37,,,0,16,,5847,37,,,0,52,,5848,37,,,0,15,,5849,37,,,0,19,,5850,37,,,0,55,,5851,37,,,0,25,,5852,37,,,0,23,,5853,37,,,0,69,,5854,37,,,0,35,,5855,37,,,0,95,,5856,37,,,0,100,,5857,37,,,0,79,,5858,37,,,0,118,,5859,37,,,0
1201,'65031',749,,5869,37,,,0,101,,5870,37,,,0,158,,5861,37,,,0,101,,5862,37,,,0,100,,5863,37,,,0,100,,5864,37,,,0,100,,5865,37,,,0,100,,5866,37,,,0,100,,5867,37,,,0,97,,5868,37,,,0,46,,5871,37,,,0,100,,5872,37,,,0,100,,5873,37,,,0,100,,5874,37,,,0,100,,5875,37,,,0
1201,'65032',749,,5884,37,,,0,101,,5885,37,,,0,158,,5876,37,,,0,101,,5877,37,,,0,100,,5878,37,,,0,100,,5879,37,,,0,100,,5880,37,,,0,100,,5881,37,,,0,100,,5882,37,,,0,97,,5883,37,,,0,46,,5886,37,,,0,100,,5887,37,,,0,100,,5888,37,,,0,100,,5889,37,,,0,100,,5890,37,,,0
1201,'65035',1638,,5891,37,,,0
91201,'65030',2258,,7854,41,,,0,100,,7855,41,,,0
91201,'65031',2250,,7856,41,,,0,100,,7857,41,,,0
91201,'65032',2250,,7858,41,,,0,100,,7859,41,,,0
91301,'65030',2506,,7860,33,,,0
91301,'65031',2506,,7861,33,,,0
91301,'65032',2506,,7862,33,,,0
