700,'65040',702,,8808,8,,,0,33,,8809,8,,,0,103,,8811,8,,,0,208,,8846,8,0,5 6 2 69,0,60,,8816,8,,,0,20,,8817,8,,,0,99,,8819,8,,,0,99,,8821,8,,,0,103,,8824,8,,,0,209,,8849,8,0,5 6 2 69,0,17,,8830,8,,,0,99,,8832,8,,,0,382,,8839,8,,,0,173,,8850,8,,,0
700,'65041',758,,8877,8,,,0,1046,,8872,8,,,0,197,,8873,8,,,0,101,,8869,8,,,0,100,,8870,8,,,0,100,,8871,8,,,0
700,'65042',758,,8905,8,,,0,1046,,8900,8,,,0,197,,8901,8,,,0,101,,8897,8,,,0,100,,8898,8,,,0,100,,8899,8,,,0
701,'65040',642,,8907,30,4,,0,82,,8908,30,4,,0,17,,8916,43,4,,0,63,,8917,43,4,,0,98,,8920,43,4,,0,26,,8921,43,4,,0,26,,8922,43,4,,0,55,,8923,43,4,,0,48,,8925,43,4,,0,83,,8926,43,4,,0,63,,8927,43,4,,0,38,,8928,43,4,,0,61,,8929,43,4,,0,39,,8930,43,4,,0,61,,8931,43,4,,0,34,,8932,43,4,,0,21,,8933,43,4,,0,59,,8913,30,4,,0,15,,8934,43,4,,0,18,,8935,43,4,,0,102,,8938,43,4,,0,69,,8939,43,4,,0,31,,8940,43,4,,0,72,,8941,43,4,,0,28,,8942,43,4,,0,71,,8943,43,4,,0,35,,8944,43,4,,0,65,,8945,43,4,,0,31,,8946,43,4,,0,98,,8948,43,4,,0,68,,8949,43,4,,0,136,,8952,43,4,,0,152,,8915,30,4,,0
701,'65041',823,,8981,43,4,,0,31,,8980,30,4,,0,70,,8969,43,4,,0,29,,8961,30,4,,0,70,,8953,43,4,,0,30,,8962,30,4,,0,70,,8954,43,4,,0,30,,8963,30,4,,0,70,,8955,43,4,,0,30,,8964,30,4,,0,70,,8956,43,4,,0,30,,8965,30,4,,0,70,,8957,43,4,,0,30,,8966,30,4,,0,70,,8958,43,4,,0,30,,8967,30,4,,0,70,,8959,43,4,,0,30,,8968,30,4,,0,70,,8960,30,4,,0,100,,8972,30,4,,0,78,,8979,30,4,,0,448,,8976,43,4,,0,158,,8977,30,4,,0
701,'65042',823,,9011,43,4,,0,31,,9010,30,4,,0,70,,8999,43,4,,0,29,,8991,30,4,,0,70,,8983,43,4,,0,30,,8992,30,4,,0,70,,8984,43,4,,0,30,,8993,30,4,,0,70,,8985,43,4,,0,30,,8994,30,4,,0,70,,8986,43,4,,0,30,,8995,30,4,,0,70,,8987,43,4,,0,30,,8996,30,4,,0,70,,8988,43,4,,0,30,,8997,30,4,,0,70,,8989,43,4,,0,30,,8998,30,4,,0,70,,8990,30,4,,0,100,,9002,30,4,,0,78,,9009,30,4,,0,448,,9006,43,4,,0,158,,9007,30,4,,0
1100,'65040',707,,9345,21,,,0,47,,9346,21,,,0,65,,9347,21,,,0,107,,9348,21,,,0,101,,9349,21,,,0,99,,9350,21,,,0,99,,9351,21,,,0,100,,9352,21,,,0,101,,9353,21,,,0,99,,9354,21,,,0,27,,9355,21,,,0,71,,9356,21,,,0,31,,9357,21,,,0,70,,9358,21,,,0,32,,9359,21,,,0,71,,9376,21,0,22 23 2 67,0,31,,9360,21,,,0,74,,9377,21,0,22 23 2 67,0,79,,9361,21,,,0,100,,9362,21,,,0,104,,9363,21,,,0,101,,9364,21,0,57,0,91,,9379,21,0,22 23 2 67,0
1100,'65041',803,,9396,21,,,0,102,,9380,21,,,0,30,,9381,21,,,0,87,,9382,21,,,0,100,,9383,21,,,0,101,,9384,21,,,0,100,,9385,21,,,0,100,,9386,21,,,0,100,,9387,21,,,0,100,,9398,21,,,0,30,,9399,21,,,0,153,,9401,21,,,0,99,,9402,21,,,0,100,,9403,21,,,0,100,,9404,21,,,0,100,,9405,21,,,0,99,,9406,21,,,0,100,,9407,21,0,22 23 2 67,0
1100,'65042',803,,9424,21,,,0,102,,9408,21,,,0,30,,9409,21,,,0,87,,9410,21,,,0,100,,9411,21,,,0,101,,9412,21,,,0,100,,9413,21,,,0,100,,9414,21,,,0,100,,9415,21,,,0,100,,9426,21,,,0,30,,9427,21,,,0,153,,9429,21,,,0,99,,9430,21,,,0,100,,9431,21,,,0,100,,9432,21,,,0,100,,9433,21,,,0,99,,9434,21,,,0,100,,9435,21,0,22 23 2 67,0
1101,'65040',654,,9472,57,4,,0,166,,9459,57,4,,0,94,,9460,57,4,,0,31,,9461,57,4,,0,97,,9462,57,4,,0,110,,9463,57,4,,0,100,,9473,35,4,,0,99,,9464,35,4,,0,94,,9465,35,4,,0,186,,9466,35,4,,0,170,,9475,57,4,,0,113,,9467,57,4,,0,99,,9476,35,4,,0,100,,9468,35,4,,0,15,,9471,57,4,,0,76,,9469,35,4,,0,13,,9470,35,4,,0,211,,9474,57,4,,0
1101,'65041',953,,9486,57,4,,0,100,,9487,57,4,,0,100,,9488,57,4,,0,100,,9489,57,4,,0,100,,9490,57,4,,0,100,,9491,57,4,,0,100,,9492,57,4,,0,100,,9493,57,4,,0,92,,9497,57,4,,0,91,,9499,57,4,,0,611,,9506,57,4,,0
1101,'65042',953,,9516,57,4,,0,100,,9517,57,4,,0,100,,9518,57,4,,0,100,,9519,57,4,,0,100,,9520,57,4,,0,100,,9521,57,4,,0,100,,9522,57,4,,0,100,,9523,57,4,,0,92,,9527,57,4,,0,91,,9529,57,4,,0,611,,9536,57,4,,0
60501,'65040',1241,,11414,1,,,0,275,,11415,1,,,0,115,,11416,1,,,0,120,,11417,1,,,0,50,,11418,1,,,0,113,,11419,1,,,0,214,,11420,1,,,0,89,,11421,1,,,0,138,,11422,1,,,0,73,,11423,1,,,0,79,,11424,1,,,0
60501,'65041',1353,,11425,1,,,0,470,,11430,1,,,0,13,,11429,1,,,0,513,,11428,1,,,0,98,,11427,1,,,0,60,,11426,1,,,0
60501,'65042',1353,,11431,1,,,0,470,,11436,1,,,0,13,,11435,1,,,0,513,,11434,1,,,0,98,,11433,1,,,0,60,,11432,1,,,0
