300,'65040',607,,8132,14,,,0,25,,8133,14,,,0,15,,8134,14,,,0,57,,8135,14,,,0,12,,8136,14,,,0,13,,8137,14,,,0,16,,8138,14,,,0,55,,8139,14,,,0,12,,8140,14,,,0,17,,8141,14,,,0,20,,8142,14,,,0,60,,8143,14,,,0,20,,8144,14,,,0,20,,8145,14,,,0,60,,8146,14,,,0,20,,8147,14,,,0,20,,8148,14,,,0,60,,8149,14,,,0,20,,8150,14,,,0,16,,8151,14,,,0,61,,8152,14,,,0,20,,8153,14,,,0,20,,8154,14,,,0,60,,8155,14,,,0,21,,8156,14,,,0,20,,8157,14,,,0,56,,8158,14,,,0,13,,8159,14,,,0,17,,8181,14,,,0,15,,8160,14,,,0,55,,8161,14,,,0,13,,8162,14,,,0,20,,8163,14,,,0,15,,8164,14,,,0,60,,8165,14,,,0,25,,8166,14,,,0,65,,8167,14,,,0,31,,8168,14,,,0,22,,8169,14,,,0,60,,8170,14,,,0,20,,8171,14,,,0,25,,8172,14,,,0,69,,8173,14,,,0,74,,8174,14,,,0,27,,8175,14,,,0,28,,8180,14,,,0,61,,8176,14,,,0,20,,8177,14,,,0,77,,8178,14,,,0
300,'65041',703,,8198,14,,,0,20,,8199,14,,,0,30,,8200,14,,,0,69,,8211,14,,,0,29,,8182,14,,,0,70,,8183,14,,,0,29,,8184,14,,,0,70,,8185,14,,,0,30,,8186,14,,,0,70,,8187,14,,,0,30,,8188,14,,,0,69,,8189,14,,,0,30,,8190,14,,,0,70,,8191,14,,,0,29,,8192,14,,,0,71,,8193,14,,,0,29,,8194,14,,,0,70,,8195,14,,,0,30,,8196,14,,,0,70,,8197,14,,,0,31,,8201,14,,,0,55,,8202,14,,,0,19,,8203,14,,,0,32,,8204,14,,,0,74,,8205,14,,,0,78,,8206,14,,,0,31,,8212,14,,,0,70,,8207,14,,,0,100,,8208,14,,,0,100,,8209,14,,,0,99,,8210,14,,,0
300,'65042',703,,8229,14,,,0,20,,8230,14,,,0,30,,8231,14,,,0,69,,8242,14,,,0,29,,8213,14,,,0,70,,8214,14,,,0,29,,8215,14,,,0,70,,8216,14,,,0,30,,8217,14,,,0,70,,8218,14,,,0,30,,8219,14,,,0,69,,8220,14,,,0,30,,8221,14,,,0,70,,8222,14,,,0,29,,8223,14,,,0,71,,8224,14,,,0,29,,8225,14,,,0,70,,8226,14,,,0,30,,8227,14,,,0,70,,8228,14,,,0,31,,8232,14,,,0,55,,8233,14,,,0,19,,8234,14,,,0,32,,8235,14,,,0,74,,8236,14,,,0,78,,8237,14,,,0,31,,8243,14,,,0,70,,8238,14,,,0,100,,8239,14,,,0,100,,8240,14,,,0,99,,8241,14,,,0
1700,'65040',701,42,10074,36,,,0,35,2,10075,36,,,0,73,2,10076,36,,,0,50,2,10077,36,,,0,100,2,10078,36,,,0,100,2,10079,36,,,0,81,2,10080,36,,,0,101,2,10081,36,,,0,101,2,10082,36,,,0,101,2,10083,36,,,0,100,2,10084,36,0,22 23 2 70,0,88,2,10085,36,,,0,89,2,10086,36,0,22 23 2 70,0,82,2,10087,36,0,22 23 2 70,0,106,2,10088,36,0,22 23 2 70,0,51,2,10089,36,0,22 23 2 70,0,86,2,10090,36,,,0,68,2,10091,36,0,22 23 2 70,0,98,2,10092,36,0,22 23 2 70,0
1700,'65041',802,2,10102,36,0,22 23 2 70,0,113,2,10093,36,0,22 23 2 70,0,99,2,10094,36,0,22 23 2 70,0,100,2,10095,36,0,22 23 2 70,0,95,2,10096,36,0,22 23 2 70,0,100,2,10097,36,0,22 23 2 70,0,101,2,10098,36,0,22 23 2 70,0,100,2,10099,36,0,22 23 2 70,0,99,2,10100,36,0,22 23 2 70,0,101,2,10101,36,0,22 23 2 70,0,100,2,10103,36,0,22 23 2 70,0,93,2,10104,36,0,22 23 2 70,0,101,2,10105,36,0,22 23 2 70,0,100,2,10106,36,0,22 23 2 70,0,99,2,10107,36,0,22 23 2 70,0
1700,'65042',802,2,10117,36,0,22 23 2 70,0,113,2,10108,36,0,22 23 2 70,0,99,2,10109,36,0,22 23 2 70,0,100,2,10110,36,0,22 23 2 70,0,95,2,10111,36,0,22 23 2 70,0,100,2,10112,36,0,22 23 2 70,0,101,2,10113,36,0,22 23 2 70,0,100,2,10114,36,0,22 23 2 70,0,99,2,10115,36,0,22 23 2 70,0,101,2,10116,36,0,22 23 2 70,0,100,2,10118,36,0,22 23 2 70,0,93,2,10119,36,0,22 23 2 70,0,101,2,10120,36,0,22 23 2 70,0,100,2,10121,36,0,22 23 2 70,0,99,2,10122,36,0,22 23 2 70,0
1800,'65040',701,42,10171,33,,,0,35,2,10172,33,,,0,73,2,10173,33,,,0,50,2,10174,33,,,0,100,2,10175,33,,,0,100,2,10176,33,,,0,81,2,10177,33,,,0,101,2,10178,33,,,0,101,2,10179,33,,,0,101,2,10180,33,,,0,100,2,10181,33,,,0,88,2,10182,33,,,0,89,2,10183,33,,,0,82,2,10184,33,,,0,106,2,10185,33,,,0,51,2,10186,33,,,0,86,2,10187,33,,,0,68,2,10188,33,,,0,98,2,10189,33,,,0
1800,'65041',802,2,10199,33,,,0,113,2,10190,33,,,0,99,2,10191,33,,,0,100,2,10192,33,,,0,95,2,10193,33,,,0,100,2,10194,33,,,0,101,2,10195,33,,,0,100,2,10196,33,,,0,99,2,10197,33,,,0,101,2,10198,33,,,0,100,2,10200,33,,,0,93,2,10201,33,,,0,101,2,10202,33,,,0,100,2,10203,33,,,0,99,2,10204,33,,,0
1800,'65042',802,2,10214,33,,,0,113,2,10205,33,,,0,99,2,10206,33,,,0,100,2,10207,33,,,0,95,2,10208,33,,,0,100,2,10209,33,,,0,101,2,10210,33,,,0,100,2,10211,33,,,0,99,2,10212,33,,,0,101,2,10213,33,,,0,100,2,10215,33,,,0,93,2,10216,33,,,0,101,2,10217,33,,,0,100,2,10218,33,,,0,99,2,10219,33,,,0
90300,'65040',2317,,11467,21,,,0,107,,11468,21,,,0
90300,'65041',2424,,11471,21,,,0
90300,'65042',2424,,11473,21,,,0
91301,'65040',2513,,11520,44,,,0
91301,'65041',2514,,11521,44,,,0
91301,'65042',2514,,11522,44,,,0
91700,'65040',605,2,11523,36,,,0,1705,2,11524,36,0,22 23 2 70,0
91700,'65041',659,2,11525,36,0,22 23 2 70,0
91700,'65042',659,2,11526,36,0,22 23 2 70,0
91800,'65041',2259,2,11528,35,,,0
91800,'65042',2259,2,11529,35,,,0
2400080000,'65040',605,,11542,4,,,1,26,,11546,4,,,1,25,,11540,4,,,1,65,,11541,4,,,1,21,,11545,4,,,1,63,,11543,4,,,1,22,,11547,4,,,1,15,,11552,4,,,1,60,,11549,4,,,1,30,,11548,4,,,1,70,,11551,4,,,1,30,,11544,4,,,1,70,,11550,4,,,1,31,,11555,4,,,1,70,,11554,4,,,1,30,,11562,4,,,1,70,,11556,4,,,1,30,,11557,4,,,1,70,,11560,4,,,1,25,,11553,4,,,1,75,,11563,4,,,1,20,,11558,4,,,1,20,,11561,4,,,1,60,,11569,4,,,1,20,,11559,4,,,1,20,,11564,4,,,1,60,,11566,4,,,1,19,,11565,4,,,1,20,,11567,4,,,1,65,,11568,4,,,1
