400,'65030',639,,4459,19,,,0,16,,4454,19,,,0,52,,4499,19,0,5 6,0,26,,4458,19,0,5 6,0,80,,4457,19,,,0,35,,4462,22,,,0,68,,4496,19,0,5 6,0,96,,4460,19,0,5 6,0,122,,4500,19,0,5 6,0,183,,4497,19,0,5 6,0,37,,4472,19,,,0,70,,4473,19,,,0,15,,4498,19,0,5 6,0,14,,4474,19,,,0,57,,4501,19,0,5 6,0,15,,4461,19,,,0,16,,4492,19,0,5 6,0,14,,4475,19,,,0,67,,4493,22,0,5 6,0,5,,4476,22,,,0,4,,4485,22,0,5 6,0,21,,4477,19,,,0,56,,4478,19,,,0,12,,4494,19,0,5 6,0,10,,4479,19,,,0,17,,4486,19,0,5 6,0,12,,4495,19,,,0,56,,4502,19,0,5 6,0,35,,4484,19,,,0,65,,4483,19,,,0,31,,4482,19,,,0,68,,4481,19,,,0,36,,4480,19,,,0,65,,4487,19,0,5 6,0,20,,4488,19,,,0,21,,4489,19,0,5 6,0,69,,4490,19,0,5 6,0,102,,4491,19,0,5 6,0
400,'65031',723,,4519,19,0,5 6,0,27,,4530,19,0,5 6,0,72,,4520,19,0,5 6,0,89,,4511,19,,,0,29,,4503,19,0,5 6,0,70,,4512,19,,,0,31,,4504,19,0,5 6,0,69,,4513,19,,,0,30,,4505,19,0,5 6,0,70,,4514,19,,,0,30,,4506,19,0,5 6,0,70,,4515,19,,,0,32,,4507,19,0,5 6,0,68,,4516,19,,,0,32,,4508,19,0,5 6,0,69,,4517,19,,,0,31,,4509,19,0,5 6,0,69,,4518,19,,,0,29,,4510,19,0,5 6,0,68,,4529,19,,,0,21,,4521,19,,,0,20,,4522,19,,,0,75,,4523,19,,,0,98,,4524,19,0,5 6,0,98,,4525,19,0,5 6,0,100,,4526,19,0,5 6,0,99,,4527,19,0,5 6,0,100,,4528,19,0,5 6,0
400,'65032',723,,4547,19,0,5 6,0,27,,4558,19,0,5 6,0,72,,4548,19,0,5 6,0,89,,4539,19,,,0,29,,4531,19,0,5 6,0,70,,4540,19,,,0,31,,4532,19,0,5 6,0,69,,4541,19,,,0,30,,4533,19,0,5 6,0,70,,4542,19,,,0,30,,4534,19,0,5 6,0,70,,4543,19,,,0,32,,4535,19,0,5 6,0,68,,4544,19,,,0,32,,4536,19,0,5 6,0,69,,4545,19,,,0,31,,4537,19,0,5 6,0,69,,4546,19,,,0,29,,4538,19,0,5 6,0,68,,4557,19,,,0,21,,4549,19,,,0,20,,4550,19,,,0,75,,4551,19,,,0,98,,4552,19,0,5 6,0,98,,4553,19,0,5 6,0,100,,4554,19,0,5 6,0,99,,4555,19,0,5 6,0,100,,4556,19,0,5 6,0
900,'65030',713,,5387,23,,,0,15,,5388,23,,,0,88,,5389,23,,,0,27,,5390,23,,,0,65,,5395,23,,,0,20,,5394,23,,,0,80,,5396,23,,,0,20,,5402,23,,,0,80,,5397,23,,,0,20,,5403,23,,,0,79,,5398,23,,,0,20,,5404,23,,,0,80,,5399,23,,,0,21,,5405,23,,,0,80,,5400,23,,,0,20,,5406,23,,,0,25,,5420,23,,,0,63,,5401,23,,,0,21,,5407,23,,,0,65,,5408,23,,,0,28,,5409,23,,,0,20,,5410,23,,,0,65,,5411,23,,,0,27,,5412,23,,,0,76,,5415,23,,,0,25,,5413,23,,,0,77,,5414,23,,,0
900,'65031',1038,,5422,23,,,0,98,,5423,23,,,0,101,,5424,23,,,0,99,,5425,23,,,0,98,,5426,23,,,0,105,,5427,23,,,0,97,,5428,23,,,0
900,'65032',1038,,5437,23,,,0,98,,5438,23,,,0,101,,5439,23,,,0,99,,5440,23,,,0,98,,5441,23,,,0,105,,5442,23,,,0,97,,5443,23,,,0
1700,'65030',722,,6285,58,,,0,23,,6286,58,,,0,58,,6287,58,,,0,30,,6288,61,,,0,69,,6289,58,,,0,31,,6290,58,,,0,19,,6291,58,,,0,78,,6292,58,,,0,24,,6293,58,,,0,61,,6294,58,,,0,41,,6295,58,,,0,60,,6296,58,,,0,20,,6315,58,,,0,21,,6297,58,,,0,80,,6298,58,,,0,74,,6299,58,,,0,223,,6303,58,,,0,198,,6308,58,,,0
1700,'65035',813,,6347,58,,,0,30,,6346,61,,,0
5101,'65030',700,,7192,23,,,0,23,,7193,23,,,0,84,,7194,23,,,0,16,,7195,23,,,0,81,,7197,23,,,0,27,,7196,23,,,0,28,,7198,23,,,0,69,,7199,23,,,0,30,,7200,23,,,0,73,,7201,23,,,0,28,,7202,23,,,0,70,,7203,23,,,0,27,,7204,23,,,0,72,,7205,23,,,0,30,,7206,23,,,0,73,,7207,23,,,0,28,,7208,23,,,0,78,,7209,23,,,0,65,,7210,23,,,0,30,,7211,23,,,0,68,,7212,23,,,0,27,,7213,23,,,0,23,,7214,23,,,0,69,,7215,23,,,0,95,,7216,23,,,0,45,,7220,23,,,0,87,,7219,23,,,0,96,,7218,23,,,0,80,,7217,23,,,0
5101,'65031',820,,7235,23,,,0,96,,7233,23,,,0,92,,7232,23,,,0,100,,7234,23,,,0,100,,7231,23,,,0,100,,7230,23,,,0,100,,7229,23,,,0,100,,7228,23,,,0,100,,7227,23,,,0,100,,7226,23,,,0,110,,7221,23,,,0,100,,7222,23,,,0,100,,7223,23,,,0,100,,7224,23,,,0,100,,7225,23,,,0
5101,'65032',820,,7250,23,,,0,96,,7248,23,,,0,92,,7247,23,,,0,100,,7249,23,,,0,100,,7246,23,,,0,100,,7245,23,,,0,100,,7244,23,,,0,100,,7243,23,,,0,100,,7242,23,,,0,100,,7241,23,,,0,110,,7236,23,,,0,100,,7237,23,,,0,100,,7238,23,,,0,100,,7239,23,,,0,100,,7240,23,,,0
91700,'65030',623,,7863,58,,,0
