1201,'65030',632,,5829,15,,,0,68,,5830,15,,,0,30,,5825,15,,,0,27,,5826,15,,,0,70,,5827,15,,,0,26,,5828,15,,,0,64,,5831,15,,,0,28,,5832,15,,,0,72,,5833,15,,,0,28,,5834,15,,,0,72,,5835,15,,,0,29,,5836,15,,,0,72,,5837,15,,,0,14,,5860,15,,,0,14,,5838,15,,,0,72,,5839,15,,,0,30,,5840,15,,,0,71,,5841,15,,,0,30,,5842,15,,,0,67,,5843,15,,,0,30,,5844,15,,,0,61,,5845,15,,,0,15,,5846,15,,,0,16,,5847,15,,,0,14,,5848,15,,,0,55,,5849,15,,,0,21,,5850,15,,,0,17,,5851,15,,,0,65,,5852,15,,,0,25,,5853,15,,,0,70,,5854,15,,,0,35,,5855,15,,,0,95,,5856,15,,,0,100,,5857,15,,,0,79,,5858,15,,,0,118,,5859,15,,,0
1201,'65031',737,,5869,15,,,0,100,,5870,15,,,0,118,,5861,15,,,0,101,,5862,15,,,0,100,,5863,15,,,0,100,,5864,15,,,0,100,,5865,15,,,0,100,,5866,15,,,0,100,,5867,15,,,0,98,,5868,15,,,0,86,,5871,15,,,0,100,,5872,15,,,0,100,,5873,15,,,0,100,,5874,15,,,0,100,,5875,15,,,0
1201,'65032',737,,5884,15,,,0,100,,5885,15,,,0,118,,5876,15,,,0,101,,5877,15,,,0,100,,5878,15,,,0,100,,5879,15,,,0,100,,5880,15,,,0,100,,5881,15,,,0,100,,5882,15,,,0,98,,5883,15,,,0,86,,5886,15,,,0,100,,5887,15,,,0,100,,5888,15,,,0,100,,5889,15,,,0,100,,5890,15,,,0
1201,'65035',1617,,5891,15,,,0
5701,'65030',935,,7340,64,,,0,120,,7341,64,,,0,146,,7342,64,,,0,119,,7343,64,,,0,105,,7344,64,,,0,120,,7345,64,,,0,105,,7346,64,,,0
5701,'65031',1148,,7352,64,,,0,102,,7351,64,,,0,153,,7350,64,,,0,102,,7349,64,,,0,111,,7348,64,,,0
5701,'65032',1148,,7358,64,,,0,102,,7357,64,,,0,153,,7356,64,,,0,102,,7355,64,,,0,111,,7354,64,,,0
91201,'65030',2242,,7854,15,,,0,100,,7855,15,,,0
91201,'65031',2235,,7856,15,,,0,100,,7857,15,,,0
91201,'65032',2235,,7858,15,,,0,100,,7859,15,,,0
