700,'65040',636,,8806,35,,,0,75,,8807,35,,,0,23,,8808,43,,,0,75,,8809,43,,,0,29,,8810,35,,,0,75,,8811,43,,,0,23,,8812,35,,,0,65,,8813,35,,,0,42,,8814,35,,,0,58,,8815,35,,,0,40,,8816,43,,,0,60,,8817,43,,,0,37,,8818,35,,,0,64,,8819,43,,,0,36,,8820,35,,,0,63,,8821,43,,,0,16,,8822,35,,,0,21,,8823,35,,,0,66,,8824,43,,,0,17,,8825,35,,,0,20,,8826,35,,,0,67,,8827,35,,,0,19,,8828,35,,,0,28,,8829,35,,,0,76,,8830,43,,,0,26,,8831,35,,,0,72,,8832,43,,,0,28,,8833,35,,,0,67,,8834,35,,,0,31,,8835,35,,,0,74,,8836,35,,,0,25,,8837,35,,,0,70,,8838,35,,,0,81,,8839,43,,,0,29,,8840,35,,,0,104,,8850,43,,,0
700,'65041',733,,8866,35,,,0,100,,8877,43,,,0,94,,8878,35,,,0,100,,8851,35,,,0,100,,8852,35,,,0,101,,8853,35,,,0,100,,8854,35,,,0,100,,8855,35,,,0,100,,8856,35,,,0,311,,8872,43,,,0,98,,8874,35,,,0,100,,8873,43,,,0,100,,8869,43,,,0,100,,8870,43,,,0,98,,8871,43,,,0
700,'65042',733,,8894,35,,,0,100,,8905,43,,,0,94,,8906,35,,,0,100,,8879,35,,,0,100,,8880,35,,,0,101,,8881,35,,,0,100,,8882,35,,,0,100,,8883,35,,,0,100,,8884,35,,,0,311,,8900,43,,,0,98,,8902,35,,,0,100,,8901,43,,,0,100,,8897,43,,,0,100,,8898,43,,,0,98,,8899,43,,,0
800,'65040',641,,9013,42,,,1,68,,9014,42,,,1,16,,9065,42,,,1,16,,9015,42,,,1,15,,9016,42,,,1,56,,9017,42,,,1,14,,9018,42,,,1,16,,9019,42,,,1,10,,9020,42,,,1,57,,9021,42,,,1,20,,9022,42,,,1,22,,9023,42,,,1,60,,9024,42,,,1,19,,9025,42,,,1,20,,9026,42,,,1,61,,9027,42,,,1,20,,9028,42,,,1,20,,9029,42,,,1,60,,9030,42,,,1,20,,9031,42,,,1,20,,9032,42,,,1,60,,9033,42,,,1,20,,9034,42,,,1,20,,9035,42,,,1,59,,9036,42,,,1,22,,9037,42,,,1,11,,9038,42,,,1,13,,9039,42,,,1,62,,9040,42,,,1,15,,9041,42,,,1,11,,9042,42,,,1,56,,9043,42,,,1,15,,9044,42,,,1,10,,9045,42,,,1,15,,9046,42,,,1,10,,9047,42,,,1,9,,9048,42,,,1,55,,9049,42,,,1,13,,9050,42,,,1,15,,9051,42,,,1,14,,9052,42,,,1,59,,9053,42,,,1,20,,9054,42,,,1,20,,9055,42,,,1,58,,9056,42,,,1,30,,9057,42,,,1,70,,9058,42,,,1,31,,9059,42,,,1,71,,9060,42,,,1,38,,9061,42,,,1,60,,9062,42,,,1,27,,9063,42,,,1,100,,9064,42,,,1
800,'65041',638,,9082,42,,,1,100,,9083,42,,,1,68,,9084,42,,,1,28,,9085,42,,,1,24,,9086,42,,,1,70,,9066,42,,,1,72,,9067,42,,,1,30,,9068,42,,,1,70,,9069,42,,,1,30,,9070,42,,,1,71,,9071,42,,,1,30,,9072,42,,,1,69,,9073,42,,,1,31,,9074,42,,,1,70,,9075,42,,,1,30,,9076,42,,,1,70,,9077,42,,,1,30,,9078,42,,,1,70,,9079,42,,,1,30,,9080,42,,,1,70,,9081,42,,,1,29,,9087,42,,,1,71,,9088,42,,,1,30,,9094,42,,,1,71,,9089,42,,,1,37,,9095,42,,,1,100,,9090,42,,,1,100,,9091,42,,,1,99,,9092,42,,,1,100,,9093,42,,,1
800,'65042',638,,9112,42,,,1,100,,9113,42,,,1,68,,9114,42,,,1,28,,9115,42,,,1,24,,9116,42,,,1,70,,9096,42,,,1,72,,9097,42,,,1,30,,9098,42,,,1,70,,9099,42,,,1,30,,9100,42,,,1,71,,9101,42,,,1,30,,9102,42,,,1,69,,9103,42,,,1,31,,9104,42,,,1,70,,9105,42,,,1,30,,9106,42,,,1,70,,9107,42,,,1,30,,9108,42,,,1,70,,9109,42,,,1,30,,9110,42,,,1,70,,9111,42,,,1,29,,9117,42,,,1,71,,9118,42,,,1,30,,9124,42,,,1,71,,9119,42,,,1,37,,9125,42,,,1,100,,9120,42,,,1,100,,9121,42,,,1,99,,9122,42,,,1,100,,9123,42,,,1
5500,'65040',826,,10946,114,,,2,115,,10952,114,,,2,111,,10948,114,,,2,155,,10955,114,,,2,120,,10949,114,,,2,113,,10953,114,,,2,164,,10950,114,,,2,116,,10954,114,,,2,115,,10947,114,,,2
5500,'65041',916,,10961,114,,,2,111,,10963,114,,,2,112,,10962,114,,,2,110,,10960,114,,,2,153,,10959,114,,,2,109,,10958,114,,,2,113,,10957,114,,,2
5500,'65042',916,,10969,114,,,2,111,,10971,114,,,2,112,,10970,114,,,2,110,,10968,114,,,2,153,,10967,114,,,2,109,,10966,114,,,2,113,,10965,114,,,2
90400,'65040',2512,,11477,53,,,0
90400,'65041',2511,,11478,53,,,0
90400,'65042',2511,,11485,53,,,0
