700,'65030',646,,4944,45,,,0,76,,4946,45,,,0,24,,4947,45,,,0,63,,4949,53,,,0,8,,4950,45,,,0,17,,4952,45,,,0,17,,4954,53,,,0,56,,4955,45,,,0,27,,4963,45,,,0,66,,4970,45,,,0,38,,4964,45,,,0,62,,4971,45,,,0,38,,4965,45,,,0,63,,4972,45,,,0,39,,4966,45,,,0,63,,4973,53,,,0,38,,4967,45,,,0,60,,4974,53,,,0,38,,4968,45,,,0,62,,4975,45,,,0,19,,4962,45,,,0,22,,4969,45,,,0,63,,4976,53,,,0,22,,4977,45,,,0,78,,4978,45,,,0,20,,4979,53,,,0,75,,4980,45,,,0,24,,4981,53,,,0,25,,4982,53,,,0,60,,4983,53,,,0,27,,4984,45,,,0,74,,4985,45,,,0,25,,4986,45,,,0,74,,4987,53,,,0,25,,4988,45,,,0,74,,4989,53,,,0,36,,4990,45,,,0,100,,4991,53,,,0
700,'65031',742,,5010,45,,,0,101,,5011,53,,,0,101,,4992,53,,,0,91,,4993,45,,,0,102,,4994,45,,,0,102,,4995,45,,,0,100,,4996,45,,,0,101,,4997,45,,,0,100,,4998,45,,,0,301,,5014,53,,,0,104,,5015,53,,,0,100,,5016,53,,,0,100,,5017,53,,,0,100,,5018,53,,,0,98,,5019,53,,,0
700,'65032',742,,5038,45,,,0,101,,5039,53,,,0,101,,5020,53,,,0,91,,5021,45,,,0,102,,5022,45,,,0,102,,5023,45,,,0,100,,5024,45,,,0,101,,5025,45,,,0,100,,5026,45,,,0,301,,5042,53,,,0,104,,5043,53,,,0,100,,5044,53,,,0,100,,5045,53,,,0,100,,5046,53,,,0,98,,5047,53,,,0
701,'65030',1313,,5067,3,0,54,0,138,,5063,3,0,54,0,170,,5080,3,0,54,0,130,,5084,3,0,54,0
800,'65030',649,,5160,52,,,1,56,,5212,52,,,1,12,,5161,52,,,1,23,,5162,52,,,1,11,,5163,52,,,1,55,,5164,52,,,1,15,,5165,52,,,1,15,,5166,52,,,1,16,,5167,52,,,1,53,,5168,52,,,1,21,,5169,52,,,1,20,,5170,52,,,1,58,,5171,52,,,1,21,,5172,52,,,1,20,,5173,52,,,1,60,,5174,52,,,1,21,,5175,52,,,1,20,,5176,52,,,1,60,,5177,52,,,1,21,,5178,52,,,1,20,,5179,52,,,1,61,,5180,52,,,1,22,,5181,52,,,1,19,,5182,52,,,1,57,,5183,52,,,1,20,,5184,52,,,1,23,,5185,52,,,1,57,,5186,52,,,1,20,,5187,52,,,1,10,,5188,52,,,1,15,,5189,52,,,1,56,,5190,52,,,1,17,,5191,52,,,1,17,,5192,52,,,1,8,,5193,52,,,1,7,,5194,52,,,1,51,,5195,52,,,1,13,,5196,52,,,1,16,,5197,52,,,1,15,,5198,52,,,1,54,,5199,52,,,1,22,,5200,52,,,1,18,,5201,52,,,1,56,,5202,52,,,1,22,,5203,52,,,1,30,,5204,52,,,1,69,,5205,52,,,1,30,,5206,52,,,1,70,,5207,52,,,1,34,,5208,52,,,1,65,,5209,52,,,1,27,,5210,52,,,1,100,,5211,52,,,1
800,'65031',648,,5229,52,,,1,101,,5230,52,,,1,69,,5231,52,,,1,29,,5232,52,,,1,59,,5233,52,,,1,32,,5213,52,,,1,71,,5214,52,,,1,29,,5215,52,,,1,71,,5216,52,,,1,29,,5217,52,,,1,70,,5218,52,,,1,31,,5219,52,,,1,71,,5220,52,,,1,31,,5221,52,,,1,70,,5222,52,,,1,30,,5223,52,,,1,70,,5224,52,,,1,29,,5225,52,,,1,70,,5226,52,,,1,30,,5227,52,,,1,69,,5228,52,,,1,30,,5234,52,,,1,72,,5235,52,,,1,30,,5242,52,,,1,62,,5236,52,,,1,24,,5243,52,,,1,23,,5237,52,,,1,100,,5238,52,,,1,99,,5239,52,,,1,100,,5240,52,,,1,100,,5241,52,,,1
800,'65032',648,,5260,52,,,1,101,,5261,52,,,1,69,,5262,52,,,1,29,,5263,52,,,1,59,,5264,52,,,1,32,,5244,52,,,1,71,,5245,52,,,1,29,,5246,52,,,1,71,,5247,52,,,1,29,,5248,52,,,1,70,,5249,52,,,1,31,,5250,52,,,1,71,,5251,52,,,1,31,,5252,52,,,1,70,,5253,52,,,1,30,,5254,52,,,1,70,,5255,52,,,1,29,,5256,52,,,1,70,,5257,52,,,1,30,,5258,52,,,1,69,,5259,52,,,1,30,,5265,52,,,1,72,,5266,52,,,1,30,,5273,52,,,1,62,,5267,52,,,1,24,,5274,52,,,1,23,,5268,52,,,1,100,,5269,52,,,1,99,,5270,52,,,1,100,,5271,52,,,1,100,,5272,52,,,1
801,'65030',607,,5275,3,,,1,29,,5276,3,,,1,105,,5322,3,,,1,782,,5304,3,,,1,82,,5307,3,,,1
40100,'65030',644,,7359,8,,,0,69,,7360,8,,,0,30,,7361,8,,,0,70,,7362,8,,,0,30,,7363,8,,,0
45300,'65030',747,,7417,7,,,0,99,,7418,7,,,0,399,,7419,7,,,0,275,,7420,7,,,0,112,,7421,7,,,0,94,,7422,7,,,0,90,,7423,7,,,0
45400,'65030',648,,7430,6,,,0,69,,7431,6,,,0,22,,7432,6,,,0,72,,7433,6,,,0,36,,7434,6,,,0,697,,7435,6,,,0
45401,'65030',1510,,7436,3,,,0,29,,7437,3,,,0,67,,7438,3,,,0,40,,7439,3,,,0,64,,7440,3,,,0
90801,'65030',2420,,7849,3,,,0
90801,'65031',2420,,7850,3,,,0
90801,'65032',2420,,7851,3,,,0
