600,'65030',659,,4791,24,4,,0,61,,4792,24,4,,0,19,,4793,24,4,,0,62,,4794,24,4,,0,16,,4828,24,4,,0,17,,4795,24,4,,0,77,,4797,24,4,,0,36,,4809,24,4,,0,68,,4808,24,4,,0,100,,4806,24,4,,0,32,,4805,24,4,,0,71,,4804,24,4,,0,22,,4810,24,4,,0,60,,4803,24,4,,0,18,,4802,24,4,,0,28,,4801,24,4,,0,69,,4800,24,4,,0,31,,4799,24,4,,0,72,,4798,24,4,,0,31,,4811,24,4,,0,75,,4812,24,4,,0,88,,4814,24,4,,0,24,,4815,24,4,,0,72,,4816,24,4,,0,29,,4817,24,4,,0,105,,4819,24,4,,0,84,,4820,24,4,,0,30,,4821,24,4,,0,64,,4822,24,4,,0,80,,4823,24,4,,0,29,,4824,24,4,,0,30,,4825,24,4,,0,64,,4826,24,4,,0
600,'65031',658,,4838,24,4,,0,97,,4839,24,4,,0,66,,4840,24,4,,0,90,,4829,24,4,,0,44,,4830,24,4,,0,102,,4831,24,4,,0,101,,4832,24,4,,0,100,,4833,24,4,,0,101,,4834,24,4,,0,243,,4836,24,4,,0,100,,4837,24,4,,0,102,,4847,24,4,,0,50,,4846,24,4,,0,83,,4845,24,4,,0,99,,4844,24,4,,0,99,,4843,24,4,,0,75,,4842,24,4,,0,102,,4841,24,4,,0
600,'65032',658,,4858,24,4,,0,97,,4859,24,4,,0,66,,4860,24,4,,0,90,,4849,24,4,,0,44,,4850,24,4,,0,102,,4851,24,4,,0,101,,4852,24,4,,0,100,,4853,24,4,,0,101,,4854,24,4,,0,243,,4856,24,4,,0,100,,4857,24,4,,0,102,,4867,24,4,,0,50,,4866,24,4,,0,83,,4865,24,4,,0,99,,4864,24,4,,0,99,,4863,24,4,,0,75,,4862,24,4,,0,102,,4861,24,4,,0
801,'65030',648,,5275,55,4,,1,70,,5276,55,4,,1,21,,5277,50,4,,1,17,,5278,50,4,,1,49,,5326,50,4,,1,8,,5279,50,4,,1,8,,5280,50,4,,1,12,,5322,55,4,,1,9,,5281,50,4,,1,13,,5282,50,4,,1,54,,5283,50,4,,1,32,,5285,50,4,,1,59,,5286,50,4,,1,20,,5287,50,4,,1,20,,5288,50,4,,1,60,,5289,50,4,,1,41,,5291,50,4,,1,60,,5292,50,4,,1,21,,5293,50,4,,1,20,,5294,50,4,,1,79,,5296,50,4,,1,20,,5297,50,4,,1,60,,5298,50,4,,1,20,,5299,50,4,,1,21,,5300,50,4,,1,61,,5301,50,4,,1,20,,5325,50,4,,1,15,,5302,50,4,,1,15,,5303,50,4,,1,61,,5304,55,4,,1,15,,5305,50,4,,1,74,,5307,55,4,,1,11,,5308,50,4,,1,15,,5309,50,4,,1,14,,5310,50,4,,1,69,,5312,50,4,,1,20,,5313,50,4,,1,24,,5314,50,4,,1,59,,5315,50,4,,1,33,,5316,50,4,,1,66,,5317,50,4,,1,29,,5318,50,4,,1,64,,5319,50,4,,1,31,,5320,50,4,,1,70,,5321,50,4,,1,37,,5324,50,4,,1
801,'65031',743,,5344,50,4,,1,99,,5345,50,4,,1,65,,5346,50,4,,1,21,,5327,50,4,,1,31,,5328,50,4,,1,70,,5329,50,4,,1,71,,5330,50,4,,1,31,,5331,50,4,,1,70,,5332,50,4,,1,30,,5333,50,4,,1,71,,5334,50,4,,1,30,,5335,50,4,,1,70,,5336,50,4,,1,30,,5337,50,4,,1,70,,5338,50,4,,1,130,,5341,50,4,,1,70,,5342,50,4,,1,30,,5343,50,4,,1,69,,5347,50,4,,1,30,,5348,50,4,,1,70,,5349,50,4,,1,145,,5351,50,4,,1,100,,5352,50,4,,1,98,,5353,50,4,,1,99,,5354,50,4,,1
801,'65032',743,,5374,50,4,,1,99,,5375,50,4,,1,65,,5376,50,4,,1,21,,5357,50,4,,1,31,,5358,50,4,,1,70,,5359,50,4,,1,71,,5360,50,4,,1,31,,5361,50,4,,1,70,,5362,50,4,,1,30,,5363,50,4,,1,71,,5364,50,4,,1,30,,5365,50,4,,1,70,,5366,50,4,,1,30,,5367,50,4,,1,70,,5368,50,4,,1,130,,5371,50,4,,1,70,,5372,50,4,,1,30,,5373,50,4,,1,69,,5377,50,4,,1,30,,5378,50,4,,1,70,,5379,50,4,,1,145,,5381,50,4,,1,100,,5382,50,4,,1,98,,5383,50,4,,1,99,,5384,50,4,,1
901,'65030',715,,5452,58,4,,0,28,,5453,58,4,,0,66,,5454,58,4,,0,9,,5459,28,4,,0,33,,5456,58,4,,0,55,,5457,58,4,,0,24,,5458,58,4,,0,26,,5474,58,4,,0,62,,5473,58,4,,0,20,,5472,58,4,,0,81,,5471,58,4,,0,21,,5470,58,4,,0,81,,5469,58,4,,0,101,,5467,58,4,,0,100,,5465,58,4,,0,20,,5464,58,4,,0,81,,5463,58,4,,0,21,,5462,58,4,,0,95,,5461,58,4,,0,65,,5460,58,4,,0,47,,5482,58,4,,0,81,,5485,58,4,,0,22,,5484,58,4,,0,72,,5483,58,4,,0
901,'65031',1042,,5487,58,4,,0,100,,5488,58,4,,0,100,,5494,58,4,,0,101,,5493,58,4,,0,199,,5491,58,4,,0,105,,5490,58,4,,0,96,,5489,58,4,,0
901,'65032',1042,,5503,58,4,,0,100,,5504,58,4,,0,100,,5510,58,4,,0,101,,5509,58,4,,0,199,,5507,58,4,,0,105,,5506,58,4,,0,96,,5505,58,4,,0
1301,'65030',821,,5892,34,4,,0
1401,'65030',605,,5972,41,4,,0,30,,6020,41,4,,0,66,,5973,41,4,,0,27,,5974,41,4,,0,20,,5975,41,4,,0,56,,5976,41,4,,0,12,,5977,41,4,,0,27,,5978,41,4,,0,60,,6019,41,4,,0,17,,5979,41,4,,0,19,,5987,41,4,,0,19,,6018,41,4,,0,60,,5980,41,4,,0,20,,5988,41,4,,0,20,,5994,41,4,,0,60,,5981,41,4,,0,21,,5989,41,4,,0,20,,5995,41,4,,0,80,,5990,41,4,,0,100,,5991,41,4,,0,20,,5997,41,4,,0,60,,5984,41,4,,0,21,,5992,41,4,,0,19,,5998,41,4,,0,60,,5985,41,4,,0,24,,5993,41,4,,0,61,,5999,41,4,,0,23,,5986,41,4,,0,23,,6000,41,4,,0,64,,6001,41,4,,0,12,,6002,41,4,,0,15,,6003,41,4,,0,18,,6004,41,4,,0,62,,6005,41,4,,0,21,,6006,41,4,,0,64,,6007,41,4,,0,24,,6008,41,4,,0,73,,6009,41,4,,0,31,,6010,41,4,,0,95,,6012,41,4,,0,30,,6013,41,4,,0,142,,6015,41,4,,0,58,,6016,41,4,,0,57,,6017,41,4,,0
1401,'65031',757,,6029,41,4,,0,100,,6030,41,4,,0,98,,6021,41,4,,0,90,,6022,41,4,,0,100,,6023,41,4,,0,101,,6024,41,4,,0,100,,6025,41,4,,0,100,,6026,41,4,,0,100,,6027,41,4,,0,257,,6031,41,4,,0,101,,6032,41,4,,0,97,,6033,41,4,,0,100,,6034,41,4,,0,57,,6035,41,4,,0,97,,6036,41,4,,0,100,,6037,41,4,,0,60,,6038,41,4,,0
1401,'65032',757,,6047,41,4,,0,100,,6048,41,4,,0,98,,6039,41,4,,0,90,,6040,41,4,,0,100,,6041,41,4,,0,101,,6042,41,4,,0,100,,6043,41,4,,0,100,,6044,41,4,,0,100,,6045,41,4,,0,257,,6049,41,4,,0,101,,6050,41,4,,0,97,,6051,41,4,,0,100,,6052,41,4,,0,57,,6053,41,4,,0,97,,6054,41,4,,0,100,,6055,41,4,,0,60,,6056,41,4,,0
1501,'65030',739,,6107,13,4,,0,77,,6093,13,4,,0,28,,6094,13,4,,0,199,,6096,13,4,,0,83,,6097,13,4,,0,123,,6098,13,4,,0,92,,6099,13,4,,0,92,,6100,13,4,,0,100,,6101,13,4,,0,74,,6102,13,4,,0,28,,6108,13,4,,0,173,,6105,13,4,,0,100,,6104,13,4,,0,100,,6103,13,4,,0
1501,'65031',832,,6116,13,4,,0,100,,6109,13,4,,0,94,,6110,13,4,,0,127,,6111,13,4,,0,100,,6112,13,4,,0,101,,6113,13,4,,0,101,,6114,13,4,,0,101,,6115,13,4,,0,99,,6118,13,4,,0,99,,6117,13,4,,0
1501,'65032',832,,6126,13,4,,0,100,,6119,13,4,,0,94,,6120,13,4,,0,127,,6121,13,4,,0,100,,6122,13,4,,0,101,,6123,13,4,,0,101,,6124,13,4,,0,101,,6125,13,4,,0,99,,6128,13,4,,0,99,,6127,13,4,,0
1601,'65030',648,,6208,21,4,,0,81,,6209,21,4,,0,19,,6210,21,4,,0,71,,6212,21,4,,0,21,,6207,21,4,,0,69,,6213,21,4,,0,24,,6214,21,4,,0,24,,6221,21,4,,0,101,,6222,21,4,,0,71,,6219,21,4,,0,80,,6227,21,4,,0,17,,6218,21,4,,0,13,,6228,21,4,,0,16,,6224,21,4,,0,56,,6247,21,4,,0,47,,6225,21,4,,0,70,,6216,21,4,,0,29,,6226,21,4,,0,70,,6215,21,4,,0,17,,6249,21,4,,0,59,,6246,21,4,,0,25,,6245,21,4,,0,30,,6244,21,4,,0,63,,6242,21,4,,0,15,,6241,21,4,,0,13,,6240,21,4,,0,57,,6239,21,4,,0,19,,6238,21,4,,0,24,,6248,21,4,,0,66,,6237,21,4,,0,27,,6236,21,4,,0,69,,6235,21,4,,0,31,,6234,21,4,,0,73,,6233,21,4,,0,29,,6250,21,4,,0,69,,6232,21,4,,0,23,,6231,21,4,,0,16,,6230,21,4,,0,75,,6229,21,4,,0
1601,'65031',710,,6260,21,4,,0,102,,6261,21,4,,0,101,,6259,21,4,,0,93,,6267,21,4,,0,28,,6251,21,4,,0,100,,6252,21,4,,0,100,,6253,21,4,,0,101,,6254,21,4,,0,101,,6255,21,4,,0,101,,6256,21,4,,0,99,,6257,21,4,,0,99,,6258,21,4,,0,100,,6262,21,4,,0,78,,6263,21,4,,0,100,,6264,21,4,,0,98,,6265,21,4,,0,125,,6266,21,4,,0
1601,'65032',710,,6277,21,4,,0,102,,6278,21,4,,0,101,,6276,21,4,,0,93,,6284,21,4,,0,28,,6268,21,4,,0,100,,6269,21,4,,0,100,,6270,21,4,,0,101,,6271,21,4,,0,101,,6272,21,4,,0,101,,6273,21,4,,0,99,,6274,21,4,,0,99,,6275,21,4,,0,100,,6279,21,4,,0,78,,6280,21,4,,0,100,,6281,21,4,,0,98,,6282,21,4,,0,125,,6283,21,4,,0
1800,'65030',712,,6413,42,4,,0,19,,6412,42,4,,0,17,,6411,42,4,,0,102,,6409,42,4,,0,73,,6408,42,4,,0,19,,6425,42,4,,0,78,,6414,42,4,,0,24,,6421,42,4,,0,61,,6415,42,4,,0,41,,6422,42,4,,0,59,,6416,42,4,,0,20,,6438,42,4,,0,21,,6423,42,4,,0,80,,6417,42,4,,0,74,,6424,42,4,,0,26,,6418,42,4,,0,26,,6420,42,4,,0,81,,6419,42,4,,0,67,,6437,42,4,,0,18,,6426,42,4,,0,36,,6427,42,4,,0,57,,6428,42,4,,0,27,,6429,42,4,,0,19,,6430,42,4,,0,64,,6431,42,4,,0,115,,6433,42,4,,0,67,,6434,42,4,,0,117,,6435,42,4,,0
1800,'65031',809,,6448,42,4,,0,111,,6439,42,4,,0,96,,6440,42,4,,0,99,,6441,42,4,,0,101,,6442,42,4,,0,100,,6443,42,4,,0,100,,6444,42,4,,0,100,,6445,42,4,,0,206,,6447,42,4,,0,97,,6449,42,4,,0,135,,6451,42,4,,0,100,,6452,42,4,,0,100,,6453,42,4,,0
1800,'65032',809,,6463,42,4,,0,111,,6454,42,4,,0,96,,6455,42,4,,0,99,,6456,42,4,,0,101,,6457,42,4,,0,100,,6458,42,4,,0,100,,6459,42,4,,0,100,,6460,42,4,,0,206,,6462,42,4,,0,97,,6464,42,4,,0,135,,6466,42,4,,0,100,,6467,42,4,,0,100,,6468,42,4,,0
1800,'65035',758,,6470,33,4,,0,70,,6469,33,4,,0
2400,'65030',637,,6687,25,4,,0,71,,6688,25,4,,0,31,,6689,25,4,,0,66,,6690,25,4,,0,12,,6691,25,4,,0,26,,6692,25,4,,0,75,,6693,25,4,,0,31,,6694,25,4,,0,71,,6713,25,4,,0,31,,6695,25,4,,0,71,,6696,25,4,,0,31,,6697,25,4,,0,71,,6698,25,4,,0,31,,6699,25,4,,0,71,,6700,25,4,,0,31,,6701,25,4,,0,71,,6702,25,4,,0,31,,6703,25,4,,0,73,,6704,25,4,,0,73,,6705,25,4,,0,36,,6706,25,4,,0,75,,6707,25,4,,0,38,,6708,25,4,,0,74,,6709,25,4,,0,75,,6710,25,4,,0,35,,6711,25,4,,0,75,,6712,25,4,,0,35,,6714,25,4,,0,80,,6715,25,4,,0,72,,6686,25,4,,0
2400,'65031',812,,6732,25,4,,0,33,,6728,25,4,,0,75,,6729,25,4,,0,100,,6731,25,4,,0,100,,6730,25,4,,0,100,,6727,25,4,,0,100,,6726,25,4,,0,100,,6725,25,4,,0,100,,6724,25,4,,0,100,,6721,25,4,,0,105,,6718,25,4,,0,93,,6717,25,4,,0,92,,6720,25,4,,0,35,,6723,25,4,,0,100,,6716,25,4,,0,100,,6722,25,4,,0,98,,6719,25,4,,0
2400,'65032',812,,6749,25,4,,0,33,,6745,25,4,,0,75,,6746,25,4,,0,100,,6748,25,4,,0,100,,6747,25,4,,0,100,,6744,25,4,,0,100,,6743,25,4,,0,100,,6742,25,4,,0,100,,6741,25,4,,0,100,,6738,25,4,,0,105,,6735,25,4,,0,93,,6734,25,4,,0,92,,6737,25,4,,0,35,,6740,25,4,,0,100,,6733,25,4,,0,100,,6739,25,4,,0,98,,6736,25,4,,0
2700,'65030',720,,6900,19,4,,0,94,,6901,19,4,,0,96,,6902,19,4,,0,326,,6903,19,4,,0,87,,6904,19,4,,0,229,,6905,19,4,,0,97,,6906,19,4,,0,87,,6907,19,4,,0,87,,6908,19,4,,0,87,,6909,19,4,,0
2901,'65033',2428,,6961,23,4,,0,30,,6960,23,4,,0,70,,6959,23,4,,0,30,,6958,23,4,,0,70,,6957,23,4,,0,30,,6956,23,4,,0
45301,'65030',820,,7424,12,4,,0,505,,7428,13,4,,0,226,,7425,12,4,,0,154,,7426,12,4,,0,52,,7427,12,4,,0,98,,7429,13,4,,0
