401,'65030',644,,4559,17,,,0,62,,4560,17,,,0,16,,4561,17,,,0,24,,4562,17,,,0,71,,4563,17,,,0,30,,4600,17,,,0,70,,4601,17,0,5 6,0,35,,4569,17,,,0,70,,4570,17,,,0,78,,4571,17,,,0,25,,4572,17,,,0,27,,4573,17,,,0,75,,4574,17,0,5 6,0,25,,4575,17,,,0,74,,4576,17,0,5 6,0,24,,4577,17,,,0,72,,4578,17,0,5 6,0,30,,4579,17,,,0,70,,4580,17,0,5 6,0,36,,4591,17,0,5 6,0,70,,4592,17,,,0,72,,4590,17,0,5 6,0,24,,4589,17,0,5 6,0,15,,4588,17,,,0,20,,4587,17,,,0,66,,4599,17,,,0,91,,4586,17,,,0,25,,4585,17,,,0,71,,4584,17,,,0,28,,4583,17,,,0,76,,4582,17,,,0,85,,4581,17,0,5 6,0
401,'65031',811,,4623,17,,,0,126,,4615,17,,,0,99,,4616,17,,,0,100,,4617,17,,,0,100,,4618,17,,,0,100,,4619,17,,,0,100,,4620,17,,,0,101,,4621,17,,,0,100,,4622,17,,,0,97,,4637,17,,,0,21,,4628,17,,,0,60,,4629,17,,,0
401,'65032',811,,4653,17,,,0,126,,4645,17,,,0,99,,4646,17,,,0,100,,4647,17,,,0,100,,4648,17,,,0,100,,4649,17,,,0,100,,4650,17,,,0,101,,4651,17,,,0,100,,4652,17,,,0,97,,4667,17,,,0,21,,4658,17,,,0,60,,4659,17,,,0
401,'65035',740,,4668,17,,,0
5500,'65030',825,,7269,100,,,0,113,,7270,100,,,0,110,,7271,100,,,0,155,,7278,100,,,0,121,,7272,100,,,0,112,,7273,100,,,0,118,,7274,100,,,0,161,,7275,100,,,0,111,,7276,100,,,0
5500,'65031',910,,7284,100,,,0,111,,7286,100,,,0,111,,7285,100,,,0,110,,7283,100,,,0,113,,7282,100,,,0,150,,7281,100,,,0,113,,7280,100,,,0
5500,'65032',910,,7292,100,,,0,111,,7294,100,,,0,111,,7293,100,,,0,110,,7291,100,,,0,113,,7290,100,,,0,150,,7289,100,,,0,113,,7288,100,,,0
90401,'65030',605,,7832,16,,,0,1703,,7833,16,,,0
90401,'65031',613,,7834,16,,,0,100,,7835,16,,,0,1197,,7836,16,,,0,100,,7837,16,,,0,100,,7838,16,,,0,100,,7839,16,,,0,100,,7840,16,,,0
90401,'65032',613,,7841,16,,,0,100,,7842,16,,,0,1197,,7843,16,,,0,100,,7844,16,,,0,100,,7845,16,,,0,100,,7846,16,,,0,100,,7847,16,,,0
