700,'65030',650,,4944,48,4,,0,77,,4946,48,4,,0,24,,4947,48,4,,0,63,,4949,56,4,,0,8,,4950,48,4,,0,17,,4952,48,4,,0,17,,4954,56,4,,0,55,,4955,48,4,,0,27,,4963,48,4,,0,66,,4970,48,4,,0,38,,4964,48,4,,0,62,,4971,48,4,,0,38,,4965,48,4,,0,63,,4972,48,4,,0,39,,4966,48,4,,0,63,,4973,56,4,,0,38,,4967,48,4,,0,60,,4974,56,4,,0,38,,4968,48,4,,0,63,,4975,48,4,,0,19,,4962,48,4,,0,22,,4969,48,4,,0,63,,4976,56,4,,0,22,,4977,48,4,,0,78,,4978,48,4,,0,20,,4979,56,4,,0,74,,4980,48,4,,0,24,,4981,56,4,,0,25,,4982,56,4,,0,60,,4983,56,4,,0,27,,4984,48,4,,0,74,,4985,48,4,,0,25,,4986,48,4,,0,74,,4987,56,4,,0,25,,4988,48,4,,0,74,,4989,56,4,,0,36,,4990,48,4,,0,100,,4991,56,4,,0
700,'65031',746,,5010,48,4,,0,101,,5011,56,4,,0,101,,4992,56,4,,0,91,,4993,48,4,,0,102,,4994,48,4,,0,102,,4995,48,4,,0,100,,4996,48,4,,0,101,,4997,48,4,,0,100,,4998,48,4,,0,301,,5014,56,4,,0,104,,5015,56,4,,0,100,,5016,56,4,,0,100,,5017,56,4,,0,100,,5018,56,4,,0,98,,5019,56,4,,0
700,'65032',746,,5038,48,4,,0,101,,5039,56,4,,0,101,,5020,56,4,,0,91,,5021,48,4,,0,102,,5022,48,4,,0,102,,5023,48,4,,0,100,,5024,48,4,,0,101,,5025,48,4,,0,100,,5026,48,4,,0,301,,5042,56,4,,0,104,,5043,56,4,,0,100,,5044,56,4,,0,100,,5045,56,4,,0,100,,5046,56,4,,0,98,,5047,56,4,,0
701,'65030',706,56,5051,1,0,54,0,18,6,5052,1,0,54,0,82,55,5053,1,0,54,0,20,4,5054,1,,,0,17,4,5055,1,0,54,0,57,52,5056,1,0,54,0,20,9,5057,1,0,54,0,36,18,5058,1,,,0,63,15,5064,1,0,54,0,39,16,5059,1,0,54,0,60,14,5065,1,0,54,0,35,11,5060,1,,,0,64,12,5066,1,0,54,0,36,9,5061,1,,,0,64,,5067,6,0,54,0,34,6,5062,1,,,0,65,11,5068,1,0,54,0,39,,5063,6,0,54,0,58,7,5069,1,0,54,0,25,13,5078,1,,,0,71,53,5079,1,,,0,16,,5080,6,0,54,0,15,11,5081,1,,,0,72,11,5082,1,,,0,22,4,5083,1,,,0,21,,5084,6,0,54,0,63,8,5085,1,0,54,0,17,7,5086,1,0,54,0,21,3,5087,1,0,54,0,60,3,5088,1,0,54,0,30,6,5089,1,,,0,73,5,5090,1,0,54,0,23,3,5091,1,,,0,74,3,5092,1,0,54,0,29,7,5093,1,0,54,0,73,6,5098,1,,,0,100,66,5099,1,0,54,0,87,53,5095,1,0,12 59,0
701,'65031',856,5,5116,1,0,54,0,98,6,5100,1,0,54,0,95,10,5101,1,0,54,0,103,11,5102,1,0,54,0,98,7,5103,1,0,54,0,100,7,5104,1,0,54,0,100,6,5105,1,0,54,0,106,12,5106,1,0,54,0,356,4,5122,1,,,0,101,58,5123,1,,,0,101,59,5124,1,,,0,100,65,5125,1,,,0,100,60,5126,1,0,54,0,91,52,5128,1,0,12 59,0
701,'65032',856,5,5146,1,0,54,0,98,6,5130,1,0,54,0,95,10,5131,1,0,54,0,103,11,5132,1,0,54,0,98,7,5133,1,0,54,0,100,7,5134,1,0,54,0,100,6,5135,1,0,54,0,106,12,5136,1,0,54,0,356,4,5152,1,,,0,101,58,5153,1,,,0,101,59,5154,1,,,0,100,65,5155,1,,,0,100,60,5156,1,0,54,0,91,52,5158,1,0,12 59,0
800,'65030',653,,5160,55,4,,1,57,,5212,55,4,,1,12,,5161,55,4,,1,23,,5162,55,4,,1,11,,5163,55,4,,1,55,,5164,55,4,,1,15,,5165,55,4,,1,15,,5166,55,4,,1,16,,5167,55,4,,1,53,,5168,55,4,,1,21,,5169,55,4,,1,20,,5170,55,4,,1,58,,5171,55,4,,1,21,,5172,55,4,,1,20,,5173,55,4,,1,60,,5174,55,4,,1,21,,5175,55,4,,1,20,,5176,55,4,,1,60,,5177,55,4,,1,21,,5178,55,4,,1,20,,5179,55,4,,1,61,,5180,55,4,,1,22,,5181,55,4,,1,19,,5182,55,4,,1,57,,5183,55,4,,1,20,,5184,55,4,,1,23,,5185,55,4,,1,57,,5186,55,4,,1,20,,5187,55,4,,1,10,,5188,55,4,,1,15,,5189,55,4,,1,56,,5190,55,4,,1,17,,5191,55,4,,1,17,,5192,55,4,,1,8,,5193,55,4,,1,47,,5194,55,4,,1,11,,5195,55,4,,1,13,,5196,55,4,,1,16,,5197,55,4,,1,15,,5198,55,4,,1,54,,5199,55,4,,1,22,,5200,55,4,,1,18,,5201,55,4,,1,55,,5202,55,4,,1,22,,5203,55,4,,1,30,,5204,55,4,,1,69,,5205,55,4,,1,30,,5206,55,4,,1,70,,5207,55,4,,1,74,,5208,55,4,,1,25,,5209,55,4,,1,27,,5210,55,4,,1,100,,5211,55,4,,1
800,'65031',652,,5229,55,4,,1,101,,5230,55,4,,1,69,,5231,55,4,,1,29,,5232,55,4,,1,60,,5233,55,4,,1,32,,5213,55,4,,1,71,,5214,55,4,,1,29,,5215,55,4,,1,71,,5216,55,4,,1,29,,5217,55,4,,1,70,,5218,55,4,,1,31,,5219,55,4,,1,71,,5220,55,4,,1,31,,5221,55,4,,1,70,,5222,55,4,,1,30,,5223,55,4,,1,70,,5224,55,4,,1,29,,5225,55,4,,1,70,,5226,55,4,,1,30,,5227,55,4,,1,69,,5228,55,4,,1,30,,5234,55,4,,1,72,,5235,55,4,,1,30,,5242,55,4,,1,62,,5236,55,4,,1,24,,5243,55,4,,1,23,,5237,55,4,,1,100,,5238,55,4,,1,99,,5239,55,4,,1,100,,5240,55,4,,1,99,,5241,55,4,,1
800,'65032',652,,5260,55,4,,1,101,,5261,55,4,,1,69,,5262,55,4,,1,29,,5263,55,4,,1,60,,5264,55,4,,1,32,,5244,55,4,,1,71,,5245,55,4,,1,29,,5246,55,4,,1,71,,5247,55,4,,1,29,,5248,55,4,,1,70,,5249,55,4,,1,31,,5250,55,4,,1,71,,5251,55,4,,1,31,,5252,55,4,,1,70,,5253,55,4,,1,30,,5254,55,4,,1,70,,5255,55,4,,1,29,,5256,55,4,,1,70,,5257,55,4,,1,30,,5258,55,4,,1,69,,5259,55,4,,1,30,,5265,55,4,,1,72,,5266,55,4,,1,30,,5273,55,4,,1,62,,5267,55,4,,1,24,,5274,55,4,,1,23,,5268,55,4,,1,100,,5269,55,4,,1,99,,5270,55,4,,1,100,,5271,55,4,,1,99,,5272,55,4,,1
801,'65030',611,,5275,6,,,1,29,,5276,6,,,1,18,10,5277,1,,,1,53,58,5278,1,,,1,8,9,5326,1,,,1,8,5,5279,1,,,1,7,7,5280,1,,,1,11,,5322,6,,,1,9,6,5281,1,,,1,53,51,5282,1,,,1,15,4,5283,1,,,1,16,24,5284,1,,,1,62,44,5285,1,,,1,19,9,5286,1,,,1,20,8,5287,1,,,1,20,8,5288,1,,,1,60,10,5289,1,,,1,20,9,5290,1,,,1,20,9,5291,1,,,1,59,8,5292,1,,,1,20,7,5293,1,,,1,19,6,5294,1,,,1,61,7,5295,1,,,1,20,6,5296,1,,,1,21,7,5297,1,,,1,60,6,5298,1,,,1,20,4,5299,1,,,1,20,5,5300,1,,,1,60,8,5301,1,,,1,19,7,5325,1,,,1,15,10,5302,1,,,1,54,53,5303,1,,,1,20,,5304,6,,,1,11,7,5305,1,,,1,14,5,5306,1,,,1,57,,5307,6,,,1,14,11,5308,1,,,1,17,8,5309,1,,,1,16,10,5310,1,,,1,58,4,5311,1,,,1,15,4,5312,1,,,1,21,9,5313,1,,,1,65,11,5314,1,,,1,20,3,5315,1,,,1,73,3,5316,1,,,1,26,7,5317,1,,,1,71,48,5318,1,,,1,25,4,5319,1,,,1,71,45,5320,1,,,1,31,6,5321,1,,,1,77,9,5324,1,,,1,100,61,5323,1,,,1
801,'65031',709,57,5344,1,,,1,97,53,5345,1,,,1,25,9,5346,1,,,1,21,5,5327,1,,,1,70,11,5328,1,,,1,30,9,5329,1,,,1,69,7,5330,1,,,1,30,8,5331,1,,,1,69,6,5332,1,,,1,30,7,5333,1,,,1,70,7,5334,1,,,1,30,6,5335,1,,,1,70,5,5336,1,,,1,30,4,5337,1,,,1,70,4,5338,1,,,1,30,4,5339,1,,,1,70,4,5340,1,,,1,30,5,5341,1,,,1,70,5,5342,1,,,1,31,6,5343,1,,,1,71,8,5347,1,,,1,30,8,5348,1,,,1,70,6,5349,1,,,1,28,4,5355,1,,,1,58,63,5350,1,,,1,29,5,5356,1,,,1,71,59,5351,1,,,1,100,59,5352,1,,,1,100,54,5353,1,,,1,100,59,5354,1,,,1
801,'65032',709,57,5374,1,,,1,97,53,5375,1,,,1,25,9,5376,1,,,1,21,5,5357,1,,,1,70,11,5358,1,,,1,30,9,5359,1,,,1,69,7,5360,1,,,1,30,8,5361,1,,,1,69,6,5362,1,,,1,30,7,5363,1,,,1,70,7,5364,1,,,1,30,6,5365,1,,,1,70,5,5366,1,,,1,30,4,5367,1,,,1,70,4,5368,1,,,1,30,4,5369,1,,,1,70,4,5370,1,,,1,30,5,5371,1,,,1,70,5,5372,1,,,1,31,6,5373,1,,,1,71,8,5377,1,,,1,30,8,5378,1,,,1,70,6,5379,1,,,1,28,4,5385,1,,,1,58,63,5380,1,,,1,29,5,5386,1,,,1,71,59,5381,1,,,1,100,59,5382,1,,,1,100,54,5383,1,,,1,100,59,5384,1,,,1
2100,'65030',715,,6610,6,4,,0,30,,6611,6,4,,0,70,,6612,6,4,,0,30,,6613,6,4,,0,695,,6614,6,4,,0,65,,6615,6,4,,0,35,,6616,6,4,,0,65,,6617,6,4,,0,30,,6618,6,4,,0
2101,'65030',725,10,6619,1,,,0,30,10,6620,1,,,0,70,10,6621,1,,,0,695,,6622,1,,,0,25,5,6623,1,,,0,75,15,6624,1,,,0,25,5,6625,1,,,0,70,10,6626,1,,,0
2200,'65030',649,,6628,26,4,,0,88,,6629,26,4,,0,81,,6630,26,4,,0,41,,6631,26,4,,0,693,,6632,26,4,,0,95,,6633,26,4,,0,81,,6634,26,4,,0,80,,6635,26,4,,0,40,,6636,26,4,,0
2201,'65030',700,51,6638,1,,,0,41,4,6639,1,,,0,81,4,6640,1,,,0,693,,6641,1,,,0,95,58,6642,1,,,0,41,4,6643,1,,,0,81,4,6644,1,,,0,80,4,6645,1,,,0,40,4,6637,1,0,42 43,0
40100,'65030',648,,7359,11,4,,0,70,,7360,11,4,,0,30,,7361,11,4,,0,70,,7362,11,4,,0,30,,7363,11,4,,0
40101,'65030',1516,5,7364,1,,,0,30,5,7365,1,,,0,70,6,7366,1,,,0,30,7,7367,1,,,0,70,4,7368,1,,,0
45300,'65030',752,,7417,10,4,,0,99,,7418,10,4,,0,399,,7419,10,4,,0,275,,7420,10,4,,0,112,,7421,10,4,,0,94,,7422,10,4,,0,90,,7423,10,4,,0
45301,'65030',754,2,7424,1,,,0,498,2,7428,1,,,0,275,2,7425,1,,,0,112,2,7426,1,,,0,94,2,7427,1,,,0,90,2,7429,1,,,0
45400,'65030',652,,7430,9,4,,0,70,,7431,9,4,,0,22,,7432,9,4,,0,72,,7433,9,4,,0,35,,7434,9,4,,0,698,,7435,9,4,,0
45401,'65030',1513,,7436,6,,,0,30,,7437,6,,,0,67,,7438,6,,,0,40,,7439,6,,,0,63,,7440,6,,,0
60401,'65030',811,,7729,1,,,0,15,,7730,1,,,0,15,,7731,1,,,0,16,,7732,1,,,0,797,,7733,1,,,0,102,,7734,1,,,0,94,,7735,1,,,0,375,,7728,1,,,0,123,,7727,1,,,0
60401,'65031',2347,,7736,1,,,0
60401,'65032',2347,,7737,1,,,0
90801,'65030',2424,,7849,6,,,0
90801,'65031',2424,,7850,6,,,0
90801,'65032',2424,,7851,6,,,0
