100,'65040',842,,7922,7,,,0,101,,7923,7,,,0,99,,7924,7,,,0,98,,7925,7,,,0,100,,7926,7,,,0,100,,7927,7,,,0,290,,7928,7,,,0,27,,7929,7,,,0,71,,7930,7,,,0,196,,7931,7,,,0,104,,7932,7,,,0,91,,7933,7,,,0,91,,7934,7,0,5 6 2 68,0,101,,7935,7,0,5 6 2 68,0
100,'65041',1719,,7951,7,0,5 6 2 68,0
100,'65042',1719,,7962,7,0,5 6 2 68,0
300,'65040',610,,8132,22,,,0,25,,8133,22,,,0,15,,8134,22,,,0,57,,8135,22,,,0,12,,8136,22,,,0,13,,8137,22,,,0,16,,8138,22,,,0,55,,8139,22,,,0,13,,8140,22,,,0,17,,8141,22,,,0,20,,8142,22,,,0,60,,8143,22,,,0,20,,8144,22,,,0,20,,8145,22,,,0,60,,8146,22,,,0,20,,8147,22,,,0,20,,8148,22,,,0,60,,8149,22,,,0,20,,8150,22,,,0,17,,8151,22,,,0,61,,8152,22,,,0,20,,8153,22,,,0,20,,8154,22,,,0,60,,8155,22,,,0,20,,8156,22,,,0,20,,8157,22,,,0,56,,8158,22,,,0,13,,8159,22,,,0,17,,8181,22,,,0,15,,8160,22,,,0,55,,8161,22,,,0,13,,8162,22,,,0,22,,8163,22,,,0,15,,8164,22,,,0,60,,8165,22,,,0,25,,8166,22,,,0,65,,8167,22,,,0,31,,8168,22,,,0,20,,8169,22,,,0,60,,8170,22,,,0,20,,8171,22,,,0,65,,8172,22,,,0,29,,8173,22,,,0,74,,8174,22,,,0,27,,8175,22,,,0,67,,8180,22,,,0,21,,8176,22,,,0,20,,8177,22,,,0,77,,8178,22,,,0
300,'65041',706,,8198,22,,,0,20,,8199,22,,,0,30,,8200,22,,,0,69,,8211,22,,,0,29,,8182,22,,,0,70,,8183,22,,,0,30,,8184,22,,,0,70,,8185,22,,,0,30,,8186,22,,,0,70,,8187,22,,,0,30,,8188,22,,,0,69,,8189,22,,,0,30,,8190,22,,,0,70,,8191,22,,,0,29,,8192,22,,,0,71,,8193,22,,,0,29,,8194,22,,,0,70,,8195,22,,,0,30,,8196,22,,,0,70,,8197,22,,,0,30,,8201,22,,,0,55,,8202,22,,,0,19,,8203,22,,,0,32,,8204,22,,,0,74,,8205,22,,,0,78,,8206,22,,,0,31,,8212,22,,,0,70,,8207,22,,,0,100,,8208,22,,,0,100,,8209,22,,,0,99,,8210,22,,,0
300,'65042',706,,8229,22,,,0,20,,8230,22,,,0,30,,8231,22,,,0,69,,8242,22,,,0,29,,8213,22,,,0,70,,8214,22,,,0,30,,8215,22,,,0,70,,8216,22,,,0,30,,8217,22,,,0,70,,8218,22,,,0,30,,8219,22,,,0,69,,8220,22,,,0,30,,8221,22,,,0,70,,8222,22,,,0,29,,8223,22,,,0,71,,8224,22,,,0,29,,8225,22,,,0,70,,8226,22,,,0,30,,8227,22,,,0,70,,8228,22,,,0,30,,8232,22,,,0,55,,8233,22,,,0,19,,8234,22,,,0,32,,8235,22,,,0,74,,8236,22,,,0,78,,8237,22,,,0,31,,8243,22,,,0,70,,8238,22,,,0,100,,8239,22,,,0,100,,8240,22,,,0,99,,8241,22,,,0
5500,'65040',718,,10946,17,,,2,124,,10952,17,,,2,112,,10948,17,,,2,156,,10955,17,,,2,117,,10949,17,,,2,115,,10953,17,,,2,158,,10950,17,,,2,116,,10954,17,,,2,123,,10947,17,,,2,110,,10951,17,0,5 6 2 66,2
5500,'65041',821,,10961,17,,,2,111,,10963,17,,,2,110,,10962,17,,,2,110,,10960,17,,,2,153,,10959,17,,,2,110,,10958,17,,,2,110,,10957,17,,,2,107,,10956,17,0,5 6 2 66,2
5500,'65042',821,,10969,17,,,2,111,,10971,17,,,2,110,,10970,17,,,2,110,,10968,17,,,2,153,,10967,17,,,2,110,,10966,17,,,2,110,,10965,17,,,2,107,,10964,17,0,5 6 2 66,2
5700,'65040',907,,11002,7,,,2,99,,11000,7,,,2,123,,11001,7,,,2,105,,10998,7,,,2,121,,11003,7,,,2,145,,10999,7,,,2,120,,11004,7,,,2
5700,'65041',1112,,11010,7,,,2,113,,11009,7,,,2,102,,11008,7,,,2,112,,11007,7,,,2,102,,11006,7,,,2,112,,11005,7,0,56,2
5700,'65042',1112,,11016,7,,,2,113,,11015,7,,,2,102,,11014,7,,,2,112,,11013,7,,,2,102,,11012,7,,,2,112,,11011,7,0,56,2
90300,'65040',2320,,11467,29,,,0,106,,11468,29,,,0
90300,'65041',2426,,11471,29,,,0
90300,'65042',2426,,11473,29,,,0
