100,'65030',907,,3974,22,,,0,98,,3975,22,,,0,99,,3976,22,,,0,101,,3977,22,,,0,99,,3978,22,,,0,100,,3979,22,,,0,232,,3991,22,,,0,69,,3992,22,,,0,29,,3993,22,,,0,66,,3994,22,,,0,135,,3995,22,,,0,100,,3996,22,,,0,92,,3997,22,,,0,93,,3998,22,0,5 6,0,101,,3999,22,0,5 6,0
100,'65031',1731,,4009,22,0,5 6,0
100,'65032',1731,,4020,22,0,5 6,0
200,'65030',622,,4076,20,,,0,29,,4077,20,,,0,66,,4078,20,,,0,31,,4079,20,,,0,75,,4080,20,,,0,26,,4109,20,,,0,55,,4081,20,,,0,26,,4082,20,,,0,26,,4083,20,,,0,65,,4084,20,,,0,28,,4085,20,,,0,70,,4086,20,,,0,32,,4087,20,,,0,71,,4088,20,,,0,30,,4089,20,,,0,70,,4090,20,,,0,29,,4091,20,,,0,70,,4092,20,,,0,31,,4093,20,,,0,70,,4094,20,,,0,36,,4095,20,,,0,73,,4096,20,,,0,77,,4097,20,,,0,29,,4098,20,,,0,65,,4099,20,,,0,30,,4100,20,,,0,27,,4101,20,,,0,60,,4102,20,,,0,31,,4103,20,,,0,67,,4104,20,,,0,100,,4105,20,,,0,105,,4106,20,,,0,98,,4107,20,,,0,102,,4108,20,,,0
200,'65031',717,,4119,20,,,0,100,,4120,20,,,0,96,,4110,20,,,0,40,,4111,20,,,0,100,,4112,20,,,0,100,,4113,20,,,0,100,,4114,20,,,0,100,,4115,20,,,0,100,,4116,20,,,0,105,,4117,20,,,0,142,,4118,20,,,0,102,,4121,20,,,0,28,,4122,20,,,0,91,,4123,20,,,0,100,,4125,20,,,0,100,,4126,20,,,0,100,,4124,20,,,0,100,,4127,20,,,0
200,'65032',717,,4137,20,,,0,100,,4138,20,,,0,96,,4128,20,,,0,40,,4129,20,,,0,100,,4130,20,,,0,100,,4131,20,,,0,100,,4132,20,,,0,100,,4133,20,,,0,100,,4134,20,,,0,105,,4135,20,,,0,142,,4136,20,,,0,102,,4139,20,,,0,28,,4140,20,,,0,91,,4141,20,,,0,100,,4143,20,,,0,100,,4144,20,,,0,100,,4142,20,,,0,100,,4145,20,,,0
300,'65030',620,,4213,37,,,0,15,,4269,37,,,0,15,,4214,37,,,0,55,,4215,37,,,0,15,,4216,37,,,0,10,,4217,37,,,0,10,,4218,37,,,0,7,,4219,37,,,0,8,,4220,37,,,0,50,,4221,37,,,0,10,,4222,37,,,0,16,,4223,37,,,0,15,,4224,37,,,0,54,,4270,37,,,0,15,,4225,37,,,0,20,,4226,37,,,0,20,,4227,37,,,0,60,,4228,37,,,0,20,,4229,37,,,0,20,,4230,37,,,0,60,,4231,37,,,0,20,,4232,37,,,0,20,,4233,37,,,0,60,,4234,37,,,0,20,,4235,37,,,0,20,,4236,37,,,0,60,,4237,37,,,0,20,,4238,37,,,0,20,,4239,37,,,0,60,,4240,37,,,0,20,,4241,37,,,0,15,,4242,37,,,0,55,,4243,37,,,0,15,,4245,37,,,0,15,,4251,37,,,0,10,,4246,37,,,0,10,,4247,37,,,0,50,,4248,37,,,0,10,,4249,37,,,0,10,,4250,37,,,0,20,,4252,37,,,0,55,,4253,37,,,0,15,,4254,37,,,0,15,,4255,37,,,0,20,,4256,37,,,0,60,,4257,37,,,0,20,,4258,37,,,0,20,,4259,37,,,0,65,,4260,37,,,0,30,,4261,37,,,0,70,,4262,37,,,0,30,,4267,37,,,0,65,,4263,37,,,0,20,,4264,37,,,0,20,,4265,37,,,0,78,,4266,37,,,0,72,,4244,37,,,0
300,'65031',719,,4287,37,,,0,25,,4288,37,,,0,73,,4289,37,,,0,23,,4300,37,,,0,64,,4271,37,,,0,29,,4272,37,,,0,70,,4273,37,,,0,30,,4274,37,,,0,70,,4275,37,,,0,30,,4276,37,,,0,70,,4277,37,,,0,30,,4278,37,,,0,70,,4279,37,,,0,30,,4280,37,,,0,70,,4281,37,,,0,30,,4282,37,,,0,70,,4283,37,,,0,30,,4284,37,,,0,70,,4285,37,,,0,30,,4286,37,,,0,67,,4290,37,,,0,22,,4291,37,,,0,18,,4292,37,,,0,70,,4293,37,,,0,34,,4294,37,,,0,75,,4295,37,,,0,32,,4301,37,,,0,71,,4296,37,,,0,100,,4297,37,,,0,100,,4298,37,,,0,100,,4299,37,,,0
300,'65032',719,,4318,37,,,0,25,,4319,37,,,0,73,,4320,37,,,0,23,,4331,37,,,0,64,,4302,37,,,0,29,,4303,37,,,0,70,,4304,37,,,0,30,,4305,37,,,0,70,,4306,37,,,0,30,,4307,37,,,0,70,,4308,37,,,0,30,,4309,37,,,0,70,,4310,37,,,0,30,,4311,37,,,0,70,,4312,37,,,0,30,,4313,37,,,0,70,,4314,37,,,0,30,,4315,37,,,0,70,,4316,37,,,0,30,,4317,37,,,0,67,,4321,37,,,0,22,,4322,37,,,0,18,,4323,37,,,0,70,,4324,37,,,0,34,,4325,37,,,0,75,,4326,37,,,0,32,,4332,37,,,0,71,,4327,37,,,0,100,,4328,37,,,0,100,,4329,37,,,0,100,,4330,37,,,0
700,'65030',621,,4944,23,,,0,16,,4945,23,0,5 6,0,20,,4946,23,,,0,61,,4947,23,,,0,16,,4948,23,0,5 6,0,5,,4949,31,,,0,7,,4950,23,,,0,8,,4951,31,0,5 6,0,48,,4952,23,,,0,6,,4953,23,0,5 6,0,11,,4954,31,,,0,21,,4955,23,,,0,15,,4956,23,0,5 6,0,55,,4963,23,,,0,26,,4970,23,,,0,17,,4957,23,0,5 6,0,60,,4964,23,,,0,22,,4971,23,,,0,19,,4958,23,0,5 6,0,59,,4965,23,,,0,22,,4972,23,,,0,19,,4959,23,0,5 6,0,60,,4966,23,,,0,22,,4973,31,,,0,20,,4960,23,0,5 6,0,58,,4967,23,,,0,21,,4974,31,,,0,20,,4961,23,0,5 6,0,59,,4968,23,,,0,21,,4975,23,,,0,18,,4962,23,,,0,61,,4969,23,,,0,23,,4976,31,,,0,21,,4977,23,,,0,76,,4978,23,,,0,23,,4979,31,,,0,75,,4980,23,,,0,68,,4981,31,,,0,25,,4982,31,,,0,20,,4983,31,,,0,67,,4984,23,,,0,34,,4985,23,,,0,66,,4986,23,,,0,34,,4987,31,,,0,65,,4988,23,,,0,35,,4989,31,,,0,76,,4990,23,,,0,100,,4991,31,,,0
700,'65031',622,,5009,23,0,5 6,0,100,,5010,23,,,0,98,,5011,31,,,0,34,,5000,23,0,5 6,0,70,,4992,31,,,0,21,,5001,23,0,5 6,0,70,,4993,23,,,0,31,,5002,23,0,5 6,0,69,,4994,23,,,0,26,,5003,23,0,5 6,0,75,,4995,23,,,0,30,,5004,23,0,5 6,0,70,,4996,23,,,0,30,,5005,23,0,5 6,0,71,,4997,23,,,0,30,,5006,23,0,5 6,0,70,,4998,23,,,0,30,,5007,23,0,5 6,0,69,,4999,23,0,5 6,0,35,,5008,23,0,5 6,0,70,,5012,23,0,5 6,0,31,,5013,23,0,5 6,0,68,,5014,31,,,0,102,,5015,31,,,0,100,,5016,31,,,0,100,,5017,31,,,0,100,,5018,31,,,0,98,,5019,31,,,0
700,'65032',622,,5037,23,0,5 6,0,100,,5038,23,,,0,98,,5039,31,,,0,34,,5028,23,0,5 6,0,70,,5020,31,,,0,21,,5029,23,0,5 6,0,70,,5021,23,,,0,31,,5030,23,0,5 6,0,69,,5022,23,,,0,26,,5031,23,0,5 6,0,75,,5023,23,,,0,30,,5032,23,0,5 6,0,70,,5024,23,,,0,30,,5033,23,0,5 6,0,71,,5025,23,,,0,30,,5034,23,0,5 6,0,70,,5026,23,,,0,30,,5035,23,0,5 6,0,69,,5027,23,0,5 6,0,35,,5036,23,0,5 6,0,70,,5040,23,0,5 6,0,31,,5041,23,0,5 6,0,68,,5042,31,,,0,102,,5043,31,,,0,100,,5044,31,,,0,100,,5045,31,,,0,100,,5046,31,,,0,98,,5047,31,,,0
800,'65030',627,,5160,21,,,1,16,,5212,21,,,1,11,,5161,21,,,1,61,,5162,21,,,1,10,,5163,21,,,1,15,,5164,21,,,1,15,,5165,21,,,1,55,,5166,21,,,1,15,,5167,21,,,1,15,,5168,21,,,1,62,,5169,21,,,1,20,,5170,21,,,1,20,,5171,21,,,1,60,,5172,21,,,1,20,,5173,21,,,1,20,,5174,21,,,1,60,,5175,21,,,1,20,,5176,21,,,1,20,,5177,21,,,1,60,,5178,21,,,1,20,,5179,21,,,1,21,,5180,21,,,1,61,,5181,21,,,1,20,,5182,21,,,1,18,,5183,21,,,1,60,,5184,21,,,1,22,,5185,21,,,1,17,,5186,21,,,1,59,,5187,21,,,1,10,,5188,21,,,1,15,,5189,21,,,1,15,,5190,21,,,1,14,,5191,21,,,1,56,,5192,21,,,1,8,,5193,21,,,1,7,,5194,21,,,1,10,,5195,21,,,1,13,,5196,21,,,1,57,,5197,21,,,1,20,,5198,21,,,1,15,,5199,21,,,1,62,,5200,21,,,1,18,,5201,21,,,1,17,,5202,21,,,1,63,,5203,21,,,1,30,,5204,21,,,1,70,,5205,21,,,1,30,,5206,21,,,1,70,,5207,21,,,1,35,,5208,21,,,1,65,,5209,21,,,1,27,,5210,21,,,1,100,,5211,21,,,1
800,'65031',627,,5229,21,,,1,101,,5230,21,,,1,29,,5231,21,,,1,69,,5232,21,,,1,19,,5233,21,,,1,71,,5213,21,,,1,30,,5214,21,,,1,69,,5215,21,,,1,31,,5216,21,,,1,69,,5217,21,,,1,30,,5218,21,,,1,70,,5219,21,,,1,30,,5220,21,,,1,70,,5221,21,,,1,30,,5222,21,,,1,70,,5223,21,,,1,30,,5224,21,,,1,70,,5225,21,,,1,31,,5226,21,,,1,71,,5227,21,,,1,29,,5228,21,,,1,70,,5234,21,,,1,32,,5235,21,,,1,70,,5242,21,,,1,22,,5236,21,,,1,64,,5243,21,,,1,23,,5237,21,,,1,100,,5238,21,,,1,100,,5239,21,,,1,100,,5240,21,,,1,100,,5241,21,,,1
800,'65032',627,,5260,21,,,1,101,,5261,21,,,1,29,,5262,21,,,1,69,,5263,21,,,1,19,,5264,21,,,1,71,,5244,21,,,1,30,,5245,21,,,1,69,,5246,21,,,1,31,,5247,21,,,1,69,,5248,21,,,1,30,,5249,21,,,1,70,,5250,21,,,1,30,,5251,21,,,1,70,,5252,21,,,1,30,,5253,21,,,1,70,,5254,21,,,1,30,,5255,21,,,1,70,,5256,21,,,1,31,,5257,21,,,1,71,,5258,21,,,1,29,,5259,21,,,1,70,,5265,21,,,1,32,,5266,21,,,1,70,,5273,21,,,1,22,,5267,21,,,1,64,,5274,21,,,1,23,,5268,21,,,1,100,,5269,21,,,1,100,,5270,21,,,1,100,,5271,21,,,1,100,,5272,21,,,1
1200,'65030',623,,5755,32,,,0,27,,5756,32,,,0,58,,5757,32,,,0,22,,5758,32,,,0,14,,5759,32,,,0,57,,5760,32,,,0,9,,5761,32,,,0,26,,5762,32,,,0,10,,5763,32,,,0,67,,5764,32,,,0,25,,5765,32,,,0,72,,5766,32,,,0,32,,5767,32,,,0,68,,5768,32,,,0,30,,5769,32,,,0,69,,5770,32,,,0,30,,5771,32,,,0,71,,5772,32,,,0,28,,5773,32,,,0,74,,5774,32,,,0,30,,5775,32,,,0,71,,5776,32,,,0,30,,5777,32,,,0,71,,5778,32,,,0,26,,5779,32,,,0,65,,5780,32,,,0,15,,5781,32,,,0,25,,5782,32,,,0,65,,5783,32,,,0,25,,5784,32,,,0,90,,5785,32,,,0,100,,5786,32,,,0,23,,5787,32,,,0,77,,5788,32,,,0
1200,'65031',721,,5798,32,,,0,101,,5799,32,,,0,95,,5789,32,,,0,87,,5790,32,,,0,100,,5791,32,,,0,100,,5792,32,,,0,100,,5793,32,,,0,100,,5794,32,,,0,100,,5795,32,,,0,100,,5796,32,,,0,100,,5797,32,,,0,41,,5800,32,,,0,75,,5801,32,,,0,100,,5802,32,,,0,101,,5803,32,,,0,100,,5804,32,,,0,99,,5805,32,,,0,100,,5806,32,,,0
1200,'65032',721,,5816,32,,,0,101,,5817,32,,,0,95,,5807,32,,,0,87,,5808,32,,,0,100,,5809,32,,,0,100,,5810,32,,,0,100,,5811,32,,,0,100,,5812,32,,,0,100,,5813,32,,,0,100,,5814,32,,,0,100,,5815,32,,,0,41,,5818,32,,,0,75,,5819,32,,,0,100,,5820,32,,,0,101,,5821,32,,,0,100,,5822,32,,,0,99,,5823,32,,,0,100,,5824,32,,,0
1400,'65030',649,,5893,33,,,0,59,,5894,33,,,0,27,,5895,33,,,0,73,,5896,33,,,0,28,,5897,33,,,0,22,,5898,33,,,0,72,,5899,33,,,0,28,,5910,33,,,0,72,,5900,33,,,0,28,,5911,33,,,0,73,,5901,33,,,0,22,,5906,33,,,0,58,,5912,33,,,0,20,,5902,33,,,0,21,,5907,33,,,0,61,,5913,33,,,0,19,,5903,33,,,0,16,,5908,33,,,0,62,,5914,33,,,0,22,,5904,33,,,0,18,,5909,33,,,0,58,,5915,33,,,0,27,,5905,33,,,0,20,,5916,33,,,0,56,,5917,33,,,0,25,,5918,33,,,0,21,,5919,33,,,0,76,,5920,33,,,0,22,,5921,33,,,0,75,,5922,33,,,0,25,,5923,33,,,0,70,,5924,33,,,0,30,,5925,33,,,0,64,,5926,33,,,0,29,,5927,33,,,0,77,,5928,33,,,0,21,,5929,33,,,0,74,,5930,33,,,0,17,,5931,33,,,0,84,,5932,33,,,0,22,,5933,33,,,0,92,,5934,33,,,0
1400,'65031',721,,5944,33,,,0,98,,5945,33,,,0,87,,5935,33,,,0,103,,5936,33,,,0,99,,5937,33,,,0,100,,5938,33,,,0,100,,5939,33,,,0,101,,5940,33,,,0,100,,5941,33,,,0,100,,5942,33,,,0,105,,5943,33,,,0,96,,5946,33,,,0,111,,5947,33,,,0,99,,5948,33,,,0,100,,5949,33,,,0,100,,5950,33,,,0,100,,5951,33,,,0,116,,5952,33,,,0
1400,'65032',721,,5962,33,,,0,98,,5963,33,,,0,87,,5953,33,,,0,103,,5954,33,,,0,99,,5955,33,,,0,100,,5956,33,,,0,100,,5957,33,,,0,101,,5958,33,,,0,100,,5959,33,,,0,100,,5960,33,,,0,105,,5961,33,,,0,96,,5964,33,,,0,111,,5965,33,,,0,99,,5966,33,,,0,100,,5967,33,,,0,100,,5968,33,,,0,100,,5969,33,,,0,116,,5970,33,,,0
1400,'65036',803,,5971,33,,,0
1900,'65030',714,,6530,38,,,0,41,,6531,38,,,0,55,,6532,38,,,0,30,,6533,38,,,0,70,,6534,38,,,0,31,,6548,38,,,0,70,,6547,38,,,0,31,,6546,38,,,0,70,,6545,38,,,0,30,,6544,38,,,0,71,,6543,38,,,0,32,,6542,38,,,0,68,,6541,38,,,0,32,,6540,38,,,0,69,,6539,38,,,0,28,,6538,38,,,0,72,,6537,38,,,0,31,,6536,38,,,0,75,,6535,38,,,0,22,,6555,38,,,0,63,,6554,38,,,0,23,,6553,38,,,0,28,,6552,38,,,0,67,,6551,38,,,0,28,,6550,38,,,0
2900,'65033',2445,,6951,19,4,,0,70,,6952,19,4,,0,30,,6953,19,4,,0,70,,6954,19,4,,0,30,,6955,19,4,,0
2901,'65033',2415,,6961,1,,,0,30,,6960,1,,,0,70,,6959,1,,,0,30,,6958,1,,,0,70,,6957,1,,,0,30,,6956,1,,,0
5500,'65030',755,,7269,64,,,0,160,,7270,64,,,0,110,,7271,64,,,0,115,,7278,64,,,0,161,,7272,64,,,0,112,,7273,64,,,0,117,,7274,64,,,0,119,,7275,64,,,0,154,,7276,64,,,0,109,,7277,64,0,5 6,0
5500,'65031',849,,7284,64,,,0,151,,7286,64,,,0,111,,7285,64,,,0,110,,7283,64,,,0,113,,7282,64,,,0,110,,7281,64,,,0,113,,7280,64,,,0,145,,7279,64,0,5 6,0
5500,'65032',849,,7292,64,,,0,151,,7294,64,,,0,111,,7293,64,,,0,110,,7291,64,,,0,113,,7290,64,,,0,110,,7289,64,,,0,113,,7288,64,,,0,145,,7287,64,0,5 6,0
5700,'65030',930,,7321,43,,,0,105,,7322,43,,,0,120,,7323,43,,,0,145,,7324,43,,,0,120,,7325,43,,,0,105,,7326,43,,,0,120,,7327,43,,,0
5700,'65031',1136,,7333,43,,,0,113,,7332,43,,,0,102,,7331,43,,,0,152,,7330,43,,,0,102,,7329,43,,,0,112,,7328,43,4,,0
5700,'65032',1136,,7339,43,,,0,113,,7338,43,,,0,102,,7337,43,,,0,152,,7336,43,,,0,102,,7335,43,,,0,112,,7334,43,4,,0
90300,'65030',2328,,7807,44,,,0,107,,7808,44,,,0
90300,'65031',2436,,7811,44,,,0
90300,'65032',2436,,7813,44,,,0
91200,'65030',2222,,7852,35,,,0,100,,7853,35,,,0
91900,'65030',617,,7879,47,,,0
2400080000,'65030',622,,7898,8,,,1,28,,7897,8,,,1,70,,7896,8,,,1,33,,7895,8,,,1,67,,7894,8,,,1,30,,7893,8,,,1,72,,7892,8,,,1,97,,7891,8,,,1,100,,7890,8,,,1,100,,7889,8,,,1,103,,7888,8,,,1,100,,7887,8,,,1,98,,7886,8,,,1,30,,7885,8,,,1,72,,7884,8,,,1,33,,7883,8,,,1,70,,7882,8,,,1,30,,7881,8,,,1,65,,7880,8,,,1
