100,'65040',636,,7918,5,,,0,80,,7919,5,,,0,20,,7920,5,,,0,74,,7921,5,,,0,94,,7922,31,,,0,100,,7923,31,,,0,100,,7924,31,,,0,99,,7925,31,,,0,100,,7926,31,,,0,100,,7927,31,,,0,38,,7936,5,,,0,70,,7937,5,,,0,26,,7938,5,,,0,73,,7939,5,,,0,27,,7940,5,,,0,20,,7928,31,,,0,66,,7929,31,,,0,31,,7930,31,,,0,105,,7941,5,,,0,87,,7931,31,,,0,105,,7932,31,,,0,89,,7933,31,,,0
100,'65041',923,,7942,5,,,0,100,,7943,5,,,0,100,,7944,5,,,0,99,,7945,5,,,0,99,,7946,5,,,0,99,,7947,5,,,0,101,,7948,5,,,0,102,,7949,5,,,0,82,,7950,5,,,0,95,,7952,5,,,0
100,'65042',923,,7953,5,,,0,100,,7954,5,,,0,100,,7955,5,,,0,99,,7956,5,,,0,99,,7957,5,,,0,99,,7958,5,,,0,101,,7959,5,,,0,102,,7960,5,,,0,82,,7961,5,,,0,95,,7963,5,,,0
400,'65040',641,,8360,5,,,0,14,,8361,26,,,0,75,,8362,5,,,0,74,,8363,5,,,0,22,,8364,26,,,0,74,,8365,26,,,0,51,,8366,26,,,0,100,,8367,26,,,0,100,,8368,26,,,0,99,,8369,26,,,0,80,,8370,26,,,0,106,,8371,26,,,0,64,,8372,26,,,0,30,,8373,26,,,0,70,,8374,26,,,0,30,,8375,26,,,0,19,,8376,26,,,0,71,,8377,26,,,0,35,,8378,26,,,0,81,,8379,26,,,0,85,,8380,26,,,0,29,,8381,26,,,0,71,,8382,26,,,0,33,,8383,26,,,0,91,,8384,26,,,0
400,'65041',830,,8427,26,,,0,85,,8408,26,,,0,101,,8409,26,,,0,100,,8410,26,,,0,100,,8411,26,,,0,100,,8412,26,,,0,100,,8413,26,,,0,100,,8414,26,,,0,100,,8415,26,,,0,100,,8425,26,,,0,21,,8417,26,,,0,22,,8418,26,,,0,82,,8419,26,,,0
400,'65042',830,,8455,26,,,0,85,,8436,26,,,0,101,,8437,26,,,0,100,,8438,26,,,0,100,,8439,26,,,0,100,,8440,26,,,0,100,,8441,26,,,0,100,,8442,26,,,0,100,,8443,26,,,0,100,,8453,26,,,0,21,,8445,26,,,0,22,,8446,26,,,0,82,,8447,26,,,0
900,'65040',642,,9250,5,,,0,92,,9236,30,,,0,69,,9251,5,,,0,44,,9237,30,,,0,100,,9238,30,,,0,100,,9239,30,,,0,100,,9240,30,,,0,71,,9241,30,,,0,101,,9242,30,,,0,100,,9243,30,,,0,30,,9244,30,,,0,68,,9245,30,,,0,31,,9252,5,,,0,71,,9253,5,,,0,32,,9246,30,,,0,66,,9254,5,,,0,31,,9247,30,,,0,99,,9248,30,,,0,85,,9249,30,,,0,100,,9255,5,,,0,24,,9256,5,,,0,90,,9257,5,,,0,101,,9258,5,0,7 8 1 9,0
900,'65041',845,,9267,5,,,0,99,,9259,5,,,0,101,,9260,30,,,0,101,,9261,30,,,0,100,,9262,30,,,0,100,,9263,30,,,0,100,,9264,30,,,0,101,,9265,30,,,0,100,,9266,30,,,0,154,,9268,5,,,0,54,,9269,5,,,0,89,,9270,5,,,0,100,,9271,5,,,0,100,,9272,5,,,0,101,,9273,5,,,0
900,'65042',845,,9282,5,,,0,99,,9274,5,,,0,101,,9275,30,,,0,101,,9276,30,,,0,100,,9277,30,,,0,100,,9278,30,,,0,100,,9279,30,,,0,101,,9280,30,,,0,100,,9281,30,,,0,154,,9283,5,,,0,54,,9284,5,,,0,89,,9285,5,,,0,100,,9286,5,,,0,100,,9287,5,,,0,101,,9288,5,,,0
5500,'65040',808,,10946,82,,,2,118,,10952,82,,,2,111,,10948,82,,,2,115,,10955,82,,,2,159,,10949,82,,,2,114,,10953,82,,,2,122,,10950,82,,,2,157,,10954,82,,,2,116,,10947,82,,,2
5500,'65041',901,,10961,82,,,2,111,,10963,82,,,2,111,,10962,82,,,2,110,,10960,82,,,2,113,,10959,82,,,2,110,,10958,82,,,2,153,,10957,82,,,2
5500,'65042',901,,10969,82,,,2,111,,10971,82,,,2,111,,10970,82,,,2,110,,10968,82,,,2,113,,10967,82,,,2,110,,10966,82,,,2,153,,10965,82,,,2
5700,'65040',941,,11002,57,,,2,103,,11000,57,,,2,163,,11001,57,,,2,105,,10998,57,,,2,120,,11003,57,,,2,105,,10999,57,,,2,120,,11004,57,,,2
5700,'65041',1147,,11010,57,,,2,153,,11009,57,,,2,102,,11008,57,,,2,112,,11007,57,,,2,102,,11006,57,,,2
5700,'65042',1147,,11016,57,,,2,153,,11015,57,,,2,102,,11014,57,,,2,112,,11013,57,,,2,102,,11012,57,,,2
90400,'65040',2211,,11474,5,0,7 8 1 9,0,28,,11475,5,0,7 8 1 9,0,100,,11476,5,0,7 8 1 9,0,106,,11477,5,,,0
90400,'65041',733,,11484,5,0,7 8 1 9,0,1201,,11483,5,0,7 8 1 9,0,101,,11479,5,0,7 8 1 9,0,101,,11481,5,0,7 8 1 9,0,100,,11480,5,0,7 8 1 9,0,98,,11482,5,0,7 8 1 9,0,112,,11478,5,,,0
90400,'65042',733,,11491,5,0,7 8 1 9,0,1201,,11490,5,0,7 8 1 9,0,101,,11486,5,0,7 8 1 9,0,101,,11488,5,0,7 8 1 9,0,100,,11487,5,0,7 8 1 9,0,98,,11489,5,0,7 8 1 9,0,112,,11485,5,,,0
