801,'65030',639,,5275,46,,,1,70,,5276,46,,,1,19,,5277,41,,,1,16,,5278,41,,,1,9,,5326,41,,,1,48,,5279,41,,,1,8,,5280,41,,,1,12,,5322,46,,,1,9,,5281,41,,,1,13,,5282,41,,,1,14,,5283,41,,,1,53,,5284,41,,,1,21,,5285,41,,,1,19,,5286,41,,,1,60,,5287,41,,,1,20,,5288,41,,,1,20,,5289,41,,,1,60,,5290,41,,,1,21,,5291,41,,,1,20,,5292,41,,,1,61,,5293,41,,,1,20,,5294,41,,,1,20,,5295,41,,,1,59,,5296,41,,,1,20,,5297,41,,,1,20,,5298,41,,,1,60,,5299,41,,,1,21,,5300,41,,,1,20,,5301,41,,,1,60,,5325,41,,,1,15,,5302,41,,,1,15,,5303,41,,,1,61,,5304,46,,,1,15,,5305,41,,,1,18,,5306,41,,,1,16,,5307,46,,,1,51,,5308,41,,,1,15,,5309,41,,,1,14,,5310,41,,,1,15,,5311,41,,,1,54,,5312,41,,,1,20,,5313,41,,,1,25,,5314,41,,,1,59,,5315,41,,,1,33,,5316,41,,,1,66,,5317,41,,,1,30,,5318,41,,,1,24,,5319,41,,,1,71,,5320,41,,,1,30,,5321,41,,,1,77,,5324,41,,,1,100,,5323,41,,,1
801,'65031',735,,5344,41,,,1,98,,5345,41,,,1,25,,5346,41,,,1,61,,5327,41,,,1,31,,5328,41,,,1,70,,5329,41,,,1,31,,5330,41,,,1,71,,5331,41,,,1,30,,5332,41,,,1,70,,5333,41,,,1,31,,5334,41,,,1,70,,5335,41,,,1,30,,5336,41,,,1,70,,5337,41,,,1,30,,5338,41,,,1,70,,5339,41,,,1,30,,5340,41,,,1,70,,5341,41,,,1,30,,5342,41,,,1,70,,5343,41,,,1,29,,5347,41,,,1,70,,5348,41,,,1,30,,5349,41,,,1,67,,5355,41,,,1,18,,5350,41,,,1,69,,5356,41,,,1,31,,5351,41,,,1,100,,5352,41,,,1,98,,5353,41,,,1,99,,5354,41,,,1
801,'65032',735,,5374,41,,,1,98,,5375,41,,,1,25,,5376,41,,,1,61,,5357,41,,,1,31,,5358,41,,,1,70,,5359,41,,,1,31,,5360,41,,,1,71,,5361,41,,,1,30,,5362,41,,,1,70,,5363,41,,,1,31,,5364,41,,,1,70,,5365,41,,,1,30,,5366,41,,,1,70,,5367,41,,,1,30,,5368,41,,,1,70,,5369,41,,,1,30,,5370,41,,,1,70,,5371,41,,,1,30,,5372,41,,,1,70,,5373,41,,,1,29,,5377,41,,,1,70,,5378,41,,,1,30,,5379,41,,,1,67,,5385,41,,,1,18,,5380,41,,,1,69,,5386,41,,,1,31,,5381,41,,,1,100,,5382,41,,,1,98,,5383,41,,,1,99,,5384,41,,,1
901,'65030',705,,5452,49,,,0,28,,5453,49,,,0,23,,5454,49,,,0,49,,5459,19,,,0,16,,5455,49,,,0,17,,5456,49,,,0,19,,5457,49,,,0,64,,5458,49,,,0,26,,5474,49,,,0,62,,5473,49,,,0,20,,5472,49,,,0,81,,5471,49,,,0,21,,5470,49,,,0,80,,5469,49,,,0,21,,5468,49,,,0,81,,5467,49,,,0,20,,5466,49,,,0,80,,5465,49,,,0,20,,5464,49,,,0,80,,5463,49,,,0,21,,5462,49,,,0,66,,5486,49,,,0,27,,5461,49,,,0,25,,5460,49,,,0,88,,5482,49,,,0,83,,5485,49,,,0,22,,5484,49,,,0,72,,5483,49,,,0
901,'65031',1035,,5487,49,,,0,100,,5488,49,,,0,99,,5494,49,,,0,101,,5493,49,,,0,100,,5492,49,,,0,99,,5491,49,,,0,105,,5490,49,,,0,97,,5489,49,,,0
901,'65032',1035,,5503,49,,,0,100,,5504,49,,,0,99,,5510,49,,,0,101,,5509,49,,,0,100,,5508,49,,,0,99,,5507,49,,,0,105,,5506,49,,,0,97,,5505,49,,,0
1100,'65030',603,,5563,18,0,22 23,0,21,,5578,18,0,22 23,0,27,,5519,39,,,0,67,,5520,39,,,0,17,,5524,18,,,0,18,,5567,39,0,22 23,0,6,,5566,18,0,22 23,0,52,,5521,39,,,0,9,,5565,18,0,22 23,0,12,,5522,39,,,0,16,,5564,18,0,22 23,0,64,,5523,39,,,0,14,,5571,18,0,22 23,0,14,,5525,39,,,0,14,,5568,18,0,22 23,0,56,,5526,39,,,0,13,,5572,18,0,22 23,0,18,,5527,39,,,0,13,,5560,18,0,22 23,0,57,,5528,39,,,0,12,,5573,18,0,22 23,0,16,,5529,39,,,0,12,,5561,18,0,22 23,0,57,,5530,39,,,0,15,,5559,18,0,22 23,0,16,,5531,39,,,0,16,,5562,18,0,22 23,0,55,,5532,39,,,0,14,,5557,18,0,22 23,0,17,,5533,39,,,0,14,,5558,18,0,22 23,0,55,,5534,39,,,0,13,,5576,18,,,0,16,,5535,39,,,0,14,,5554,18,0,22 23,0,56,,5536,39,,,0,14,,5556,18,0,22 23,0,16,,5537,39,,,0,6,,5552,18,0,22 23,0,9,,5555,18,0,22 23,0,51,,5538,39,,,0,15,,5549,18,,,0,13,,5539,39,,,0,16,,5574,18,0,22 23,0,53,,5540,39,,,0,21,,5577,18,0,22 23,0,15,,5541,39,,,0,13,,5575,18,0,22 23,0,58,,5542,39,,,0,12,,5553,18,0,22 23,0,14,,5569,39,,,0,73,,5543,39,,,0,30,,5544,39,,,0,83,,5545,39,,,0,31,,5550,18,,,0,70,,5546,39,,,0,26,,5551,18,0,24 1 25,0,77,,5547,39,,,0,100,,5548,39,0,24 1 25,0,90,,5570,39,0,22 23,0
1100,'65031',716,,5594,18,,,0,100,,5595,39,,,0,31,,5596,18,,,0,66,,5579,39,,,0,32,,5580,39,,,0,72,,5587,18,,,0,28,,5581,39,,,0,62,,5588,18,,,0,30,,5582,39,,,0,69,,5589,18,,,0,28,,5583,39,,,0,74,,5590,18,,,0,32,,5584,39,,,0,67,,5591,18,,,0,33,,5585,39,,,0,67,,5592,18,,,0,36,,5586,39,,,0,64,,5593,18,,,0,36,,5597,39,,,0,67,,5598,39,,,0,44,,5599,18,0,22 23,0,61,,5600,39,,,0,97,,5601,39,,,0,100,,5602,39,,,0,100,,5603,39,,,0,101,,5604,39,,,0,108,,5605,39,0,24 1 25,0
1100,'65032',716,,5621,18,,,0,100,,5622,39,,,0,31,,5623,18,,,0,66,,5606,39,,,0,32,,5607,39,,,0,72,,5614,18,,,0,28,,5608,39,,,0,62,,5615,18,,,0,30,,5609,39,,,0,69,,5616,18,,,0,28,,5610,39,,,0,74,,5617,18,,,0,32,,5611,39,,,0,67,,5618,18,,,0,33,,5612,39,,,0,67,,5619,18,,,0,36,,5613,39,,,0,64,,5620,18,,,0,36,,5624,39,,,0,67,,5625,39,,,0,44,,5626,18,0,22 23,0,61,,5627,39,,,0,97,,5628,39,,,0,100,,5629,39,,,0,100,,5630,39,,,0,101,,5631,39,,,0,108,,5632,39,0,24 1 25,0
1100,'65037',756,,5633,18,0,22 23,0,50,,5634,18,0,22 23,0
1301,'65030',811,,5892,25,,,0
1401,'65030',557,,5972,32,,,0,70,,6020,32,,,0,26,,5973,32,,,0,66,,5974,32,,,0,19,,5975,32,,,0,16,,5976,32,,,0,52,,5977,32,,,0,27,,5978,32,,,0,20,,6019,32,,,0,57,,5979,32,,,0,19,,5987,32,,,0,19,,6018,32,,,0,60,,5980,32,,,0,20,,5988,32,,,0,20,,5994,32,,,0,60,,5981,32,,,0,21,,5989,32,,,0,20,,5995,32,,,0,55,,5982,32,,,0,25,,5990,32,,,0,15,,5996,32,,,0,64,,5983,32,,,0,21,,5991,32,,,0,20,,5997,32,,,0,60,,5984,32,,,0,21,,5992,32,,,0,19,,5998,32,,,0,60,,5985,32,,,0,24,,5993,32,,,0,21,,5999,32,,,0,63,,5986,32,,,0,22,,6000,32,,,0,64,,6001,32,,,0,12,,6002,32,,,0,15,,6003,32,,,0,18,,6004,32,,,0,64,,6005,32,,,0,21,,6006,32,,,0,24,,6007,32,,,0,64,,6008,32,,,0,33,,6009,32,,,0,71,,6010,32,,,0,26,,6011,32,,,0,69,,6012,32,,,0,30,,6013,32,,,0,69,,6014,32,,,0,33,,6015,32,,,0,98,,6016,32,,,0,57,,6017,32,,,0
1401,'65031',749,,6029,32,,,0,100,,6030,32,,,0,98,,6021,32,,,0,90,,6022,32,,,0,100,,6023,32,,,0,100,,6024,32,,,0,100,,6025,32,,,0,100,,6026,32,,,0,100,,6027,32,,,0,100,,6028,32,,,0,117,,6031,32,,,0,101,,6032,32,,,0,97,,6033,32,,,0,100,,6034,32,,,0,97,,6035,32,,,0,97,,6036,32,,,0,101,,6037,32,,,0,61,,6038,32,,,0
1401,'65032',749,,6047,32,,,0,100,,6048,32,,,0,98,,6039,32,,,0,90,,6040,32,,,0,100,,6041,32,,,0,100,,6042,32,,,0,100,,6043,32,,,0,100,,6044,32,,,0,100,,6045,32,,,0,100,,6046,32,,,0,117,,6049,32,,,0,101,,6050,32,,,0,97,,6051,32,,,0,100,,6052,32,,,0,97,,6053,32,,,0,97,,6054,32,,,0,101,,6055,32,,,0,61,,6056,32,,,0
2901,'65033',2421,,6961,14,,,0,30,,6960,14,,,0,70,,6959,14,,,0,30,,6958,14,,,0,70,,6957,14,,,0,30,,6956,14,,,0
90700,'65030',632,,7848,26,,,0
