101,'65030',1139,,4031,24,4,,0,101,,4032,24,4,,0,269,,4040,24,4,,0,299,,4046,24,4,,0,25,,4050,24,4,,0
200,'65030',1129,,4086,32,4,,0,203,,4090,32,4,,0,312,,4096,32,4,,0,103,,4098,32,4,,0,212,,4103,32,4,,0,471,,4108,32,4,,0
201,'65030',634,6,4146,1,,,0,71,,4176,1,,,0,15,6,4147,1,,,0,17,12,4148,1,,,0,86,12,4149,1,,,0,32,10,4150,1,,,0,71,,4151,1,,,0,31,18,4152,1,,,0,69,9,4153,1,,,0,28,16,4154,1,,,0,68,22,4155,1,,,0,31,,4156,1,,,0,71,76,4157,1,,,0,31,39,4158,1,,,0,69,72,4159,1,,,0,29,8,4160,1,,,0,68,17,4161,1,,,0,30,20,4162,1,,,0,64,58,4163,1,,,0,24,6,4164,1,,,0,65,,4165,1,,,0,38,8,4166,1,,,0,78,8,4167,1,,,0,30,21,4168,1,,,0,74,8,4169,1,,,0,32,15,4170,1,,,0,83,23,4171,1,,,0,101,9,4172,1,,,0,104,13,4173,1,,,0,91,11,4174,1,,,0,100,11,4175,1,,,0
201,'65031',735,9,4185,1,,,0,97,8,4186,1,,,0,72,45,4177,1,,,0,100,54,4178,1,,,0,52,5,4179,1,,,0,97,5,4180,1,,,0,105,5,4181,1,,,0,100,21,4182,1,,,0,101,,4183,1,,,0,141,82,4184,1,,,0,28,5,4187,1,,,0,103,12,4188,1,,,0,101,6,4189,1,,,0,101,7,4190,1,,,0,100,8,4191,1,,,0,100,16,4192,1,,,0,100,12,4193,1,,,0,100,4,4194,1,,,0
201,'65032',735,9,4203,1,,,0,97,8,4204,1,,,0,72,45,4195,1,,,0,100,54,4196,1,,,0,52,5,4197,1,,,0,97,5,4198,1,,,0,105,5,4199,1,,,0,100,21,4200,1,,,0,101,,4201,1,,,0,141,82,4202,1,,,0,28,5,4205,1,,,0,103,12,4206,1,,,0,101,6,4207,1,,,0,101,7,4208,1,,,0,100,8,4209,1,,,0,100,16,4210,1,,,0,100,12,4211,1,,,0,100,4,4212,1,,,0
400,'65030',1442,,4498,22,4,,0
401,'65030',1736,,4589,33,4,,0,476,,4581,33,4,,0
501,'65030',1000,,4734,20,4,,0,801,,4750,20,4,,0
501,'65031',1317,,4760,20,4,,0,539,,4770,20,4,,0,265,,4772,20,4,,0,200,,4767,20,4,,0
501,'65032',1317,,4777,20,4,,0,539,,4787,20,4,,0,265,,4789,20,4,,0,200,,4784,20,4,,0
700,'65030',1101,,4958,28,4,,0,205,,4960,28,4,,0
700,'65031',1353,,5005,28,4,,0,101,,5006,28,4,,0,100,,5007,28,4,,0
700,'65032',1353,,5033,28,4,,0,101,,5034,28,4,,0,100,,5035,28,4,,0
1200,'65030',823,,5761,37,4,,0
1200,'65031',1710,,5797,37,4,,0
1200,'65032',1710,,5815,37,4,,0
1400,'65030',843,,5897,38,4,,0,61,,5898,38,4,,0,1028,,5924,38,4,,0
1400,'65031',1815,,5946,38,4,,0
1400,'65032',1815,,5964,38,4,,0
1700,'65030',837,,6288,64,4,,0,503,,6298,61,4,,0
1900,'65030',1220,,6543,43,4,,0,31,,6542,43,4,,0,170,,6539,43,4,,0,437,,6550,43,4,,0
1901,'65030',551,,6556,1,0,10 17 1 18,0,84,,6557,1,,,0,77,10,6558,1,,,0,12,,6559,1,,,0,31,11,6560,1,,,0,71,12,6561,1,,,0,75,46,6562,1,,,0,30,15,6563,1,,,0,70,46,6564,1,,,0,30,6,6565,1,,,0,70,,6566,1,,,0,30,13,6567,1,,,0,72,45,6568,1,,,0,28,,6569,1,,,0,72,,6570,1,,,0,29,7,6571,1,,,0,69,46,6572,1,,,0,30,,6573,1,,,0,28,10,6574,1,,,0,71,9,6575,1,,,0,20,6,6576,1,,,0,63,8,6577,1,,,0,26,9,6578,1,,,0,72,8,6579,1,,,0,29,7,6580,1,,,0,71,9,6581,1,,,0,29,6,6582,1,,,0
60200,'65030',551,,7551,3,4,,0,84,,7554,3,4,,0,70,,7557,3,4,,0,19,,7559,3,4,,0,202,,7561,3,4,,0,175,,7562,3,4,,0,52,,7564,3,4,,0,78,,7565,3,4,,0,72,,7568,3,4,,0,128,,7571,3,4,,0,173,,7577,3,4,,0
60200,'65031',1459,,7581,3,4,,0
60200,'65032',1459,,7587,3,4,,0
60201,'65030',823,,7593,1,,,0,14,,7594,1,,,0,6,,7595,1,,,0,61,,7596,1,,,0,96,,7597,1,,,0,101,,7598,1,,,0,28,,7599,1,,,0,10,,7600,1,,,0,81,,7601,1,,,0,20,,7602,1,,,0,11,,7603,1,,,0,55,,7604,1,,,0,26,,7605,1,,,0,8,,7606,1,,,0,81,,7607,1,,,0,21,,7608,1,,,0,67,,7609,1,,,0,135,,7610,1,,,0,92,,7611,1,,,0,11,,7612,1,,,0,54,,7613,1,,,0,7,,7614,1,,,0,25,,7615,1,,,0,25,,7616,1,,,0,74,,7617,1,,,0,27,,7618,1,,,0,253,,7591,1,,,0,218,,7592,1,,,0
60201,'65031',1317,,7619,1,,,0,36,,7620,1,,,0,101,,7621,1,,,0,100,,7622,1,,,0,156,,7623,1,,,0,105,,7624,1,,,0,41,,7625,1,,,0,265,,7626,1,,,0,200,,7627,1,,,0
60201,'65032',1317,,7628,1,,,0,36,,7629,1,,,0,101,,7630,1,,,0,100,,7631,1,,,0,156,,7632,1,,,0,105,,7633,1,,,0,41,,7634,1,,,0,265,,7635,1,,,0,200,,7636,1,,,0
