401,'65030',646,,4559,20,,,0,62,,4560,20,,,0,16,,4561,20,,,0,24,,4562,20,,,0,71,,4563,20,,,0,30,,4600,20,,,0,70,,4601,20,0,5 6,0,35,,4569,20,,,0,70,,4570,20,,,0,78,,4571,20,,,0,25,,4572,20,,,0,27,,4573,20,,,0,75,,4574,20,0,5 6,0,25,,4575,20,,,0,74,,4576,20,0,5 6,0,24,,4577,20,,,0,72,,4578,20,0,5 6,0,30,,4579,20,,,0,70,,4580,20,0,5 6,0,76,,4591,20,0,5 6,0,30,,4592,20,,,0,72,,4590,20,0,5 6,0,24,,4589,20,0,5 6,0,15,,4588,20,,,0,60,,4587,20,,,0,26,,4599,20,,,0,91,,4586,20,,,0,25,,4585,20,,,0,71,,4584,20,,,0,28,,4583,20,,,0,76,,4582,20,,,0,85,,4581,20,0,5 6,0
401,'65031',813,,4623,20,,,0,126,,4615,20,,,0,99,,4616,20,,,0,100,,4617,20,,,0,100,,4618,20,,,0,100,,4619,20,,,0,100,,4620,20,,,0,101,,4621,20,,,0,100,,4622,20,,,0,97,,4637,20,,,0,21,,4628,20,,,0,60,,4629,20,,,0
401,'65032',813,,4653,20,,,0,126,,4645,20,,,0,99,,4646,20,,,0,100,,4647,20,,,0,100,,4648,20,,,0,100,,4649,20,,,0,100,,4650,20,,,0,101,,4651,20,,,0,100,,4652,20,,,0,97,,4667,20,,,0,21,,4658,20,,,0,60,,4659,20,,,0
401,'65035',742,,4668,20,,,0
5501,'65030',729,,7295,25,,,0,122,,7296,25,,,0,155,,7297,25,,,0,115,,7298,25,,,0,115,,7299,25,,,0,115,,7300,25,,,0,155,,7301,25,,,0,115,,7302,25,,,0,118,,7303,25,,,0,112,,7304,25,0,5 6,0
5501,'65031',826,,7312,25,,,0,110,,7311,25,,,0,110,,7310,25,,,0,110,,7309,25,,,0,150,,7308,25,,,0,110,,7307,25,,,0,109,,7305,25,,,0,112,,7306,25,0,5 6,0
5501,'65032',826,,7320,25,,,0,110,,7319,25,,,0,110,,7318,25,,,0,110,,7317,25,,,0,150,,7316,25,,,0,110,,7315,25,,,0,109,,7313,25,,,0,112,,7314,25,0,5 6,0
90401,'65030',606,,7832,19,,,0,1703,,7833,19,,,0
90401,'65031',614,,7834,19,,,0,100,,7835,19,,,0,1197,,7836,19,,,0,100,,7837,19,,,0,100,,7838,19,,,0,100,,7839,19,,,0,100,,7840,19,,,0
90401,'65032',614,,7841,19,,,0,100,,7842,19,,,0,1197,,7843,19,,,0,100,,7844,19,,,0,100,,7845,19,,,0,100,,7846,19,,,0,100,,7847,19,,,0
