700,'65040',618,,8806,19,,,0,18,,8841,19,0,5 6 2 69,0,17,,8807,19,,,0,62,,8808,27,,,0,15,,8842,19,0,5 6 2 69,0,20,,8809,27,,,0,50,,8843,19,0,5 6 2 69,0,18,,8810,19,,,0,16,,8844,19,0,5 6 2 69,0,19,,8811,27,,,0,63,,8812,19,,,0,25,,8813,19,,,0,17,,8845,19,0,5 6 2 69,0,64,,8814,19,,,0,18,,8815,19,,,0,60,,8846,27,0,5 6 2 69,0,20,,8816,27,,,0,20,,8817,27,,,0,13,,8847,19,0,5 6 2 69,0,63,,8818,19,,,0,23,,8819,27,,,0,15,,8848,19,0,5 6 2 69,0,61,,8820,19,,,0,23,,8821,27,,,0,16,,8822,19,,,0,61,,8823,19,,,0,26,,8824,27,,,0,17,,8825,19,,,0,60,,8826,19,,,0,27,,8827,19,,,0,59,,8828,19,,,0,28,,8829,19,,,0,20,,8849,27,0,5 6 2 69,0,57,,8830,27,,,0,26,,8831,19,,,0,73,,8832,27,,,0,28,,8833,19,,,0,68,,8834,19,,,0,31,,8835,19,,,0,75,,8836,19,,,0,25,,8837,19,,,0,71,,8838,19,,,0,41,,8839,27,,,0,69,,8840,19,,,0,104,,8850,27,,,0
700,'65041',612,,8865,19,0,5 6 2 69,0,103,,8866,19,,,0,96,,8877,27,,,0,24,,8876,19,0,5 6 2 69,0,71,,8878,19,,,0,30,,8875,19,0,5 6 2 69,0,69,,8851,19,,,0,30,,8858,19,0,5 6 2 69,0,70,,8852,19,,,0,30,,8859,19,0,5 6 2 69,0,70,,8853,19,,,0,30,,8860,19,0,5 6 2 69,0,70,,8854,19,,,0,30,,8861,19,0,5 6 2 69,0,70,,8855,19,,,0,30,,8862,19,0,5 6 2 69,0,70,,8856,19,,,0,30,,8863,19,0,5 6 2 69,0,70,,8857,19,0,5 6 2 69,0,30,,8864,19,0,5 6 2 69,0,70,,8867,19,0,5 6 2 69,0,30,,8868,19,0,5 6 2 69,0,82,,8872,27,,,0,96,,8874,19,,,0,101,,8873,27,,,0,100,,8869,27,,,0,100,,8870,27,,,0,99,,8871,27,,,0
700,'65042',612,,8893,19,0,5 6 2 69,0,103,,8894,19,,,0,96,,8905,27,,,0,24,,8904,19,0,5 6 2 69,0,71,,8906,19,,,0,30,,8903,19,0,5 6 2 69,0,69,,8879,19,,,0,30,,8886,19,0,5 6 2 69,0,70,,8880,19,,,0,30,,8887,19,0,5 6 2 69,0,70,,8881,19,,,0,30,,8888,19,0,5 6 2 69,0,70,,8882,19,,,0,30,,8889,19,0,5 6 2 69,0,70,,8883,19,,,0,30,,8890,19,0,5 6 2 69,0,70,,8884,19,,,0,30,,8891,19,0,5 6 2 69,0,70,,8885,19,0,5 6 2 69,0,30,,8892,19,0,5 6 2 69,0,70,,8895,19,0,5 6 2 69,0,30,,8896,19,0,5 6 2 69,0,82,,8900,27,,,0,96,,8902,19,,,0,101,,8901,27,,,0,100,,8897,27,,,0,100,,8898,27,,,0,99,,8899,27,,,0
800,'65040',624,,9013,17,,,1,27,,9014,17,,,1,55,,9065,17,,,1,16,,9015,17,,,1,15,,9016,17,,,1,16,,9017,17,,,1,54,,9018,17,,,1,15,,9019,17,,,1,10,,9020,17,,,1,17,,9021,17,,,1,60,,9022,17,,,1,22,,9023,17,,,1,20,,9024,17,,,1,58,,9025,17,,,1,20,,9026,17,,,1,21,,9027,17,,,1,60,,9028,17,,,1,19,,9029,17,,,1,20,,9030,17,,,1,60,,9031,17,,,1,19,,9032,17,,,1,20,,9033,17,,,1,61,,9034,17,,,1,20,,9035,17,,,1,19,,9036,17,,,1,62,,9037,17,,,1,11,,9038,17,,,1,13,,9039,17,,,1,22,,9040,17,,,1,54,,9041,17,,,1,11,,9042,17,,,1,15,,9043,17,,,1,15,,9044,17,,,1,50,,9045,17,,,1,15,,9046,17,,,1,10,,9047,17,,,1,9,,9048,17,,,1,16,,9049,17,,,1,53,,9050,17,,,1,17,,9051,17,,,1,14,,9052,17,,,1,20,,9053,17,,,1,61,,9054,17,,,1,20,,9055,17,,,1,18,,9056,17,,,1,70,,9057,17,,,1,30,,9058,17,,,1,71,,9059,17,,,1,31,,9060,17,,,1,80,,9061,17,,,1,21,,9062,17,,,1,67,,9063,17,,,1,100,,9064,17,,,1
800,'65041',622,,9082,17,,,1,99,,9083,17,,,1,29,,9084,17,,,1,68,,9085,17,,,1,24,,9086,17,,,1,69,,9066,17,,,1,31,,9067,17,,,1,70,,9068,17,,,1,30,,9069,17,,,1,70,,9070,17,,,1,30,,9071,17,,,1,69,,9072,17,,,1,29,,9073,17,,,1,71,,9074,17,,,1,30,,9075,17,,,1,70,,9076,17,,,1,30,,9077,17,,,1,70,,9078,17,,,1,30,,9079,17,,,1,70,,9080,17,,,1,30,,9081,17,,,1,70,,9087,17,,,1,32,,9088,17,,,1,70,,9094,17,,,1,33,,9089,17,,,1,77,,9095,17,,,1,100,,9090,17,,,1,100,,9091,17,,,1,101,,9092,17,,,1,100,,9093,17,,,1
800,'65042',622,,9112,17,,,1,99,,9113,17,,,1,29,,9114,17,,,1,68,,9115,17,,,1,24,,9116,17,,,1,69,,9096,17,,,1,31,,9097,17,,,1,70,,9098,17,,,1,30,,9099,17,,,1,70,,9100,17,,,1,30,,9101,17,,,1,69,,9102,17,,,1,29,,9103,17,,,1,71,,9104,17,,,1,30,,9105,17,,,1,70,,9106,17,,,1,30,,9107,17,,,1,70,,9108,17,,,1,30,,9109,17,,,1,70,,9110,17,,,1,30,,9111,17,,,1,70,,9117,17,,,1,32,,9118,17,,,1,70,,9124,17,,,1,33,,9119,17,,,1,77,,9125,17,,,1,100,,9120,17,,,1,100,,9121,17,,,1,101,,9122,17,,,1,100,,9123,17,,,1
900,'65040',720,,9236,15,,,0,110,,9237,15,,,0,102,,9238,15,,,0,100,,9239,15,,,0,100,,9240,15,,,0,71,,9241,15,,,0,101,,9242,15,,,0,100,,9243,15,,,0,30,,9244,15,,,0,68,,9245,15,,,0,130,,9246,15,,,0,100,,9247,15,,,0,100,,9248,15,,,0,85,,9249,15,,,0
900,'65041',1032,,9260,15,,,0,100,,9261,15,,,0,100,,9262,15,,,0,100,,9263,15,,,0,99,,9264,15,,,0,100,,9265,15,,,0,101,,9266,15,,,0
900,'65042',1032,,9275,15,,,0,100,,9276,15,,,0,100,,9277,15,,,0,100,,9278,15,,,0,99,,9279,15,,,0,100,,9280,15,,,0,101,,9281,15,,,0
5500,'65040',744,,10946,59,,,2,163,,10952,59,,,2,111,,10948,59,,,2,115,,10955,59,,,2,119,,10949,59,,,2,154,,10953,59,,,2,120,,10950,59,,,2,116,,10954,59,,,2,159,,10947,59,,,2,110,,10951,59,0,5 6 2 66,2
5500,'65041',844,,10961,59,,,2,111,,10963,59,,,2,151,,10962,59,,,2,110,,10960,59,,,2,113,,10959,59,,,2,110,,10958,59,,,2,112,,10957,59,,,2,106,,10956,59,0,5 6 2 66,2
5500,'65042',844,,10969,59,,,2,111,,10971,59,,,2,151,,10970,59,,,2,110,,10968,59,,,2,113,,10967,59,,,2,110,,10966,59,,,2,112,,10965,59,,,2,106,,10964,59,0,5 6 2 66,2
