100,'65030',637,,3969,4,,,0,85,,3970,4,,,0,19,,3971,4,,,0,70,,3972,4,,,0,29,,3973,4,,,0,78,,3974,30,,,0,30,,3981,4,,,0,69,,3975,30,,,0,31,,3982,4,,,0,69,,3976,30,,,0,28,,3983,4,,,0,73,,3977,30,,,0,29,,3984,4,,,0,70,,3978,30,,,0,30,,3985,4,,,0,70,,3979,30,,,0,30,,3986,4,,,0,69,,3980,4,,,0,23,,3987,4,,,0,63,,3988,4,,,0,29,,3989,4,,,0,23,,3991,30,,,0,68,,3992,30,,,0,25,,3993,30,,,0,65,,3994,30,,,0,37,,3990,4,,,0,97,,3995,30,,,0,100,,3996,30,,,0,96,,3997,30,,,0
100,'65031',919,,4000,4,,,0,99,,4001,4,,,0,100,,4002,4,,,0,100,,4003,4,,,0,100,,4004,4,,,0,100,,4005,4,,,0,100,,4006,4,,,0,100,,4007,4,,,0,98,,4008,4,,,0,42,,4010,4,,,0
100,'65032',919,,4011,4,,,0,99,,4012,4,,,0,100,,4013,4,,,0,100,,4014,4,,,0,100,,4015,4,,,0,100,,4016,4,,,0,100,,4017,4,,,0,100,,4018,4,,,0,98,,4019,4,,,0,42,,4021,4,,,0
400,'65030',647,,4459,25,,,0,56,,4454,25,,,0,21,,4455,4,,,0,30,,4456,4,,,0,71,,4457,25,,,0,32,,4462,28,,,0,75,,4463,4,,,0,70,,4464,4,,,0,38,,4465,4,,,0,65,,4466,4,,,0,27,,4467,4,,,0,75,,4468,4,,,0,25,,4469,4,,,0,74,,4470,4,,,0,24,,4471,4,,,0,72,,4472,25,,,0,30,,4473,25,,,0,69,,4474,25,,,0,34,,4461,25,,,0,70,,4475,25,,,0,32,,4476,28,,,0,65,,4477,25,,,0,15,,4478,25,,,0,21,,4479,25,,,0,68,,4495,25,,,0,51,,4484,25,,,0,65,,4483,25,,,0,31,,4482,25,,,0,68,,4481,25,,,0,36,,4480,25,,,0,85,,4488,25,,,0
400,'65031',918,,4511,25,,,0,99,,4512,25,,,0,100,,4513,25,,,0,100,,4514,25,,,0,100,,4515,25,,,0,100,,4516,25,,,0,101,,4517,25,,,0,100,,4518,25,,,0,97,,4529,25,,,0,21,,4521,25,,,0,20,,4522,25,,,0,75,,4523,25,,,0
400,'65032',918,,4539,25,,,0,99,,4540,25,,,0,100,,4541,25,,,0,100,,4542,25,,,0,100,,4543,25,,,0,100,,4544,25,,,0,101,,4545,25,,,0,100,,4546,25,,,0,97,,4557,25,,,0,21,,4549,25,,,0,20,,4550,25,,,0,75,,4551,25,,,0
900,'65030',642,,5391,4,,,0,60,,5392,4,,,0,20,,5387,29,,,0,15,,5388,29,,,0,65,,5393,4,,,0,25,,5389,29,,,0,27,,5390,29,,,0,63,,5395,29,,,0,20,,5394,29,,,0,80,,5396,29,,,0,20,,5402,29,,,0,80,,5397,29,,,0,20,,5403,29,,,0,80,,5398,29,,,0,20,,5404,29,,,0,80,,5399,29,,,0,20,,5405,29,,,0,80,,5400,29,,,0,20,,5406,29,,,0,65,,5420,29,,,0,24,,5401,29,,,0,21,,5407,29,,,0,65,,5408,29,,,0,30,,5409,29,,,0,60,,5410,29,,,0,25,,5411,29,,,0,25,,5412,29,,,0,75,,5415,29,,,0,25,,5413,29,,,0,77,,5414,29,,,0,100,,5416,4,,,0,74,,5417,4,,,0,43,,5418,4,,,0,102,,5419,4,0,7 58,0
900,'65031',841,,5429,4,,,0,106,,5421,4,,,0,99,,5422,29,,,0,98,,5423,29,,,0,101,,5424,29,,,0,99,,5425,29,,,0,98,,5426,29,,,0,105,,5427,29,,,0,97,,5428,29,,,0,113,,5430,4,,,0,95,,5431,4,,,0,90,,5432,4,,,0,100,,5433,4,,,0,100,,5434,4,,,0,95,,5435,4,,,0
900,'65032',841,,5444,4,,,0,106,,5436,4,,,0,99,,5437,29,,,0,98,,5438,29,,,0,101,,5439,29,,,0,99,,5440,29,,,0,98,,5441,29,,,0,105,,5442,29,,,0,97,,5443,29,,,0,113,,5445,4,,,0,95,,5446,4,,,0,90,,5447,4,,,0,100,,5448,4,,,0,100,,5449,4,,,0,95,,5450,4,,,0
5500,'65030',814,,7269,81,,,0,115,,7270,81,,,0,110,,7271,81,,,0,115,,7278,81,,,0,161,,7272,81,,,0,112,,7273,81,,,0,118,,7274,81,,,0,160,,7275,81,,,0,112,,7276,81,,,0
5500,'65031',901,,7284,81,,,0,111,,7286,81,,,0,111,,7285,81,,,0,110,,7283,81,,,0,113,,7282,81,,,0,110,,7281,81,,,0,153,,7280,81,,,0
5500,'65032',901,,7292,81,,,0,111,,7294,81,,,0,111,,7293,81,,,0,110,,7291,81,,,0,113,,7290,81,,,0,110,,7289,81,,,0,153,,7288,81,,,0
5700,'65030',939,,7321,56,,,0,105,,7322,56,,,0,160,,7323,56,,,0,105,,7324,56,,,0,120,,7325,56,,,0,105,,7326,56,,,0,120,,7327,56,,,0
5700,'65031',1145,,7333,56,,,0,113,,7332,56,,,0,142,,7331,56,,,0,112,,7330,56,,,0,102,,7329,56,,,0
5700,'65032',1145,,7339,56,,,0,113,,7338,56,,,0,142,,7337,56,,,0,112,,7336,56,,,0,102,,7335,56,,,0
44900,'65030',647,,7405,7,4,,0,91,,7406,7,4,,0,81,,7407,7,4,,0,28,,7408,7,4,,0
44901,'65030',647,,7409,1,0,39 40 41,0,91,,7410,1,0,39 40 41,0,81,,7411,1,0,39 40 41,0,28,,7412,1,0,39 40 41,0,663,,7413,1,,,0,100,9,7414,1,,,0,27,6,7415,1,,,0,78,,7416,1,,,0
90400,'65030',2212,,7814,4,0,7 58,0,28,,7815,4,0,7 58,0,100,,7816,4,0,7 58,0,106,,7817,4,,,0
90400,'65031',734,,7818,4,0,7 58,0,1202,,7819,4,0,7 58,0,100,,7820,4,0,7 58,0,100,,7821,4,0,7 58,0,100,,7822,4,0,7 58,0,98,,7823,4,0,7 58,0,112,,7824,4,,,0
90400,'65032',734,,7825,4,0,7 58,0,1202,,7826,4,0,7 58,0,100,,7827,4,0,7 58,0,100,,7828,4,0,7 58,0,100,,7829,4,0,7 58,0,98,,7830,4,0,7 58,0,112,,7831,4,,,0
