701,'65020',631,,1080,12,0,8 1 9,0,81,,1081,12,0,8 1 9,0,16,,1083,25,0,8 1 9,0,26,,1084,25,0,8 1 9,0,67,,1082,12,0,8 1 9,0,16,,1085,25,0,8 1 9,0,13,,1086,25,,,0,57,,1087,25,0,8 1 9,0,17,,1088,25,0,8 1 9,0,20,,1089,25,0,8 1 9,0,58,,1102,12,0,8 1 9,0,18,,1090,25,,,0,23,,1096,25,0,8 1 9,0,58,,1103,12,0,8 1 9,0,22,,1091,25,0,8 1 9,0,20,,1097,25,0,8 1 9,0,57,,1104,12,0,8 1 9,0,19,,1092,25,,,0,24,,1098,25,0,8 1 9,0,59,,1105,12,0,8 1 9,0,18,,1093,25,,,0,23,,1099,30,0,8 1 9,0,58,,1106,12,0,8 1 9,0,16,,1094,25,,,0,25,,1100,25,0,8 1 9,0,58,,1107,12,0,8 1 9,0,24,,1095,30,0,8 1 9,0,18,,1101,25,0,8 1 9,0,13,,1108,12,0,8 1 9,0,47,,1109,12,0,8 1 9,0,7,,1110,25,,,0,16,,1128,12,0,8 1 9,0,17,,1111,25,,,0,15,,1112,30,0,8 1 9,0,55,,1113,25,,,0,14,,1129,12,0,8 1 9,0,14,,1114,25,,,0,61,,1115,25,,,0,18,,1116,30,0,8 1 9,0,23,,1117,25,0,8 1 9,0,17,,1118,25,0,8 1 9,0,61,,1119,25,0,8 1 9,0,23,,1120,25,0,8 1 9,0,67,,1121,25,,,0,33,,1122,25,0,8 1 9,0,63,,1123,25,,,0,34,,1124,25,0,8 1 9,0,68,,1125,25,0,8 1 9,0,35,,1130,25,,,0,100,,1131,25,0,8 1 9,0,114,,1126,12,0,8 1 9,0
701,'65021',738,,1149,12,,,0,100,,1150,12,,,0,78,,1148,25,0,8 1 9,0,40,,1140,12,0,8 1 9,0,61,,1132,25,0,8 1 9,0,29,,1141,12,0,8 1 9,0,66,,1133,25,0,8 1 9,0,32,,1142,12,0,8 1 9,0,71,,1134,25,0,8 1 9,0,31,,1143,12,0,8 1 9,0,69,,1135,25,0,8 1 9,0,30,,1144,12,0,8 1 9,0,70,,1136,25,0,8 1 9,0,30,,1145,12,0,8 1 9,0,70,,1137,25,0,8 1 9,0,30,,1146,12,0,8 1 9,0,75,,1138,25,0,8 1 9,0,30,,1147,12,0,8 1 9,0,72,,1139,12,0,8 1 9,0,16,,1151,12,,,0,21,,1152,12,0,8 1 9,0,71,,1153,12,,,0,29,,1161,12,,,0,80,,1154,25,,,0,100,,1155,25,,,0,100,,1156,25,,,0,100,,1157,25,,,0,99,,1158,25,0,8 1 9,0,119,,1159,12,0,8 1 9,0
701,'65022',738,,1179,12,,,0,100,,1180,12,,,0,78,,1178,25,0,8 1 9,0,40,,1170,12,0,8 1 9,0,61,,1162,25,0,8 1 9,0,29,,1171,12,0,8 1 9,0,66,,1163,25,0,8 1 9,0,32,,1172,12,0,8 1 9,0,71,,1164,25,0,8 1 9,0,31,,1173,12,0,8 1 9,0,69,,1165,25,0,8 1 9,0,30,,1174,12,0,8 1 9,0,70,,1166,25,0,8 1 9,0,30,,1175,12,0,8 1 9,0,70,,1167,25,0,8 1 9,0,30,,1176,12,0,8 1 9,0,75,,1168,25,0,8 1 9,0,30,,1177,12,0,8 1 9,0,72,,1169,12,0,8 1 9,0,16,,1181,12,,,0,21,,1182,12,0,8 1 9,0,71,,1183,12,,,0,29,,1191,12,,,0,80,,1184,25,,,0,100,,1185,25,,,0,100,,1186,25,,,0,100,,1187,25,,,0,99,,1188,25,0,8 1 9,0,119,,1189,12,0,8 1 9,0
901,'65020',701,,1484,44,,,0,28,,1485,44,,,0,23,,1486,44,,,0,49,,1491,14,,,0,16,,1487,44,,,0,17,,1488,44,,,0,19,,1489,44,,,0,64,,1490,44,,,0,26,,1506,44,,,0,62,,1505,44,,,0,20,,1504,44,,,0,81,,1503,44,,,0,21,,1502,44,,,0,80,,1501,44,,,0,21,,1500,44,,,0,81,,1499,44,,,0,20,,1498,44,,,0,80,,1497,44,,,0,20,,1496,44,,,0,80,,1495,44,,,0,20,,1494,44,,,0,26,,1518,44,,,0,66,,1493,44,,,0,24,,1492,44,,,0,91,,1514,44,,,0,83,,1517,44,,,0,22,,1516,44,,,0,72,,1515,44,,,0
901,'65021',1032,,1519,44,,,0,99,,1520,44,,,0,99,,1526,44,,,0,101,,1525,44,,,0,100,,1524,44,,,0,99,,1523,44,,,0,105,,1522,44,,,0,97,,1521,44,,,0
901,'65022',1032,,1535,44,,,0,99,,1536,44,,,0,99,,1542,44,,,0,101,,1541,44,,,0,100,,1540,44,,,0,99,,1539,44,,,0,105,,1538,44,,,0,97,,1537,44,,,0
1301,'65020',806,,1924,20,,,0
1901,'65020',558,,2588,13,0,10 11 1 12,0,85,,2589,13,,,0,78,,2590,13,,,0,12,,2591,13,,,0,72,,2592,13,,,0,31,,2593,13,,,0,74,,2594,13,,,0,30,,2595,13,,,0,70,,2596,13,,,0,30,,2597,13,,,0,70,,2598,13,,,0,30,,2599,13,,,0,72,,2600,13,,,0,28,,2601,13,,,0,72,,2602,13,,,0,29,,2603,13,,,0,69,,2604,13,,,0,30,,2605,13,,,0,70,,2606,13,,,0,31,,2607,13,,,0,60,,2608,13,,,0,26,,2609,13,,,0,26,,2610,13,,,0,70,,2611,13,,,0,28,,2612,13,,,0,69,,2613,13,,,0,29,,2614,13,,,0
2901,'65023',2419,,2998,9,,,2,30,,2997,9,,,2,70,,2996,9,,,2,30,,2995,9,,,2,70,,2994,9,,,2,30,,2993,9,,,2
2901,'65024',2419,,3004,9,,,2,30,,3001,9,,,2,70,,3000,9,,,2,30,,3002,9,,,2,70,,3003,9,,,2,30,,2999,9,,,2
