200,'65030',621,,4076,18,,,0,29,,4077,18,,,0,65,,4078,18,,,0,31,,4079,18,,,0,75,,4080,18,,,0,26,,4109,18,,,0,55,,4081,18,,,0,26,,4082,18,,,0,26,,4083,18,,,0,65,,4084,18,,,0,28,,4085,18,,,0,70,,4086,18,,,0,32,,4087,18,,,0,71,,4088,18,,,0,30,,4089,18,,,0,70,,4090,18,,,0,29,,4091,18,,,0,70,,4092,18,,,0,30,,4093,18,,,0,70,,4094,18,,,0,36,,4095,18,,,0,71,,4096,18,,,0,78,,4097,18,,,0,29,,4098,18,,,0,26,,4099,18,,,0,70,,4100,18,,,0,28,,4101,18,,,0,60,,4102,18,,,0,31,,4103,18,,,0,67,,4104,18,,,0,100,,4105,18,,,0,105,,4106,18,,,0,98,,4107,18,,,0,103,,4108,18,,,0
200,'65031',716,,4119,18,,,0,100,,4120,18,,,0,95,,4110,18,,,0,40,,4111,18,,,0,100,,4112,18,,,0,100,,4113,18,,,0,100,,4114,18,,,0,100,,4115,18,,,0,100,,4116,18,,,0,105,,4117,18,,,0,102,,4118,18,,,0,142,,4121,18,,,0,28,,4122,18,,,0,92,,4123,18,,,0,100,,4125,18,,,0,100,,4126,18,,,0,100,,4124,18,,,0,100,,4127,18,,,0
200,'65032',716,,4137,18,,,0,100,,4138,18,,,0,95,,4128,18,,,0,40,,4129,18,,,0,100,,4130,18,,,0,100,,4131,18,,,0,100,,4132,18,,,0,100,,4133,18,,,0,100,,4134,18,,,0,105,,4135,18,,,0,102,,4136,18,,,0,142,,4139,18,,,0,28,,4140,18,,,0,92,,4141,18,,,0,100,,4143,18,,,0,100,,4144,18,,,0,100,,4142,18,,,0,100,,4145,18,,,0
1400,'65030',648,,5893,31,,,0,59,,5894,31,,,0,27,,5895,31,,,0,70,,5896,31,,,0,30,,5897,31,,,0,22,,5898,31,,,0,72,,5899,31,,,0,28,,5910,31,,,0,72,,5900,31,,,0,28,,5911,31,,,0,73,,5901,31,,,0,22,,5906,31,,,0,58,,5912,31,,,0,20,,5902,31,,,0,21,,5907,31,,,0,61,,5913,31,,,0,19,,5903,31,,,0,16,,5908,31,,,0,62,,5914,31,,,0,22,,5904,31,,,0,17,,5909,31,,,0,58,,5915,31,,,0,27,,5905,31,,,0,20,,5916,31,,,0,56,,5917,31,,,0,25,,5918,31,,,0,21,,5919,31,,,0,76,,5920,31,,,0,22,,5921,31,,,0,76,,5922,31,,,0,25,,5923,31,,,0,70,,5924,31,,,0,30,,5925,31,,,0,64,,5926,31,,,0,29,,5927,31,,,0,77,,5928,31,,,0,21,,5929,31,,,0,74,,5930,31,,,0,18,,5931,31,,,0,84,,5932,31,,,0,22,,5933,31,,,0,92,,5934,31,,,0
1400,'65031',719,,5944,31,,,0,98,,5945,31,,,0,87,,5935,31,,,0,103,,5936,31,,,0,99,,5937,31,,,0,100,,5938,31,,,0,100,,5939,31,,,0,101,,5940,31,,,0,100,,5941,31,,,0,100,,5942,31,,,0,105,,5943,31,,,0,96,,5946,31,,,0,111,,5947,31,,,0,99,,5948,31,,,0,100,,5949,31,,,0,100,,5950,31,,,0,100,,5951,31,,,0,116,,5952,31,,,0
1400,'65032',719,,5962,31,,,0,98,,5963,31,,,0,87,,5953,31,,,0,103,,5954,31,,,0,99,,5955,31,,,0,100,,5956,31,,,0,100,,5957,31,,,0,101,,5958,31,,,0,100,,5959,31,,,0,100,,5960,31,,,0,105,,5961,31,,,0,96,,5964,31,,,0,111,,5965,31,,,0,99,,5966,31,,,0,100,,5967,31,,,0,100,,5968,31,,,0,100,,5969,31,,,0,116,,5970,31,,,0
1400,'65036',759,,5971,31,,,0
1900,'65030',712,,6530,36,,,0,41,,6531,36,,,0,55,,6532,36,,,0,30,,6533,36,,,0,70,,6534,36,,,0,31,,6548,36,,,0,70,,6547,36,,,0,31,,6546,36,,,0,70,,6545,36,,,0,30,,6544,36,,,0,71,,6543,36,,,0,32,,6542,36,,,0,68,,6541,36,,,0,32,,6540,36,,,0,69,,6539,36,,,0,28,,6538,36,,,0,72,,6537,36,,,0,31,,6536,36,,,0,75,,6535,36,,,0,22,,6555,36,,,0,63,,6554,36,,,0,23,,6553,36,,,0,28,,6552,36,,,0,67,,6551,36,,,0,28,,6550,36,,,0
5500,'65030',753,,7269,62,,,0,160,,7270,62,,,0,110,,7271,62,,,0,115,,7278,62,,,0,121,,7272,62,,,0,152,,7273,62,,,0,117,,7274,62,,,0,119,,7275,62,,,0,154,,7276,62,,,0,109,,7277,62,0,5 6,0
5500,'65031',847,,7284,62,,,0,111,,7286,62,,,0,151,,7285,62,,,0,110,,7283,62,,,0,113,,7282,62,,,0,110,,7281,62,,,0,112,,7280,62,,,0,146,,7279,62,0,5 6,0
5500,'65032',847,,7292,62,,,0,111,,7294,62,,,0,151,,7293,62,,,0,110,,7291,62,,,0,113,,7290,62,,,0,110,,7289,62,,,0,112,,7288,62,,,0,146,,7287,62,0,5 6,0
91900,'65030',615,,7879,45,,,0
