300,'65030',603,,4213,3,,,0,15,,4269,3,,,0,14,,4214,3,,,0,14,,4215,3,,,0,13,,4216,3,,,0,50,,4217,3,,,0,8,,4218,3,,,0,5,,4219,3,,,0,7,,4220,3,,,0,8,,4221,3,,,0,10,,4222,3,,,0,58,,4223,3,,,0,17,,4224,3,,,0,17,,4270,3,,,0,15,,4225,3,,,0,60,,4226,3,,,0,20,,4227,3,,,0,20,,4228,3,,,0,60,,4229,3,,,0,20,,4230,3,,,0,19,,4231,3,,,0,59,,4232,3,,,0,20,,4233,3,,,0,20,,4234,3,,,0,59,,4235,3,,,0,20,,4236,3,,,0,20,,4237,3,,,0,60,,4238,3,,,0,20,,4239,3,,,0,20,,4240,3,,,0,60,,4241,3,,,0,15,,4242,3,,,0,14,,4243,3,,,0,14,,4245,3,,,0,55,,4251,3,,,0,9,,4246,3,,,0,10,,4247,3,,,0,9,,4248,3,,,0,10,,4249,3,,,0,10,,4250,3,,,0,58,,4252,3,,,0,14,,4253,3,,,0,15,,4254,3,,,0,15,,4255,3,,,0,65,,4256,3,,,0,24,,4257,3,,,0,60,,4258,3,,,0,21,,4259,3,,,0,25,,4260,3,,,0,71,,4261,3,,,0,30,,4262,3,,,0,71,,4267,3,,,0,25,,4263,3,,,0,60,,4264,3,,,0,21,,4265,3,,,0,78,,4266,3,,,0,32,,4244,3,,,0
300,'65031',703,,4287,3,,,0,24,,4288,3,,,0,73,,4289,3,,,0,23,,4300,3,,,0,23,,4271,3,,,0,68,,4272,3,,,0,30,,4273,3,,,0,68,,4274,3,,,0,30,,4275,3,,,0,69,,4276,3,,,0,30,,4277,3,,,0,70,,4278,3,,,0,30,,4279,3,,,0,70,,4280,3,,,0,29,,4281,3,,,0,69,,4282,3,,,0,30,,4283,3,,,0,70,,4284,3,,,0,31,,4285,3,,,0,70,,4286,3,,,0,28,,4290,3,,,0,62,,4291,3,,,0,18,,4292,3,,,0,30,,4293,3,,,0,75,,4294,3,,,0,35,,4295,3,,,0,72,,4301,3,,,0,71,,4296,3,,,0,100,,4297,3,,,0,101,,4298,3,,,0,102,,4299,3,,,0
300,'65032',703,,4318,3,,,0,24,,4319,3,,,0,73,,4320,3,,,0,23,,4331,3,,,0,23,,4302,3,,,0,68,,4303,3,,,0,30,,4304,3,,,0,68,,4305,3,,,0,30,,4306,3,,,0,69,,4307,3,,,0,30,,4308,3,,,0,70,,4309,3,,,0,30,,4310,3,,,0,70,,4311,3,,,0,29,,4312,3,,,0,69,,4313,3,,,0,30,,4314,3,,,0,70,,4315,3,,,0,31,,4316,3,,,0,70,,4317,3,,,0,28,,4321,3,,,0,62,,4322,3,,,0,18,,4323,3,,,0,30,,4324,3,,,0,75,,4325,3,,,0,35,,4326,3,,,0,72,,4332,3,,,0,71,,4327,3,,,0,100,,4328,3,,,0,101,,4329,3,,,0,102,,4330,3,,,0
5001,'65030',655,,7074,3,,,0,67,,7097,3,0,31 32,0,29,,7075,3,,,0,71,,7098,3,0,31 32,0,31,,7076,3,,,0,75,,7077,3,,,0,76,,7078,3,,,0,99,,7079,3,,,0,100,,7080,3,,,0,100,,7081,3,,,0,100,,7082,3,,,0,100,,7096,3,0,31 32,0,35,,7083,3,,,0,81,,7095,3,0,31 32,0,30,,7084,3,,,0,69,,7094,3,0,31 32,0,31,,7085,3,,,0,69,,7093,3,0,31 32,0,29,,7086,3,,,0,60,,7087,3,,,0,47,,7088,3,,,0,85,,7089,3,,,0,85,,7090,3,,,0,85,,7091,3,,,0,47,,7092,3,,,0
5001,'65031',852,,7112,3,,,0,104,,7113,3,,,0,100,,7114,3,,,0,100,,7111,3,,,0,100,,7110,3,,,0,99,,7109,3,,,0,95,,7108,3,,,0,97,,7107,3,,,0,94,,7106,3,,,0,93,,7104,3,,,0,92,,7105,3,,,0,88,,7102,3,,,0,93,,7103,3,,,0,100,,7101,3,,,0,94,,7100,3,,,0,101,,7099,3,,,0
5001,'65032',852,,7128,3,,,0,104,,7129,3,,,0,100,,7130,3,,,0,100,,7127,3,,,0,100,,7126,3,,,0,99,,7125,3,,,0,95,,7124,3,,,0,97,,7123,3,,,0,94,,7122,3,,,0,93,,7120,3,,,0,92,,7121,3,,,0,88,,7118,3,,,0,93,,7119,3,,,0,100,,7117,3,,,0,94,,7116,3,,,0,101,,7115,3,,,0
5001,'65035',1647,,7131,3,0,33 3 34,0
91301,'65030',2508,,7860,35,,,0
91301,'65031',2508,,7861,35,,,0
91301,'65032',2508,,7862,35,,,0
