1201,'65030',637,,5829,25,,,0,68,,5830,25,,,0,30,,5825,25,,,0,68,,5826,25,,,0,29,,5827,25,,,0,26,,5828,25,,,0,64,,5831,25,,,0,28,,5832,25,,,0,72,,5833,25,,,0,28,,5834,25,,,0,72,,5835,25,,,0,29,,5836,25,,,0,72,,5837,25,,,0,14,,5860,25,,,0,14,,5838,25,,,0,72,,5839,25,,,0,30,,5840,25,,,0,71,,5841,25,,,0,31,,5842,25,,,0,67,,5843,25,,,0,30,,5844,25,,,0,63,,5845,25,,,0,15,,5846,25,,,0,16,,5847,25,,,0,13,,5848,25,,,0,55,,5849,25,,,0,19,,5850,25,,,0,17,,5851,25,,,0,65,,5852,25,,,0,25,,5853,25,,,0,69,,5854,25,,,0,35,,5855,25,,,0,95,,5856,25,,,0,100,,5857,25,,,0,79,,5858,25,,,0,118,,5859,25,,,0
1201,'65031',741,,5869,25,,,0,101,,5870,25,,,0,158,,5861,25,,,0,101,,5862,25,,,0,100,,5863,25,,,0,100,,5864,25,,,0,100,,5865,25,,,0,100,,5866,25,,,0,100,,5867,25,,,0,57,,5868,25,,,0,86,,5871,25,,,0,100,,5872,25,,,0,100,,5873,25,,,0,100,,5874,25,,,0,100,,5875,25,,,0
1201,'65032',741,,5884,25,,,0,101,,5885,25,,,0,158,,5876,25,,,0,101,,5877,25,,,0,100,,5878,25,,,0,100,,5879,25,,,0,100,,5880,25,,,0,100,,5881,25,,,0,100,,5882,25,,,0,57,,5883,25,,,0,86,,5886,25,,,0,100,,5887,25,,,0,100,,5888,25,,,0,100,,5889,25,,,0,100,,5890,25,,,0
1201,'65035',1625,,5891,25,,,0
1600,'65030',620,,6136,15,,,0,81,,6135,15,,,0,18,,6134,15,,,0,15,,6133,15,,,0,14,,6132,15,,,0,60,,6131,15,,,0,33,,6130,15,,,0,64,,6129,15,,,0,24,,6143,15,,,0,72,,6137,15,,,0,30,,6144,15,,,0,71,,6138,15,,,0,27,,6145,15,,,0,13,,6149,15,,,0,15,,6139,15,,,0,53,,6150,15,,,0,16,,6146,15,,,0,17,,6169,15,,,0,59,,6140,15,,,0,30,,6147,15,,,0,70,,6141,15,,,0,28,,6148,15,,,0,70,,6142,15,,,0,16,,6171,15,,,0,17,,6168,15,,,0,24,,6151,15,,,0,67,,6152,15,,,0,12,,6153,15,,,0,15,,6154,15,,,0,57,,6155,15,,,0,14,,6156,15,,,0,17,,6157,15,,,0,19,,6158,15,,,0,66,,6170,15,,,0,26,,6159,15,,,0,67,,6160,15,,,0,29,,6161,15,,,0,71,,6162,15,,,0,33,,6163,15,,,0,69,,6172,15,,,0,29,,6164,15,,,0,63,,6165,15,,,0,16,,6166,15,,,0,75,,6167,15,,,0
1600,'65031',649,,6188,15,,,0,101,,6182,15,,,0,100,,6181,15,,,0,92,,6189,15,,,0,68,,6173,15,,,0,100,,6174,15,,,0,100,,6175,15,,,0,101,,6176,15,,,0,100,,6177,15,,,0,101,,6178,15,,,0,99,,6179,15,,,0,99,,6180,15,,,0,101,,6183,15,,,0,38,,6184,15,,,0,100,,6185,15,,,0,100,,6186,15,,,0,165,,6187,15,,,0
1600,'65032',649,,6205,15,,,0,101,,6199,15,,,0,100,,6198,15,,,0,92,,6206,15,,,0,68,,6190,15,,,0,100,,6191,15,,,0,100,,6192,15,,,0,101,,6193,15,,,0,100,,6194,15,,,0,101,,6195,15,,,0,99,,6196,15,,,0,99,,6197,15,,,0,101,,6200,15,,,0,38,,6201,15,,,0,100,,6202,15,,,0,100,,6203,15,,,0,165,,6204,15,,,0
91201,'65030',2249,,7854,29,,,0,100,,7855,29,,,0
91201,'65031',2243,,7856,29,,,0,100,,7857,29,,,0
91201,'65032',2243,,7858,29,,,0,100,,7859,29,,,0
