1800,'65040',646,,10171,10,,,0,72,,10172,10,,,0,32,,10173,10,,,0,90,,10174,10,,,0,100,,10175,10,,,0,100,,10176,10,,,0,81,,10177,10,,,0,101,,10178,10,,,0,101,,10179,10,,,0,101,,10180,10,,,0,99,,10181,10,,,0,88,,10182,10,,,0,89,,10183,10,,,0,44,,10184,10,,,0,106,,10185,10,,,0,91,,10186,10,,,0,86,,10187,10,,,0,29,,10188,10,,,0,98,,10189,10,,,0
1800,'65041',745,,10199,10,,,0,113,,10190,10,,,0,99,,10191,10,,,0,100,,10192,10,,,0,95,,10193,10,,,0,100,,10194,10,,,0,101,,10195,10,,,0,100,,10196,10,,,0,99,,10197,10,,,0,101,,10198,10,,,0,100,,10200,10,,,0,93,,10201,10,,,0,101,,10202,10,,,0,100,,10203,10,,,0,99,,10204,10,,,0
1800,'65042',745,,10214,10,,,0,113,,10205,10,,,0,99,,10206,10,,,0,100,,10207,10,,,0,95,,10208,10,,,0,100,,10209,10,,,0,101,,10210,10,,,0,100,,10211,10,,,0,99,,10212,10,,,0,101,,10213,10,,,0,100,,10215,10,,,0,93,,10216,10,,,0,101,,10217,10,,,0,100,,10218,10,,,0,99,,10219,10,,,0
3600,'65040',625,,10657,1,,,2,27,3,10667,1,,,2,58,2,10656,1,,,2,30,2,10668,1,,,2,70,2,10658,1,,,2,30,2,10665,1,,,2,90,8,10663,1,,,2,100,8,10664,1,,,2,100,8,10662,1,,,2,100,8,10661,1,,,2,100,8,10660,1,,,2,80,3,10659,1,,,2,45,3,10669,1,,,2,70,4,10670,1,,,2,30,4,10666,1,,,2,70,3,10673,1,,,2,30,3,10672,1,,,2,70,3,10674,1,,,2,30,3,10671,1,,,2,90,8,10676,1,,,2,100,7,10675,1,,,2,100,8,10678,1,,,2,99,3,10677,1,,,2,86,4,10679,1,,,2
3601,'65040',649,,10695,20,4,,2,59,,10682,20,4,,2,30,,10689,20,4,,2,70,,10680,20,4,,2,30,,10694,20,4,,2,64,,10681,20,4,,2,20,,10685,20,4,,2,100,,10684,20,4,,2,100,,10683,20,4,,2,100,,10688,20,4,,2,100,,10686,20,4,,2,85,,10691,20,4,,2,45,,10687,20,4,,2,69,,10693,20,4,,2,30,,10690,20,4,,2,71,,10692,20,4,,2,30,,10704,20,4,,2,70,,10697,20,4,,2,30,,10696,20,4,,2,85,,10699,20,4,,2,101,,10698,20,4,,2,99,,10700,20,4,,2,104,,10701,20,4,,2,85,,10703,20,4,,2,86,,10702,20,4,,2
5200,'65040',631,,10928,15,4,,2,75,,10929,15,4,,2,37,,10930,15,4,,2,796,,10936,15,4,,2,76,,10935,15,4,,2,34,,10934,15,4,,2,75,,10933,15,4,,2,80,,10932,15,4,,2,39,,10931,15,4,,2
5201,'65040',559,,10937,1,,,2,74,2,10938,1,,,2,75,2,10939,1,,,2,798,,10945,1,,,2,35,2,10944,1,,,2,75,,10943,1,,,2,35,2,10942,1,,,2,80,7,10941,1,,,2,75,2,10940,1,,,2
40100,'65040',625,,11036,3,,,0,29,,11037,3,,,0,67,,11038,3,,,0,31,,11039,3,,,0,72,,11040,3,,,0
60700,'65040',1737,,11440,1,,,0,77,,11441,1,,,0,25,,11442,1,,,0
60701,'65040',600,,11443,4,4,,0,25,,11444,4,4,,0,400,,11445,4,4,,0,30,,11446,4,4,,0,300,,11447,4,4,,0,180,,11448,4,4,,0
91700,'65040',547,,11523,15,,,0,1705,,11524,15,0,22 23 2 70,0
91700,'65041',640,,11525,15,0,22 23 2 70,0
91700,'65042',640,,11526,15,0,22 23 2 70,0
91800,'65041',2242,,11528,14,,,0
91800,'65042',2242,,11529,14,,,0
2400080000,'65040',600,,11542,1,,,1,25,,11546,1,,,1,25,17,11540,1,,,1,65,56,11541,1,,,1,20,5,11545,1,,,1,23,11,11543,1,,,1,62,14,11547,1,,,1,15,10,11552,1,,,1,20,10,11549,1,,,1,70,10,11548,1,,,1,30,20,11551,1,,,1,70,,11544,1,,,1,30,,11550,1,,,1,70,17,11555,1,,,1,30,15,11554,1,,,1,70,15,11562,1,,,1,30,15,11556,1,,,1,70,14,11557,1,,,1,30,,11560,1,,,1,65,8,11553,1,,,1,35,13,11563,1,,,1,60,5,11558,1,,,1,20,,11561,1,,,1,20,14,11569,1,,,1,60,9,11559,1,,,1,20,14,11564,1,,,1,20,14,11566,1,,,1,60,14,11565,1,,,1,20,15,11567,1,,,1,65,46,11568,1,,,1
2400080001,'65040',633,,11573,13,4,,1,26,,11571,13,4,,1,71,,11570,13,4,,1,17,,11576,13,4,,1,59,,11591,13,4,,1,19,,11572,13,4,,1,20,,11580,13,4,,1,70,,11578,13,4,,1,20,,11581,13,4,,1,73,,11579,13,4,,1,30,,11577,13,4,,1,70,,11574,13,4,,1,32,,11575,13,4,,1,70,,11586,13,4,,1,30,,11583,13,4,,1,71,,11588,13,4,,1,30,,11592,13,4,,1,71,,11587,13,4,,1,30,,11589,13,4,,1,68,,11590,13,4,,1,31,,11593,13,4,,1,65,,11582,13,4,,1,15,,11594,13,4,,1,20,,11584,13,4,,1,60,,11585,13,4,,1,19,,11596,13,4,,1,17,,11598,13,4,,1,17,,11595,13,4,,1,60,,11597,13,4,,1,25,,11599,13,4,,1
