700,'65030',619,,4944,20,,,0,16,,4945,20,0,5 6,0,19,,4946,20,,,0,61,,4947,20,,,0,15,,4948,20,0,5 6,0,5,,4949,28,,,0,7,,4950,20,,,0,7,,4951,28,0,5 6,0,8,,4952,20,,,0,46,,4953,20,0,5 6,0,11,,4954,28,,,0,21,,4955,20,,,0,17,,4956,20,0,5 6,0,55,,4963,20,,,0,26,,4970,20,,,0,17,,4957,20,0,5 6,0,60,,4964,20,,,0,22,,4971,20,,,0,19,,4958,20,0,5 6,0,59,,4965,20,,,0,22,,4972,20,,,0,19,,4959,20,0,5 6,0,60,,4966,20,,,0,22,,4973,28,,,0,20,,4960,20,0,5 6,0,58,,4967,20,,,0,21,,4974,28,,,0,20,,4961,20,0,5 6,0,59,,4968,20,,,0,21,,4975,20,,,0,18,,4962,20,,,0,60,,4969,20,,,0,23,,4976,28,,,0,20,,4977,20,,,0,75,,4978,20,,,0,23,,4979,28,,,0,75,,4980,20,,,0,30,,4981,28,,,0,65,,4982,28,,,0,20,,4983,28,,,0,67,,4984,20,,,0,35,,4985,20,,,0,66,,4986,20,,,0,34,,4987,28,,,0,65,,4988,20,,,0,35,,4989,28,,,0,76,,4990,20,,,0,101,,4991,28,,,0
700,'65031',620,,5009,20,0,5 6,0,99,,5010,20,,,0,98,,5011,28,,,0,34,,5000,20,0,5 6,0,70,,4992,28,,,0,21,,5001,20,0,5 6,0,70,,4993,20,,,0,31,,5002,20,0,5 6,0,69,,4994,20,,,0,26,,5003,20,0,5 6,0,75,,4995,20,,,0,30,,5004,20,0,5 6,0,70,,4996,20,,,0,30,,5005,20,0,5 6,0,70,,4997,20,,,0,30,,5006,20,0,5 6,0,70,,4998,20,,,0,30,,5007,20,0,5 6,0,69,,4999,20,0,5 6,0,35,,5008,20,0,5 6,0,70,,5012,20,0,5 6,0,32,,5013,20,0,5 6,0,68,,5014,28,,,0,102,,5015,28,,,0,100,,5016,28,,,0,100,,5017,28,,,0,100,,5018,28,,,0,99,,5019,28,,,0
700,'65032',620,,5037,20,0,5 6,0,99,,5038,20,,,0,98,,5039,28,,,0,34,,5028,20,0,5 6,0,70,,5020,28,,,0,21,,5029,20,0,5 6,0,70,,5021,20,,,0,31,,5030,20,0,5 6,0,69,,5022,20,,,0,26,,5031,20,0,5 6,0,75,,5023,20,,,0,30,,5032,20,0,5 6,0,70,,5024,20,,,0,30,,5033,20,0,5 6,0,70,,5025,20,,,0,30,,5034,20,0,5 6,0,70,,5026,20,,,0,30,,5035,20,0,5 6,0,69,,5027,20,0,5 6,0,35,,5036,20,0,5 6,0,70,,5040,20,0,5 6,0,32,,5041,20,0,5 6,0,68,,5042,28,,,0,102,,5043,28,,,0,100,,5044,28,,,0,100,,5045,28,,,0,100,,5046,28,,,0,99,,5047,28,,,0
800,'65030',624,,5160,18,,,1,16,,5212,18,,,1,11,,5161,18,,,1,61,,5162,18,,,1,10,,5163,18,,,1,15,,5164,18,,,1,15,,5165,18,,,1,55,,5166,18,,,1,15,,5167,18,,,1,15,,5168,18,,,1,22,,5169,18,,,1,60,,5170,18,,,1,20,,5171,18,,,1,20,,5172,18,,,1,60,,5173,18,,,1,20,,5174,18,,,1,20,,5175,18,,,1,60,,5176,18,,,1,20,,5177,18,,,1,20,,5178,18,,,1,60,,5179,18,,,1,21,,5180,18,,,1,61,,5181,18,,,1,20,,5182,18,,,1,18,,5183,18,,,1,20,,5184,18,,,1,62,,5185,18,,,1,17,,5186,18,,,1,19,,5187,18,,,1,50,,5188,18,,,1,15,,5189,18,,,1,15,,5190,18,,,1,14,,5191,18,,,1,55,,5192,18,,,1,7,,5193,18,,,1,7,,5194,18,,,1,10,,5195,18,,,1,13,,5196,18,,,1,57,,5197,18,,,1,20,,5198,18,,,1,15,,5199,18,,,1,24,,5200,18,,,1,58,,5201,18,,,1,17,,5202,18,,,1,23,,5203,18,,,1,70,,5204,18,,,1,30,,5205,18,,,1,70,,5206,18,,,1,30,,5207,18,,,1,75,,5208,18,,,1,25,,5209,18,,,1,67,,5210,18,,,1,100,,5211,18,,,1
800,'65031',624,,5229,18,,,1,101,,5230,18,,,1,29,,5231,18,,,1,69,,5232,18,,,1,19,,5233,18,,,1,71,,5213,18,,,1,30,,5214,18,,,1,69,,5215,18,,,1,31,,5216,18,,,1,69,,5217,18,,,1,30,,5218,18,,,1,70,,5219,18,,,1,30,,5220,18,,,1,70,,5221,18,,,1,30,,5222,18,,,1,70,,5223,18,,,1,30,,5224,18,,,1,70,,5225,18,,,1,31,,5226,18,,,1,71,,5227,18,,,1,29,,5228,18,,,1,70,,5234,18,,,1,32,,5235,18,,,1,70,,5242,18,,,1,22,,5236,18,,,1,64,,5243,18,,,1,23,,5237,18,,,1,100,,5238,18,,,1,100,,5239,18,,,1,100,,5240,18,,,1,100,,5241,18,,,1
800,'65032',624,,5260,18,,,1,101,,5261,18,,,1,29,,5262,18,,,1,69,,5263,18,,,1,19,,5264,18,,,1,71,,5244,18,,,1,30,,5245,18,,,1,69,,5246,18,,,1,31,,5247,18,,,1,69,,5248,18,,,1,30,,5249,18,,,1,70,,5250,18,,,1,30,,5251,18,,,1,70,,5252,18,,,1,30,,5253,18,,,1,70,,5254,18,,,1,30,,5255,18,,,1,70,,5256,18,,,1,31,,5257,18,,,1,71,,5258,18,,,1,29,,5259,18,,,1,70,,5265,18,,,1,32,,5266,18,,,1,70,,5273,18,,,1,22,,5267,18,,,1,64,,5274,18,,,1,23,,5268,18,,,1,100,,5269,18,,,1,100,,5270,18,,,1,100,,5271,18,,,1,100,,5272,18,,,1
900,'65030',708,,5387,16,,,0,15,,5388,16,,,0,84,,5389,16,,,0,30,,5390,16,,,0,65,,5395,16,,,0,20,,5394,16,,,0,80,,5396,16,,,0,20,,5402,16,,,0,79,,5397,16,,,0,20,,5403,16,,,0,38,,5398,16,,,0,60,,5404,16,,,0,40,,5399,16,,,0,62,,5405,16,,,0,80,,5400,16,,,0,20,,5406,16,,,0,25,,5420,16,,,0,63,,5401,16,,,0,21,,5407,16,,,0,25,,5408,16,,,0,66,,5409,16,,,0,20,,5410,16,,,0,65,,5411,16,,,0,30,,5412,16,,,0,76,,5415,16,,,0,25,,5413,16,,,0,77,,5414,16,,,0
900,'65031',1032,,5422,16,,,0,98,,5423,16,,,0,101,,5424,16,,,0,99,,5425,16,,,0,98,,5426,16,,,0,105,,5427,16,,,0,97,,5428,16,,,0
900,'65032',1032,,5437,16,,,0,98,,5438,16,,,0,101,,5439,16,,,0,99,,5440,16,,,0,98,,5441,16,,,0,105,,5442,16,,,0,97,,5443,16,,,0
2900,'65033',2442,,6951,16,,,0,70,,6952,16,,,0,30,,6953,16,,,0,70,,6954,16,,,0,30,,6955,16,,,0
