800,'65030',617,,5160,6,,,1,15,,5212,6,,,1,11,,5161,6,,,1,61,,5162,6,,,1,9,,5163,6,,,1,13,,5164,6,,,1,14,,5165,6,,,1,15,,5166,6,,,1,55,,5167,6,,,1,15,,5168,6,,,1,23,,5169,6,,,1,61,,5170,6,,,1,20,,5171,6,,,1,20,,5172,6,,,1,60,,5173,6,,,1,20,,5174,6,,,1,20,,5175,6,,,1,60,,5176,6,,,1,20,,5177,6,,,1,19,,5178,6,,,1,60,,5179,6,,,1,21,,5180,6,,,1,21,,5181,6,,,1,61,,5182,6,,,1,18,,5183,6,,,1,20,,5184,6,,,1,62,,5185,6,,,1,17,,5186,6,,,1,19,,5187,6,,,1,10,,5188,6,,,1,54,,5189,6,,,1,15,,5190,6,,,1,13,,5191,6,,,1,15,,5192,6,,,1,47,,5193,6,,,1,7,,5194,6,,,1,10,,5195,6,,,1,13,,5196,6,,,1,18,,5197,6,,,1,60,,5198,6,,,1,15,,5199,6,,,1,24,,5200,6,,,1,58,,5201,6,,,1,18,,5202,6,,,1,23,,5203,6,,,1,70,,5204,6,,,1,30,,5205,6,,,1,70,,5206,6,,,1,30,,5207,6,,,1,76,,5208,6,,,1,25,,5209,6,,,1,68,,5210,6,,,1,100,,5211,6,,,1
800,'65031',617,,5229,6,,,1,101,,5230,6,,,1,29,,5231,6,,,1,68,,5232,6,,,1,19,,5233,6,,,1,71,,5213,6,,,1,30,,5214,6,,,1,69,,5215,6,,,1,30,,5216,6,,,1,69,,5217,6,,,1,30,,5218,6,,,1,70,,5219,6,,,1,30,,5220,6,,,1,70,,5221,6,,,1,30,,5222,6,,,1,69,,5223,6,,,1,30,,5224,6,,,1,70,,5225,6,,,1,31,,5226,6,,,1,71,,5227,6,,,1,29,,5228,6,,,1,70,,5234,6,,,1,32,,5235,6,,,1,70,,5242,6,,,1,22,,5236,6,,,1,25,,5243,6,,,1,63,,5237,6,,,1,101,,5238,6,,,1,101,,5239,6,,,1,100,,5240,6,,,1,101,,5241,6,,,1
800,'65032',617,,5260,6,,,1,101,,5261,6,,,1,29,,5262,6,,,1,68,,5263,6,,,1,19,,5264,6,,,1,71,,5244,6,,,1,30,,5245,6,,,1,69,,5246,6,,,1,30,,5247,6,,,1,69,,5248,6,,,1,30,,5249,6,,,1,70,,5250,6,,,1,30,,5251,6,,,1,70,,5252,6,,,1,30,,5253,6,,,1,69,,5254,6,,,1,30,,5255,6,,,1,70,,5256,6,,,1,31,,5257,6,,,1,71,,5258,6,,,1,29,,5259,6,,,1,70,,5265,6,,,1,32,,5266,6,,,1,70,,5273,6,,,1,22,,5267,6,,,1,25,,5274,6,,,1,63,,5268,6,,,1,101,,5269,6,,,1,101,,5270,6,,,1,100,,5271,6,,,1,101,,5272,6,,,1
900,'65030',701,,5387,6,,,0,14,,5388,6,,,0,43,,5389,6,,,0,70,,5390,6,,,0,26,,5395,6,,,0,61,,5394,6,,,0,40,,5396,6,,,0,60,,5402,6,,,0,39,,5397,6,,,0,59,,5403,6,,,0,38,,5398,6,,,0,60,,5404,6,,,0,40,,5399,6,,,0,62,,5405,6,,,0,40,,5400,6,,,0,60,,5406,6,,,0,25,,5420,6,,,0,62,,5401,6,,,0,21,,5407,6,,,0,24,,5408,6,,,0,66,,5409,6,,,0,20,,5410,6,,,0,25,,5411,6,,,0,71,,5412,6,,,0,76,,5415,6,,,0,25,,5413,6,,,0,78,,5414,6,,,0
900,'65031',1024,,5422,6,,,0,98,,5423,6,,,0,101,,5424,6,,,0,98,,5425,6,,,0,98,,5426,6,,,0,105,,5427,6,,,0,97,,5428,6,,,0
900,'65032',1024,,5437,6,,,0,98,,5438,6,,,0,101,,5439,6,,,0,98,,5440,6,,,0,98,,5441,6,,,0,105,,5442,6,,,0,97,,5443,6,,,0
1101,'65030',548,,5635,6,,,0,69,,5636,6,,,0,33,,5692,39,0,54,0,58,,5637,39,,,0,31,,5638,39,,,0,68,,5693,39,,,0,15,,5639,39,,,0,29,,5640,39,,,0,67,,5641,39,,,0,25,,5642,39,,,0,68,,5643,39,,,0,15,,5656,17,0,54,0,15,,5644,39,,,0,70,,5645,39,,,0,17,,5657,17,0,54,0,13,,5646,39,,,0,15,,5661,17,0,54,0,55,,5647,39,,,0,14,,5658,17,0,54,0,16,,5648,39,,,0,15,,5662,17,0,54,0,55,,5649,39,,,0,14,,5659,17,0,54,0,16,,5650,39,,,0,70,,5651,39,,,0,12,,5660,17,0,54,0,17,,5652,39,,,0,16,,5663,17,0,54,0,56,,5653,39,,,0,10,,5655,17,0,54,0,9,,5664,17,0,54,0,11,,5654,39,,,0,14,,5680,39,0,54,0,48,,5681,17,0,54,0,7,,5682,17,0,54,0,8,,5665,39,,,0,17,,5683,17,0,54,0,13,,5666,39,,,0,8,,5684,17,0,54,0,52,,5685,17,0,54,0,9,,5667,39,,,0,15,,5686,17,0,54,0,15,,5668,39,,,0,55,,5677,39,0,54,0,15,,5669,39,,,0,20,,5670,39,,,0,15,,5687,17,0,54,0,56,,5671,39,,,0,9,,5688,17,0,54,0,20,,5672,39,,,0,70,,5689,39,0,54,0,30,,5673,39,,,0,65,,5678,39,0,54,0,26,,5679,39,0,54,0,15,,5674,39,,,0,12,,5690,39,0,54,0,54,,5691,17,0,54,0,32,,5675,39,,,0,103,,5676,39,,,0,77,,5694,39,0,54,0
1101,'65031',643,,5713,6,,,0,98,,5714,6,,,0,95,,5712,39,,,0,79,,5695,17,,,0,34,,5704,39,0,54,0,65,,5696,39,,,0,35,,5705,39,0,54,0,65,,5697,39,,,0,35,,5706,39,0,54,0,65,,5698,39,,,0,35,,5707,39,0,54,0,65,,5699,39,,,0,35,,5708,39,0,54,0,65,,5700,39,,,0,34,,5709,39,0,54,0,70,,5701,39,,,0,30,,5710,39,0,54,0,71,,5702,39,,,0,32,,5711,39,0,54,0,69,,5703,39,,,0,14,,5715,39,0,54,0,15,,5716,39,,,0,70,,5717,39,0,54,0,24,,5718,39,,,0,101,,5719,39,,,0,100,,5720,39,,,0,99,,5721,39,,,0,100,,5722,39,,,0,100,,5723,39,,,0
1101,'65032',643,,5742,6,,,0,98,,5743,6,,,0,95,,5741,39,,,0,79,,5724,17,,,0,34,,5733,39,0,54,0,65,,5725,39,,,0,35,,5734,39,0,54,0,65,,5726,39,,,0,35,,5735,39,0,54,0,65,,5727,39,,,0,35,,5736,39,0,54,0,65,,5728,39,,,0,35,,5737,39,0,54,0,65,,5729,39,,,0,34,,5738,39,0,54,0,70,,5730,39,,,0,30,,5739,39,0,54,0,71,,5731,39,,,0,32,,5740,39,0,54,0,69,,5732,39,,,0,14,,5744,39,0,54,0,15,,5745,39,,,0,70,,5746,39,0,54,0,24,,5747,39,,,0,101,,5748,39,,,0,100,,5749,39,,,0,99,,5750,39,,,0,100,,5751,39,,,0,100,,5752,39,,,0
1101,'65035',1526,,5753,6,0,54,0,106,,5754,17,0,54,0
1400,'65030',635,,5893,6,,,0,17,,5894,6,,,0,66,,5895,6,,,0,28,,5896,6,,,0,69,,5897,6,,,0,24,,5898,6,,,0,75,,5899,6,,,0,28,,5910,6,,,0,72,,5900,6,,,0,28,,5911,6,,,0,72,,5901,6,,,0,20,,5906,6,,,0,18,,5912,6,,,0,60,,5902,6,,,0,21,,5907,6,,,0,21,,5913,6,,,0,61,,5903,6,,,0,16,,5908,6,,,0,22,,5914,6,,,0,62,,5904,6,,,0,17,,5909,6,,,0,18,,5915,6,,,0,64,,5905,6,,,0,19,,5916,6,,,0,16,,5917,6,,,0,65,,5918,6,,,0,22,,5919,6,,,0,77,,5920,6,,,0,22,,5921,6,,,0,77,,5922,6,,,0,25,,5923,6,,,0,71,,5924,6,,,0,30,,5925,6,,,0,65,,5926,6,,,0,29,,5927,6,,,0,77,,5928,6,,,0,21,,5929,6,,,0,74,,5930,6,,,0,19,,5931,6,,,0,84,,5932,6,,,0,22,,5933,6,,,0,93,,5934,6,,,0
1400,'65031',706,,5944,6,,,0,97,,5945,6,,,0,46,,5935,6,,,0,103,,5936,6,,,0,98,,5937,6,,,0,100,,5938,6,,,0,100,,5939,6,,,0,101,,5940,6,,,0,100,,5941,6,,,0,99,,5942,6,,,0,105,,5943,6,,,0,96,,5946,6,,,0,151,,5947,6,,,0,100,,5948,6,,,0,101,,5949,6,,,0,101,,5950,6,,,0,101,,5951,6,,,0,116,,5952,6,,,0
1400,'65032',706,,5962,6,,,0,97,,5963,6,,,0,46,,5953,6,,,0,103,,5954,6,,,0,98,,5955,6,,,0,100,,5956,6,,,0,100,,5957,6,,,0,101,,5958,6,,,0,100,,5959,6,,,0,99,,5960,6,,,0,105,,5961,6,,,0,96,,5964,6,,,0,151,,5965,6,,,0,100,,5966,6,,,0,101,,5967,6,,,0,101,,5968,6,,,0,101,,5969,6,,,0,116,,5970,6,,,0
1400,'65036',741,,5971,6,,,0
1900,'65030',701,,6530,20,,,0,40,,6531,20,,,0,14,,6532,20,,,0,71,,6533,20,,,0,30,,6534,20,,,0,72,,6548,20,,,0,30,,6547,20,,,0,71,,6546,20,,,0,30,,6545,20,,,0,70,,6544,20,,,0,71,,6543,20,,,0,32,,6542,20,,,0,68,,6541,20,,,0,32,,6540,20,,,0,69,,6539,20,,,0,28,,6538,20,,,0,71,,6537,20,,,0,31,,6536,20,,,0,73,,6535,20,,,0,22,,6555,20,,,0,25,,6554,20,,,0,63,,6553,20,,,0,28,,6552,20,,,0,68,,6551,20,,,0,28,,6550,20,,,0
2900,'65033',2437,,6951,6,,,0,70,,6952,6,,,0,30,,6953,6,,,0,70,,6954,6,,,0,30,,6955,6,,,0
91900,'65030',602,,7879,20,,,0
