401,'65030',649,,4559,24,,,0,62,,4560,24,,,0,16,,4561,24,,,0,24,,4562,24,,,0,71,,4563,24,,,0,30,,4600,24,,,0,70,,4601,24,0,5 6,0,35,,4569,24,,,0,70,,4570,24,,,0,78,,4571,24,,,0,25,,4572,24,,,0,27,,4573,24,,,0,75,,4574,24,0,5 6,0,25,,4575,24,,,0,74,,4576,24,0,5 6,0,24,,4577,24,,,0,72,,4578,24,0,5 6,0,30,,4579,24,,,0,70,,4580,24,0,5 6,0,76,,4591,24,0,5 6,0,30,,4592,24,,,0,72,,4590,24,0,5 6,0,24,,4589,24,0,5 6,0,15,,4588,24,,,0,60,,4587,24,,,0,26,,4599,24,,,0,91,,4586,24,,,0,25,,4585,24,,,0,71,,4584,24,,,0,28,,4583,24,,,0,75,,4582,24,,,0,85,,4581,24,0,5 6,0
401,'65031',815,,4623,24,,,0,126,,4615,24,,,0,99,,4616,24,,,0,100,,4617,24,,,0,100,,4618,24,,,0,100,,4619,24,,,0,100,,4620,24,,,0,101,,4621,24,,,0,100,,4622,24,,,0,97,,4637,24,,,0,21,,4628,24,,,0,60,,4629,24,,,0
401,'65032',815,,4653,24,,,0,126,,4645,24,,,0,99,,4646,24,,,0,100,,4647,24,,,0,100,,4648,24,,,0,100,,4649,24,,,0,100,,4650,24,,,0,101,,4651,24,,,0,100,,4652,24,,,0,97,,4667,24,,,0,21,,4658,24,,,0,60,,4659,24,,,0
401,'65035',745,,4668,24,,,0
800,'65030',632,,5160,28,,,1,16,,5212,28,,,1,11,,5161,28,,,1,62,,5162,28,,,1,10,,5163,28,,,1,15,,5164,28,,,1,55,,5165,28,,,1,15,,5166,28,,,1,15,,5167,28,,,1,15,,5168,28,,,1,62,,5169,28,,,1,20,,5170,28,,,1,20,,5171,28,,,1,60,,5172,28,,,1,20,,5173,28,,,1,20,,5174,28,,,1,60,,5175,28,,,1,20,,5176,28,,,1,20,,5177,28,,,1,61,,5178,28,,,1,20,,5179,28,,,1,21,,5180,28,,,1,61,,5181,28,,,1,20,,5182,28,,,1,17,,5183,28,,,1,60,,5184,28,,,1,22,,5185,28,,,1,17,,5186,28,,,1,59,,5187,28,,,1,10,,5188,28,,,1,15,,5189,28,,,1,16,,5190,28,,,1,55,,5191,28,,,1,17,,5192,28,,,1,8,,5193,28,,,1,7,,5194,28,,,1,11,,5195,28,,,1,14,,5196,28,,,1,57,,5197,28,,,1,17,,5198,28,,,1,14,,5199,28,,,1,62,,5200,28,,,1,18,,5201,28,,,1,16,,5202,28,,,1,63,,5203,28,,,1,30,,5204,28,,,1,69,,5205,28,,,1,30,,5206,28,,,1,70,,5207,28,,,1,35,,5208,28,,,1,65,,5209,28,,,1,27,,5210,28,,,1,100,,5211,28,,,1
800,'65031',632,,5229,28,,,1,101,,5230,28,,,1,69,,5231,28,,,1,29,,5232,28,,,1,19,,5233,28,,,1,71,,5213,28,,,1,31,,5214,28,,,1,69,,5215,28,,,1,31,,5216,28,,,1,69,,5217,28,,,1,30,,5218,28,,,1,71,,5219,28,,,1,30,,5220,28,,,1,70,,5221,28,,,1,30,,5222,28,,,1,70,,5223,28,,,1,30,,5224,28,,,1,70,,5225,28,,,1,30,,5226,28,,,1,70,,5227,28,,,1,29,,5228,28,,,1,70,,5234,28,,,1,32,,5235,28,,,1,70,,5242,28,,,1,22,,5236,28,,,1,64,,5243,28,,,1,23,,5237,28,,,1,100,,5238,28,,,1,100,,5239,28,,,1,100,,5240,28,,,1,100,,5241,28,,,1
800,'65032',632,,5260,28,,,1,101,,5261,28,,,1,69,,5262,28,,,1,29,,5263,28,,,1,19,,5264,28,,,1,71,,5244,28,,,1,31,,5245,28,,,1,69,,5246,28,,,1,31,,5247,28,,,1,69,,5248,28,,,1,30,,5249,28,,,1,71,,5250,28,,,1,30,,5251,28,,,1,70,,5252,28,,,1,30,,5253,28,,,1,70,,5254,28,,,1,30,,5255,28,,,1,70,,5256,28,,,1,30,,5257,28,,,1,70,,5258,28,,,1,29,,5259,28,,,1,70,,5265,28,,,1,32,,5266,28,,,1,70,,5273,28,,,1,22,,5267,28,,,1,64,,5274,28,,,1,23,,5268,28,,,1,100,,5269,28,,,1,100,,5270,28,,,1,100,,5271,28,,,1,100,,5272,28,,,1
5501,'65030',733,,7295,32,,,0,122,,7296,32,,,0,155,,7297,32,,,0,115,,7298,32,,,0,115,,7299,32,,,0,115,,7300,32,,,0,155,,7301,32,,,0,115,,7302,32,,,0,118,,7303,32,,,0,112,,7304,32,0,5 6,0
5501,'65031',830,,7312,32,,,0,110,,7311,32,,,0,110,,7310,32,,,0,150,,7309,32,,,0,110,,7308,32,,,0,110,,7307,32,,,0,109,,7305,32,,,0,112,,7306,32,0,5 6,0
5501,'65032',830,,7320,32,,,0,110,,7319,32,,,0,110,,7318,32,,,0,150,,7317,32,,,0,110,,7316,32,,,0,110,,7315,32,,,0,109,,7313,32,,,0,112,,7314,32,0,5 6,0
90401,'65030',613,,7832,31,,,0,1703,,7833,31,,,0
90401,'65031',621,,7834,31,,,0,100,,7835,31,,,0,1197,,7836,31,,,0,100,,7837,31,,,0,100,,7838,31,,,0,100,,7839,31,,,0,100,,7840,31,,,0
90401,'65032',621,,7841,31,,,0,100,,7842,31,,,0,1197,,7843,31,,,0,100,,7844,31,,,0,100,,7845,31,,,0,100,,7846,31,,,0,100,,7847,31,,,0
90801,'65030',2441,,7849,32,,,0
90801,'65031',2441,,7850,32,,,0
90801,'65032',2441,,7851,32,,,0
