100,'65030',907,,3974,23,,,0,98,,3975,23,,,0,99,,3976,23,,,0,101,,3977,23,,,0,99,,3978,23,,,0,100,,3979,23,,,0,232,,3991,23,,,0,69,,3992,23,,,0,29,,3993,23,,,0,66,,3994,23,,,0,135,,3995,23,,,0,100,,3996,23,,,0,92,,3997,23,,,0,93,,3998,23,0,5 6,0,101,,3999,23,0,5 6,0
100,'65031',1731,,4009,23,0,5 6,0
100,'65032',1731,,4020,23,0,5 6,0
200,'65030',622,,4076,21,,,0,29,,4077,21,,,0,66,,4078,21,,,0,31,,4079,21,,,0,75,,4080,21,,,0,26,,4109,21,,,0,55,,4081,21,,,0,26,,4082,21,,,0,26,,4083,21,,,0,65,,4084,21,,,0,28,,4085,21,,,0,70,,4086,21,,,0,32,,4087,21,,,0,71,,4088,21,,,0,30,,4089,21,,,0,70,,4090,21,,,0,29,,4091,21,,,0,70,,4092,21,,,0,31,,4093,21,,,0,70,,4094,21,,,0,36,,4095,21,,,0,73,,4096,21,,,0,77,,4097,21,,,0,29,,4098,21,,,0,65,,4099,21,,,0,30,,4100,21,,,0,27,,4101,21,,,0,60,,4102,21,,,0,31,,4103,21,,,0,67,,4104,21,,,0,100,,4105,21,,,0,105,,4106,21,,,0,98,,4107,21,,,0,102,,4108,21,,,0
200,'65031',717,,4119,21,,,0,100,,4120,21,,,0,96,,4110,21,,,0,40,,4111,21,,,0,100,,4112,21,,,0,100,,4113,21,,,0,100,,4114,21,,,0,100,,4115,21,,,0,100,,4116,21,,,0,105,,4117,21,,,0,142,,4118,21,,,0,102,,4121,21,,,0,28,,4122,21,,,0,91,,4123,21,,,0,100,,4125,21,,,0,100,,4126,21,,,0,100,,4124,21,,,0,100,,4127,21,,,0
200,'65032',717,,4137,21,,,0,100,,4138,21,,,0,96,,4128,21,,,0,40,,4129,21,,,0,100,,4130,21,,,0,100,,4131,21,,,0,100,,4132,21,,,0,100,,4133,21,,,0,100,,4134,21,,,0,105,,4135,21,,,0,142,,4136,21,,,0,102,,4139,21,,,0,28,,4140,21,,,0,91,,4141,21,,,0,100,,4143,21,,,0,100,,4144,21,,,0,100,,4142,21,,,0,100,,4145,21,,,0
300,'65030',620,,4213,38,,,0,15,,4269,38,,,0,15,,4214,38,,,0,55,,4215,38,,,0,15,,4216,38,,,0,10,,4217,38,,,0,10,,4218,38,,,0,7,,4219,38,,,0,9,,4220,38,,,0,50,,4221,38,,,0,10,,4222,38,,,0,15,,4223,38,,,0,15,,4224,38,,,0,54,,4270,38,,,0,15,,4225,38,,,0,20,,4226,38,,,0,20,,4227,38,,,0,60,,4228,38,,,0,20,,4229,38,,,0,20,,4230,38,,,0,60,,4231,38,,,0,20,,4232,38,,,0,20,,4233,38,,,0,60,,4234,38,,,0,20,,4235,38,,,0,20,,4236,38,,,0,60,,4237,38,,,0,20,,4238,38,,,0,20,,4239,38,,,0,60,,4240,38,,,0,20,,4241,38,,,0,15,,4242,38,,,0,55,,4243,38,,,0,15,,4245,38,,,0,15,,4251,38,,,0,11,,4246,38,,,0,10,,4247,38,,,0,50,,4248,38,,,0,10,,4249,38,,,0,10,,4250,38,,,0,20,,4252,38,,,0,55,,4253,38,,,0,15,,4254,38,,,0,14,,4255,38,,,0,20,,4256,38,,,0,60,,4257,38,,,0,20,,4258,38,,,0,20,,4259,38,,,0,65,,4260,38,,,0,30,,4261,38,,,0,70,,4262,38,,,0,30,,4267,38,,,0,65,,4263,38,,,0,20,,4264,38,,,0,20,,4265,38,,,0,78,,4266,38,,,0,72,,4244,38,,,0
300,'65031',719,,4287,38,,,0,25,,4288,38,,,0,73,,4289,38,,,0,23,,4300,38,,,0,64,,4271,38,,,0,29,,4272,38,,,0,70,,4273,38,,,0,30,,4274,38,,,0,70,,4275,38,,,0,30,,4276,38,,,0,70,,4277,38,,,0,30,,4278,38,,,0,70,,4279,38,,,0,30,,4280,38,,,0,70,,4281,38,,,0,30,,4282,38,,,0,70,,4283,38,,,0,30,,4284,38,,,0,70,,4285,38,,,0,30,,4286,38,,,0,67,,4290,38,,,0,22,,4291,38,,,0,18,,4292,38,,,0,70,,4293,38,,,0,34,,4294,38,,,0,75,,4295,38,,,0,32,,4301,38,,,0,71,,4296,38,,,0,100,,4297,38,,,0,100,,4298,38,,,0,100,,4299,38,,,0
300,'65032',719,,4318,38,,,0,25,,4319,38,,,0,73,,4320,38,,,0,23,,4331,38,,,0,64,,4302,38,,,0,29,,4303,38,,,0,70,,4304,38,,,0,30,,4305,38,,,0,70,,4306,38,,,0,30,,4307,38,,,0,70,,4308,38,,,0,30,,4309,38,,,0,70,,4310,38,,,0,30,,4311,38,,,0,70,,4312,38,,,0,30,,4313,38,,,0,70,,4314,38,,,0,30,,4315,38,,,0,70,,4316,38,,,0,30,,4317,38,,,0,67,,4321,38,,,0,22,,4322,38,,,0,18,,4323,38,,,0,70,,4324,38,,,0,34,,4325,38,,,0,75,,4326,38,,,0,32,,4332,38,,,0,71,,4327,38,,,0,100,,4328,38,,,0,100,,4329,38,,,0,100,,4330,38,,,0
700,'65030',621,,4944,24,,,0,16,,4945,24,0,5 6,0,20,,4946,24,,,0,61,,4947,24,,,0,16,,4948,24,0,5 6,0,5,,4949,32,,,0,8,,4950,24,,,0,8,,4951,32,0,5 6,0,48,,4952,24,,,0,6,,4953,24,0,5 6,0,11,,4954,32,,,0,20,,4955,24,,,0,15,,4956,24,0,5 6,0,55,,4963,24,,,0,26,,4970,24,,,0,17,,4957,24,0,5 6,0,60,,4964,24,,,0,22,,4971,24,,,0,19,,4958,24,0,5 6,0,59,,4965,24,,,0,22,,4972,24,,,0,19,,4959,24,0,5 6,0,60,,4966,24,,,0,22,,4973,32,,,0,21,,4960,24,0,5 6,0,58,,4967,24,,,0,20,,4974,32,,,0,20,,4961,24,0,5 6,0,59,,4968,24,,,0,21,,4975,24,,,0,18,,4962,24,,,0,61,,4969,24,,,0,23,,4976,32,,,0,21,,4977,24,,,0,77,,4978,24,,,0,23,,4979,32,,,0,75,,4980,24,,,0,67,,4981,32,,,0,25,,4982,32,,,0,20,,4983,32,,,0,67,,4984,24,,,0,34,,4985,24,,,0,66,,4986,24,,,0,34,,4987,32,,,0,65,,4988,24,,,0,35,,4989,32,,,0,76,,4990,24,,,0,100,,4991,32,,,0
700,'65031',622,,5009,24,0,5 6,0,100,,5010,24,,,0,98,,5011,32,,,0,34,,5000,24,0,5 6,0,70,,4992,32,,,0,21,,5001,24,0,5 6,0,70,,4993,24,,,0,31,,5002,24,0,5 6,0,69,,4994,24,,,0,26,,5003,24,0,5 6,0,75,,4995,24,,,0,30,,5004,24,0,5 6,0,70,,4996,24,,,0,30,,5005,24,0,5 6,0,71,,4997,24,,,0,30,,5006,24,0,5 6,0,70,,4998,24,,,0,30,,5007,24,0,5 6,0,69,,4999,24,0,5 6,0,35,,5008,24,0,5 6,0,70,,5012,24,0,5 6,0,31,,5013,24,0,5 6,0,68,,5014,32,,,0,102,,5015,32,,,0,100,,5016,32,,,0,100,,5017,32,,,0,100,,5018,32,,,0,98,,5019,32,,,0
700,'65032',622,,5037,24,0,5 6,0,100,,5038,24,,,0,98,,5039,32,,,0,34,,5028,24,0,5 6,0,70,,5020,32,,,0,21,,5029,24,0,5 6,0,70,,5021,24,,,0,31,,5030,24,0,5 6,0,69,,5022,24,,,0,26,,5031,24,0,5 6,0,75,,5023,24,,,0,30,,5032,24,0,5 6,0,70,,5024,24,,,0,30,,5033,24,0,5 6,0,71,,5025,24,,,0,30,,5034,24,0,5 6,0,70,,5026,24,,,0,30,,5035,24,0,5 6,0,69,,5027,24,0,5 6,0,35,,5036,24,0,5 6,0,70,,5040,24,0,5 6,0,31,,5041,24,0,5 6,0,68,,5042,32,,,0,102,,5043,32,,,0,100,,5044,32,,,0,100,,5045,32,,,0,100,,5046,32,,,0,98,,5047,32,,,0
1200,'65030',623,,5755,33,,,0,27,,5756,33,,,0,58,,5757,33,,,0,22,,5758,33,,,0,15,,5759,33,,,0,57,,5760,33,,,0,9,,5761,33,,,0,25,,5762,33,,,0,10,,5763,33,,,0,67,,5764,33,,,0,25,,5765,33,,,0,72,,5766,33,,,0,32,,5767,33,,,0,68,,5768,33,,,0,30,,5769,33,,,0,69,,5770,33,,,0,30,,5771,33,,,0,71,,5772,33,,,0,28,,5773,33,,,0,74,,5774,33,,,0,30,,5775,33,,,0,71,,5776,33,,,0,30,,5777,33,,,0,72,,5778,33,,,0,26,,5779,33,,,0,65,,5780,33,,,0,15,,5781,33,,,0,24,,5782,33,,,0,65,,5783,33,,,0,25,,5784,33,,,0,90,,5785,33,,,0,100,,5786,33,,,0,23,,5787,33,,,0,77,,5788,33,,,0
1200,'65031',721,,5798,33,,,0,101,,5799,33,,,0,95,,5789,33,,,0,87,,5790,33,,,0,100,,5791,33,,,0,100,,5792,33,,,0,100,,5793,33,,,0,100,,5794,33,,,0,100,,5795,33,,,0,100,,5796,33,,,0,100,,5797,33,,,0,41,,5800,33,,,0,75,,5801,33,,,0,100,,5802,33,,,0,101,,5803,33,,,0,100,,5804,33,,,0,99,,5805,33,,,0,100,,5806,33,,,0
1200,'65032',721,,5816,33,,,0,101,,5817,33,,,0,95,,5807,33,,,0,87,,5808,33,,,0,100,,5809,33,,,0,100,,5810,33,,,0,100,,5811,33,,,0,100,,5812,33,,,0,100,,5813,33,,,0,100,,5814,33,,,0,100,,5815,33,,,0,41,,5818,33,,,0,75,,5819,33,,,0,100,,5820,33,,,0,101,,5821,33,,,0,100,,5822,33,,,0,99,,5823,33,,,0,100,,5824,33,,,0
1400,'65030',649,,5893,34,,,0,59,,5894,34,,,0,27,,5895,34,,,0,73,,5896,34,,,0,28,,5897,34,,,0,22,,5898,34,,,0,72,,5899,34,,,0,28,,5910,34,,,0,72,,5900,34,,,0,28,,5911,34,,,0,73,,5901,34,,,0,22,,5906,34,,,0,58,,5912,34,,,0,20,,5902,34,,,0,21,,5907,34,,,0,61,,5913,34,,,0,19,,5903,34,,,0,16,,5908,34,,,0,62,,5914,34,,,0,22,,5904,34,,,0,18,,5909,34,,,0,58,,5915,34,,,0,27,,5905,34,,,0,20,,5916,34,,,0,57,,5917,34,,,0,25,,5918,34,,,0,21,,5919,34,,,0,75,,5920,34,,,0,22,,5921,34,,,0,75,,5922,34,,,0,25,,5923,34,,,0,70,,5924,34,,,0,30,,5925,34,,,0,64,,5926,34,,,0,29,,5927,34,,,0,77,,5928,34,,,0,21,,5929,34,,,0,74,,5930,34,,,0,17,,5931,34,,,0,84,,5932,34,,,0,22,,5933,34,,,0,92,,5934,34,,,0
1400,'65031',721,,5944,34,,,0,98,,5945,34,,,0,87,,5935,34,,,0,103,,5936,34,,,0,99,,5937,34,,,0,100,,5938,34,,,0,100,,5939,34,,,0,101,,5940,34,,,0,100,,5941,34,,,0,100,,5942,34,,,0,105,,5943,34,,,0,96,,5946,34,,,0,111,,5947,34,,,0,99,,5948,34,,,0,100,,5949,34,,,0,100,,5950,34,,,0,100,,5951,34,,,0,116,,5952,34,,,0
1400,'65032',721,,5962,34,,,0,98,,5963,34,,,0,87,,5953,34,,,0,103,,5954,34,,,0,99,,5955,34,,,0,100,,5956,34,,,0,100,,5957,34,,,0,101,,5958,34,,,0,100,,5959,34,,,0,100,,5960,34,,,0,105,,5961,34,,,0,96,,5964,34,,,0,111,,5965,34,,,0,99,,5966,34,,,0,100,,5967,34,,,0,100,,5968,34,,,0,100,,5969,34,,,0,116,,5970,34,,,0
1400,'65036',803,,5971,34,,,0
1900,'65030',714,,6530,39,,,0,41,,6531,39,,,0,56,,6532,39,,,0,29,,6533,39,,,0,70,,6534,39,,,0,31,,6548,39,,,0,70,,6547,39,,,0,31,,6546,39,,,0,70,,6545,39,,,0,30,,6544,39,,,0,71,,6543,39,,,0,32,,6542,39,,,0,68,,6541,39,,,0,32,,6540,39,,,0,69,,6539,39,,,0,28,,6538,39,,,0,72,,6537,39,,,0,31,,6536,39,,,0,75,,6535,39,,,0,22,,6555,39,,,0,63,,6554,39,,,0,23,,6553,39,,,0,28,,6552,39,,,0,67,,6551,39,,,0,28,,6550,39,,,0
5500,'65030',755,,7269,65,,,0,160,,7270,65,,,0,110,,7271,65,,,0,115,,7278,65,,,0,161,,7272,65,,,0,112,,7273,65,,,0,117,,7274,65,,,0,119,,7275,65,,,0,154,,7276,65,,,0,109,,7277,65,0,5 6,0
5500,'65031',849,,7284,65,,,0,151,,7286,65,,,0,111,,7285,65,,,0,110,,7283,65,,,0,113,,7282,65,,,0,110,,7281,65,,,0,113,,7280,65,,,0,145,,7279,65,0,5 6,0
5500,'65032',849,,7292,65,,,0,151,,7294,65,,,0,111,,7293,65,,,0,110,,7291,65,,,0,113,,7290,65,,,0,110,,7289,65,,,0,113,,7288,65,,,0,145,,7287,65,0,5 6,0
90300,'65030',2328,,7807,45,,,0,107,,7808,45,,,0
90300,'65031',2436,,7811,45,,,0
90300,'65032',2436,,7813,45,,,0
91200,'65030',2222,,7852,36,,,0,100,,7853,36,,,0
91900,'65030',617,,7879,48,,,0
