101,'65030',710,,4022,45,,,0,17,,4027,45,,,0,77,,4023,45,,,0,223,,4029,45,,,0,100,,4036,45,,,0,99,,4037,45,,,0,102,,4038,45,,,0,101,,4039,45,,,0,172,,4035,45,,,0,24,,4041,45,,,0,177,,4045,45,,,0,120,,4049,45,,,0,95,,4048,45,,,0,100,,4047,45,,,0,128,,4052,22,,,0,100,,4053,22,,,0
301,'65030',606,,4333,43,,,0,26,,4334,43,,,0,15,,4335,43,,,0,55,,4336,43,,,0,15,,4337,43,,,0,17,,4338,43,,,0,17,,4339,43,,,0,50,,4340,43,,,0,10,,4341,43,,,0,10,,4342,43,,,0,10,,4343,43,,,0,10,,4344,43,,,0,10,,4345,43,,,0,55,,4346,43,,,0,14,,4347,43,,,0,15,,4348,43,,,0,20,,4349,43,,,0,60,,4350,43,,,0,20,,4351,43,,,0,20,,4352,43,,,0,61,,4353,43,,,0,21,,4354,43,,,0,20,,4355,43,,,0,60,,4356,43,,,0,20,,4388,43,,,0,20,,4357,43,,,0,60,,4358,43,,,0,20,,4359,43,,,0,20,,4360,43,,,0,60,,4361,43,,,0,21,,4362,43,,,0,20,,4363,43,,,0,60,,4364,43,,,0,21,,4365,43,,,0,14,,4366,43,,,0,56,,4367,43,,,0,11,,4368,43,,,0,10,,4369,43,,,0,10,,4370,43,,,0,10,,4371,43,,,0,50,,4372,43,,,0,10,,4373,43,,,0,15,,4374,43,,,0,13,,4375,43,,,0,12,,4376,43,,,0,59,,4377,43,,,0,19,,4378,43,,,0,20,,4379,43,,,0,65,,4380,43,,,0,31,,4381,43,,,0,64,,4382,43,,,0,30,,4383,43,,,0,70,,4384,43,,,0,29,,4389,43,,,0,70,,4385,43,,,0,25,,4386,43,,,0,100,,4387,43,,,0
301,'65031',640,,4407,43,,,0,70,,4408,43,,,0,31,,4409,43,,,0,70,,4410,43,,,0,27,,4411,43,,,0,67,,4406,43,,,0,31,,4390,43,,,0,68,,4391,43,,,0,30,,4392,43,,,0,71,,4393,43,,,0,30,,4394,43,,,0,70,,4395,43,,,0,30,,4396,43,,,0,70,,4397,43,,,0,30,,4398,43,,,0,70,,4399,43,,,0,30,,4400,43,,,0,70,,4401,43,,,0,30,,4402,43,,,0,70,,4403,43,,,0,30,,4404,43,,,0,70,,4405,43,,,0,29,,4412,43,,,0,24,,4413,43,,,0,81,,4414,43,,,0,71,,4420,43,,,0,29,,4415,43,,,0,71,,4421,43,,,0,32,,4416,43,,,0,96,,4417,43,,,0,99,,4418,43,,,0,100,,4419,43,,,0
301,'65032',640,,4439,43,,,0,70,,4440,43,,,0,31,,4441,43,,,0,70,,4442,43,,,0,27,,4443,43,,,0,67,,4438,43,,,0,31,,4422,43,,,0,68,,4423,43,,,0,30,,4424,43,,,0,71,,4425,43,,,0,30,,4426,43,,,0,70,,4427,43,,,0,30,,4428,43,,,0,70,,4429,43,,,0,30,,4430,43,,,0,70,,4431,43,,,0,30,,4432,43,,,0,70,,4433,43,,,0,30,,4434,43,,,0,70,,4435,43,,,0,30,,4436,43,,,0,70,,4437,43,,,0,29,,4444,43,,,0,24,,4445,43,,,0,81,,4446,43,,,0,71,,4452,43,,,0,29,,4447,43,,,0,71,,4453,43,,,0,32,,4448,43,,,0,96,,4449,43,,,0,99,,4450,43,,,0,100,,4451,43,,,0
5501,'65030',816,,7295,94,,,0,112,,7296,94,,,0,116,,7297,94,,,0,158,,7298,94,,,0,114,,7299,94,,,0,115,,7300,94,,,0,115,,7301,94,,,0,161,,7302,94,,,0,111,,7303,94,,,0
5501,'65031',907,,7312,94,,,0,110,,7311,94,,,0,110,,7310,94,,,0,111,,7309,94,,,0,110,,7308,94,,,0,110,,7307,94,,,0,149,,7305,94,,,0
5501,'65032',907,,7320,94,,,0,110,,7319,94,,,0,110,,7318,94,,,0,111,,7317,94,,,0,110,,7316,94,,,0,110,,7315,94,,,0,149,,7313,94,,,0
5701,'65030',948,,7340,87,,,0,160,,7341,87,,,0,106,,7342,87,,,0,119,,7343,87,,,0,105,,7344,87,,,0,120,,7345,87,,,0,145,,7346,87,,,0
5701,'65031',1201,,7352,87,,,0,102,,7351,87,,,0,113,,7350,87,,,0,102,,7349,87,,,0,111,,7348,87,,,0
5701,'65032',1201,,7358,87,,,0,102,,7357,87,,,0,113,,7356,87,,,0,102,,7355,87,,,0,111,,7354,87,,,0
90700,'65030',636,,7848,33,,,0
91301,'65030',2459,,7860,22,,,0
91301,'65031',2459,,7861,22,,,0
91301,'65032',2459,,7862,22,,,0
