401,'65030',810,,4562,42,,,0,17,,4567,10,,,0,13,,4563,42,,,0,7,,4565,10,,,0,768,,4593,10,,,0
401,'65035',803,,4668,42,,,0
1201,'65030',631,,5829,13,,,0,28,,5830,13,,,0,70,,5825,13,,,0,26,,5826,13,,,0,70,,5827,13,,,0,27,,5828,13,,,0,64,,5831,13,,,0,28,,5832,13,,,0,72,,5833,13,,,0,28,,5834,13,,,0,72,,5835,13,,,0,29,,5836,13,,,0,72,,5837,13,,,0,14,,5860,13,,,0,14,,5838,13,,,0,72,,5839,13,,,0,30,,5840,13,,,0,71,,5841,13,,,0,30,,5842,13,,,0,67,,5843,13,,,0,29,,5844,13,,,0,61,,5845,13,,,0,15,,5846,13,,,0,16,,5847,13,,,0,14,,5848,13,,,0,55,,5849,13,,,0,21,,5850,13,,,0,18,,5851,13,,,0,65,,5852,13,,,0,25,,5853,13,,,0,70,,5854,13,,,0,35,,5855,13,,,0,95,,5856,13,,,0,100,,5857,13,,,0,79,,5858,13,,,0,118,,5859,13,,,0
1201,'65031',736,,5869,13,,,0,100,,5870,13,,,0,118,,5861,13,,,0,101,,5862,13,,,0,100,,5863,13,,,0,100,,5864,13,,,0,100,,5865,13,,,0,99,,5866,13,,,0,101,,5867,13,,,0,98,,5868,13,,,0,86,,5871,13,,,0,100,,5872,13,,,0,100,,5873,13,,,0,100,,5874,13,,,0,100,,5875,13,,,0
1201,'65032',736,,5884,13,,,0,100,,5885,13,,,0,118,,5876,13,,,0,101,,5877,13,,,0,100,,5878,13,,,0,100,,5879,13,,,0,100,,5880,13,,,0,99,,5881,13,,,0,101,,5882,13,,,0,98,,5883,13,,,0,86,,5886,13,,,0,100,,5887,13,,,0,100,,5888,13,,,0,100,,5889,13,,,0,100,,5890,13,,,0
1201,'65035',1615,,5891,13,,,0
1701,'65030',818,,6352,10,,,0,806,,6368,10,,,0
5701,'65030',935,,7340,62,,,0,120,,7341,62,,,0,146,,7342,62,,,0,119,,7343,62,,,0,105,,7344,62,,,0,120,,7345,62,,,0,105,,7346,62,,,0
5701,'65031',1148,,7352,62,,,0,102,,7351,62,,,0,153,,7350,62,,,0,102,,7349,62,,,0,111,,7348,62,,,0
5701,'65032',1148,,7358,62,,,0,102,,7357,62,,,0,153,,7356,62,,,0,102,,7355,62,,,0,111,,7354,62,,,0
91201,'65030',2241,,7854,13,,,0,100,,7855,13,,,0
91201,'65031',2234,,7856,13,,,0,100,,7857,13,,,0
91201,'65032',2234,,7858,13,,,0,100,,7859,13,,,0
