901,'65040',621,,9312,16,0,5 6 2 71,0,81,,9289,16,,,0,23,,9290,16,,,0,30,,9291,16,,,0,70,,9302,16,0,5 6 2 71,0,85,,9292,16,,,0,100,,9293,16,,,0,100,,9294,16,,,0,100,,9295,16,,,0,31,,9296,16,,,0,101,,9297,16,,,0,100,,9298,16,,,0,70,,9299,16,,,0,28,,9300,16,,,0,71,,9311,16,0,5 6 2 71,0,32,,9310,16,0,5 6 2 71,0,71,,9301,16,,,0,25,,9309,16,0,5 6 2 71,0,71,,9308,16,0,5 6 2 71,0,98,,9307,16,0,5 6 2 71,0,44,,9306,16,0,5 6 2 71,0,100,,9305,16,0,5 6 2 71,0,64,,9304,16,0,5 6 2 71,0,90,,9303,16,0,5 6 2 71,0
901,'65041',813,,9322,16,0,5 6 2 71,0,94,,9321,16,0,5 6 2 71,0,99,,9313,16,,,0,101,,9314,16,,,0,101,,9320,16,,,0,100,,9319,16,,,0,100,,9318,16,,,0,100,,9317,16,,,0,101,,9316,16,,,0,100,,9315,16,,,0,112,,9323,16,0,5 6 2 71,0,94,,9324,16,0,5 6 2 71,0,88,,9325,16,0,5 6 2 71,0,100,,9326,16,0,5 6 2 71,0,100,,9327,16,0,5 6 2 71,0
901,'65042',813,,9338,16,0,5 6 2 71,0,94,,9337,16,0,5 6 2 71,0,99,,9329,16,,,0,101,,9330,16,,,0,101,,9336,16,,,0,100,,9335,16,,,0,100,,9334,16,,,0,100,,9333,16,,,0,101,,9332,16,,,0,100,,9331,16,,,0,112,,9339,16,0,5 6 2 71,0,94,,9340,16,0,5 6 2 71,0,88,,9341,16,0,5 6 2 71,0,100,,9342,16,0,5 6 2 71,0,100,,9343,16,0,5 6 2 71,0
2200,'65040',635,,10344,13,,,2,86,,10345,13,,,2,81,,10346,13,,,2,41,,10347,13,,,2,693,,10348,13,,,2,95,,10351,13,,,2,81,,10349,13,,,2,41,,10350,13,,,2,80,,10352,13,0,42 43,2
2301,'65040',630,,10385,11,,,2,27,,10380,11,,,2,58,,10381,11,,,2,18,,10384,11,,,2,17,,10379,11,,,2,57,,10382,11,,,2,17,,10383,11,,,2,17,,10386,11,,,2,692,,10389,11,,,2,24,,10387,11,,,2,59,,10388,11,,,2,19,,10390,11,,,2,20,,10392,11,,,2,60,,10395,11,,,2,24,,10391,11,,,2,63,,10393,11,,,2,19,,10394,11,,,2,21,,10396,11,,,2
5701,'65040',904,,11020,26,,,2,123,,11022,26,,,2,103,,11018,26,,,2,123,,11021,26,,,2,105,,11019,26,,,2,160,,11023,26,,,2,105,,11017,26,,,2
5701,'65041',1127,,11029,26,,,2,102,,11028,26,,,2,113,,11027,26,,,2,102,,11026,26,,,2,111,,11025,26,,,2,153,,11024,26,0,56,2
5701,'65042',1127,,11035,26,,,2,102,,11034,26,,,2,113,,11033,26,,,2,102,,11032,26,,,2,111,,11031,26,,,2,153,,11030,26,0,56,2
90400,'65040',2504,,11477,41,,,0
90400,'65041',2505,,11478,41,,,0
90400,'65042',2505,,11485,41,,,0
2400080001,'65040',601,,11573,2,,,1,25,,11571,2,,,1,30,,11570,2,,,1,55,,11576,2,,,1,18,,11591,2,,,1,17,,11572,2,,,1,60,,11580,2,,,1,30,,11578,2,,,1,20,,11581,2,,,1,72,,11579,2,,,1,28,,11577,2,,,1,70,,11574,2,,,1,30,,11575,2,,,1,70,,11586,2,,,1,30,,11583,2,,,1,70,,11588,2,,,1,30,,11592,2,,,1,70,,11587,2,,,1,30,,11589,2,,,1,68,,11590,2,,,1,32,,11593,2,,,1,65,,11582,2,,,1,15,,11594,2,,,1,20,,11584,2,,,1,60,,11585,2,,,1,20,,11596,2,,,1,20,,11598,2,,,1,60,,11595,2,,,1,20,,11597,2,,,1,65,,11599,2,,,1
