700,'65030',718,,4949,7,,,0,13,,4951,7,0,5 6,0,25,,4954,7,,,0,460,,4973,7,,,0,99,,4974,7,,,0,201,,4976,7,,,0,116,,4979,7,,,0,108,,4981,7,,,0,65,,4982,7,,,0,20,,4983,7,,,0,203,,4987,7,,,0,101,,4989,7,,,0,177,,4991,7,,,0
700,'65031',801,,5011,7,,,0,104,,4992,7,,,0,896,,5014,7,,,0,102,,5015,7,,,0,100,,5016,7,,,0,102,,5017,7,,,0,100,,5018,7,,,0,99,,5019,7,,,0
700,'65032',801,,5039,7,,,0,104,,5020,7,,,0,896,,5042,7,,,0,102,,5043,7,,,0,100,,5044,7,,,0,102,,5045,7,,,0,100,,5046,7,,,0,99,,5047,7,,,0
701,'65030',641,,5048,29,0,15 1 16,0,83,,5049,29,0,15 1 16,0,16,,5051,42,0,15 1 16,0,68,,5052,42,0,15 1 16,0,27,,5050,29,0,15 1 16,0,16,,5053,42,0,15 1 16,0,53,,5054,42,,,0,14,,5055,42,0,15 1 16,0,17,,5056,42,0,15 1 16,0,20,,5057,42,0,15 1 16,0,58,,5070,29,0,15 1 16,0,19,,5058,42,,,0,23,,5064,42,0,15 1 16,0,58,,5071,29,0,15 1 16,0,22,,5059,42,0,15 1 16,0,20,,5065,42,0,15 1 16,0,57,,5072,29,0,15 1 16,0,20,,5060,42,,,0,23,,5066,42,0,15 1 16,0,59,,5073,29,0,15 1 16,0,19,,5061,42,,,0,22,,5067,47,0,15 1 16,0,58,,5074,29,0,15 1 16,0,17,,5062,42,,,0,24,,5068,42,0,15 1 16,0,58,,5075,29,0,15 1 16,0,25,,5063,47,0,15 1 16,0,18,,5069,42,0,15 1 16,0,53,,5076,29,0,15 1 16,0,9,,5077,29,0,15 1 16,0,8,,5078,42,,,0,15,,5096,29,0,15 1 16,0,18,,5079,42,,,0,54,,5080,47,0,15 1 16,0,16,,5081,42,,,0,12,,5097,29,0,15 1 16,0,14,,5082,42,,,0,60,,5083,42,,,0,17,,5084,47,0,15 1 16,0,23,,5085,42,0,15 1 16,0,57,,5086,42,0,15 1 16,0,21,,5087,42,0,15 1 16,0,23,,5088,42,0,15 1 16,0,68,,5089,42,,,0,31,,5090,42,0,15 1 16,0,64,,5091,42,,,0,33,,5092,42,0,15 1 16,0,68,,5093,42,0,15 1 16,0,36,,5098,42,,,0,98,,5099,42,0,15 1 16,0,154,,5094,29,0,15 1 16,0
701,'65031',747,,5117,29,,,0,101,,5118,29,,,0,78,,5116,42,0,15 1 16,0,80,,5108,29,0,15 1 16,0,21,,5100,42,0,15 1 16,0,29,,5109,29,0,15 1 16,0,66,,5101,42,0,15 1 16,0,33,,5110,29,0,15 1 16,0,71,,5102,42,0,15 1 16,0,31,,5111,29,0,15 1 16,0,69,,5103,42,0,15 1 16,0,30,,5112,29,0,15 1 16,0,70,,5104,42,0,15 1 16,0,30,,5113,29,0,15 1 16,0,70,,5105,42,0,15 1 16,0,30,,5114,29,0,15 1 16,0,75,,5106,42,0,15 1 16,0,70,,5115,29,0,15 1 16,0,32,,5107,29,0,15 1 16,0,17,,5119,29,,,0,60,,5120,29,0,15 1 16,0,32,,5121,29,,,0,69,,5129,29,,,0,40,,5122,42,,,0,100,,5123,42,,,0,99,,5124,42,,,0,99,,5125,42,,,0,98,,5126,42,0,15 1 16,0,158,,5127,29,0,15 1 16,0
701,'65032',747,,5147,29,,,0,101,,5148,29,,,0,78,,5146,42,0,15 1 16,0,80,,5138,29,0,15 1 16,0,21,,5130,42,0,15 1 16,0,29,,5139,29,0,15 1 16,0,66,,5131,42,0,15 1 16,0,33,,5140,29,0,15 1 16,0,71,,5132,42,0,15 1 16,0,31,,5141,29,0,15 1 16,0,69,,5133,42,0,15 1 16,0,30,,5142,29,0,15 1 16,0,70,,5134,42,0,15 1 16,0,30,,5143,29,0,15 1 16,0,70,,5135,42,0,15 1 16,0,30,,5144,29,0,15 1 16,0,75,,5136,42,0,15 1 16,0,70,,5145,29,0,15 1 16,0,32,,5137,29,0,15 1 16,0,17,,5149,29,,,0,60,,5150,29,0,15 1 16,0,32,,5151,29,,,0,69,,5159,29,,,0,40,,5152,42,,,0,100,,5153,42,,,0,99,,5154,42,,,0,99,,5155,42,,,0,98,,5156,42,0,15 1 16,0,158,,5157,29,0,15 1 16,0
1100,'65030',640,,5519,20,,,0,67,,5520,20,,,0,33,,5567,20,0,22 23,0,18,,5521,20,,,0,62,,5522,20,,,0,80,,5523,20,,,0,28,,5525,20,,,0,31,,5526,20,,,0,71,,5527,20,,,0,70,,5528,20,,,0,28,,5529,20,,,0,28,,5530,20,,,0,71,,5531,20,,,0,31,,5532,20,,,0,72,,5533,20,,,0,29,,5534,20,,,0,69,,5535,20,,,0,30,,5536,20,,,0,70,,5537,20,,,0,26,,5538,20,,,0,68,,5539,20,,,0,29,,5540,20,,,0,76,,5541,20,,,0,31,,5542,20,,,0,66,,5569,20,,,0,33,,5543,20,,,0,70,,5544,20,,,0,83,,5545,20,,,0,101,,5546,20,,,0,103,,5547,20,,,0,100,,5548,20,0,24 1 25,0,90,,5570,20,0,22 23,0
1100,'65031',806,,5595,20,,,0,97,,5579,20,,,0,32,,5580,20,,,0,100,,5581,20,,,0,92,,5582,20,,,0,97,,5583,20,,,0,106,,5584,20,,,0,100,,5585,20,,,0,103,,5586,20,,,0,100,,5597,20,,,0,68,,5598,20,,,0,105,,5600,20,,,0,97,,5601,20,,,0,100,,5602,20,,,0,100,,5603,20,,,0,101,,5604,20,,,0,108,,5605,20,0,24 1 25,0
1100,'65032',806,,5622,20,,,0,97,,5606,20,,,0,32,,5607,20,,,0,100,,5608,20,,,0,92,,5609,20,,,0,97,,5610,20,,,0,106,,5611,20,,,0,100,,5612,20,,,0,103,,5613,20,,,0,100,,5624,20,,,0,68,,5625,20,,,0,105,,5627,20,,,0,97,,5628,20,,,0,100,,5629,20,,,0,100,,5630,20,,,0,101,,5631,20,,,0,108,,5632,20,0,24 1 25,0
1101,'65030',554,,5635,23,,,0,69,,5636,23,,,0,35,,5692,56,0,15 1 16,0,57,,5637,56,,,0,33,,5638,56,,,0,68,,5693,56,,,0,15,,5639,56,,,0,28,,5640,56,,,0,67,,5641,56,,,0,25,,5642,56,,,0,68,,5643,56,,,0,16,,5656,34,0,15 1 16,0,14,,5644,56,,,0,71,,5645,56,,,0,19,,5657,34,0,15 1 16,0,12,,5646,56,,,0,56,,5661,34,0,15 1 16,0,14,,5647,56,,,0,15,,5658,34,0,15 1 16,0,15,,5648,56,,,0,56,,5662,34,0,15 1 16,0,13,,5649,56,,,0,15,,5659,34,0,15 1 16,0,15,,5650,56,,,0,70,,5651,56,,,0,13,,5660,34,0,15 1 16,0,17,,5652,56,,,0,56,,5663,34,0,15 1 16,0,17,,5653,56,,,0,10,,5655,34,0,15 1 16,0,9,,5664,34,0,15 1 16,0,11,,5654,56,,,0,54,,5680,56,0,15 1 16,0,8,,5681,34,0,15 1 16,0,7,,5682,34,0,15 1 16,0,8,,5665,56,,,0,17,,5683,34,0,15 1 16,0,53,,5666,56,,,0,8,,5684,34,0,15 1 16,0,12,,5685,34,0,15 1 16,0,8,,5667,56,,,0,16,,5686,34,0,15 1 16,0,14,,5668,56,,,0,56,,5677,56,0,15 1 16,0,14,,5669,56,,,0,20,,5670,56,,,0,56,,5687,34,0,15 1 16,0,15,,5671,56,,,0,9,,5688,34,0,15 1 16,0,19,,5672,56,,,0,71,,5689,56,0,15 1 16,0,29,,5673,56,,,0,65,,5678,56,0,15 1 16,0,26,,5679,56,0,15 1 16,0,15,,5674,56,,,0,52,,5690,56,0,15 1 16,0,14,,5691,34,0,15 1 16,0,32,,5675,56,,,0,103,,5676,56,,,0,77,,5694,56,0,15 1 16,0
1101,'65031',650,,5713,23,,,0,98,,5714,23,,,0,95,,5712,56,,,0,79,,5695,34,,,0,33,,5704,56,0,15 1 16,0,67,,5696,56,,,0,33,,5705,56,0,15 1 16,0,67,,5697,56,,,0,33,,5706,56,0,15 1 16,0,67,,5698,56,,,0,33,,5707,56,0,15 1 16,0,67,,5699,56,,,0,33,,5708,56,0,15 1 16,0,67,,5700,56,,,0,33,,5709,56,0,15 1 16,0,72,,5701,56,,,0,28,,5710,56,0,15 1 16,0,74,,5702,56,,,0,71,,5711,56,0,15 1 16,0,31,,5703,56,,,0,12,,5715,56,0,15 1 16,0,16,,5716,56,,,0,68,,5717,56,0,15 1 16,0,24,,5718,56,,,0,101,,5719,56,,,0,100,,5720,56,,,0,99,,5721,56,,,0,100,,5722,56,,,0,99,,5723,56,,,0
1101,'65032',650,,5742,23,,,0,98,,5743,23,,,0,95,,5741,56,,,0,79,,5724,34,,,0,33,,5733,56,0,15 1 16,0,67,,5725,56,,,0,33,,5734,56,0,15 1 16,0,67,,5726,56,,,0,33,,5735,56,0,15 1 16,0,67,,5727,56,,,0,33,,5736,56,0,15 1 16,0,67,,5728,56,,,0,33,,5737,56,0,15 1 16,0,67,,5729,56,,,0,33,,5738,56,0,15 1 16,0,72,,5730,56,,,0,28,,5739,56,0,15 1 16,0,74,,5731,56,,,0,71,,5740,56,0,15 1 16,0,31,,5732,56,,,0,12,,5744,56,0,15 1 16,0,16,,5745,56,,,0,68,,5746,56,0,15 1 16,0,24,,5747,56,,,0,101,,5748,56,,,0,100,,5749,56,,,0,99,,5750,56,,,0,100,,5751,56,,,0,99,,5752,56,,,0
1101,'65035',1537,,5753,23,0,15 1 16,0,106,,5754,34,0,15 1 16,0
