700,'65030',646,,4944,44,,,0,76,,4946,44,,,0,24,,4947,44,,,0,63,,4949,52,,,0,8,,4950,44,,,0,17,,4952,44,,,0,17,,4954,52,,,0,56,,4955,44,,,0,27,,4963,44,,,0,66,,4970,44,,,0,38,,4964,44,,,0,62,,4971,44,,,0,38,,4965,44,,,0,63,,4972,44,,,0,39,,4966,44,,,0,63,,4973,52,,,0,38,,4967,44,,,0,60,,4974,52,,,0,38,,4968,44,,,0,62,,4975,44,,,0,19,,4962,44,,,0,22,,4969,44,,,0,63,,4976,52,,,0,22,,4977,44,,,0,78,,4978,44,,,0,20,,4979,52,,,0,75,,4980,44,,,0,24,,4981,52,,,0,25,,4982,52,,,0,60,,4983,52,,,0,27,,4984,44,,,0,74,,4985,44,,,0,25,,4986,44,,,0,74,,4987,52,,,0,25,,4988,44,,,0,74,,4989,52,,,0,36,,4990,44,,,0,100,,4991,52,,,0
700,'65031',742,,5010,44,,,0,101,,5011,52,,,0,101,,4992,52,,,0,91,,4993,44,,,0,102,,4994,44,,,0,102,,4995,44,,,0,100,,4996,44,,,0,101,,4997,44,,,0,100,,4998,44,,,0,301,,5014,52,,,0,104,,5015,52,,,0,100,,5016,52,,,0,100,,5017,52,,,0,100,,5018,52,,,0,98,,5019,52,,,0
700,'65032',742,,5038,44,,,0,101,,5039,52,,,0,101,,5020,52,,,0,91,,5021,44,,,0,102,,5022,44,,,0,102,,5023,44,,,0,100,,5024,44,,,0,101,,5025,44,,,0,100,,5026,44,,,0,301,,5042,52,,,0,104,,5043,52,,,0,100,,5044,52,,,0,100,,5045,52,,,0,100,,5046,52,,,0,98,,5047,52,,,0
701,'65030',1313,,5067,2,0,15 1 16,0,138,,5063,2,0,15 1 16,0,170,,5080,2,0,15 1 16,0,130,,5084,2,0,15 1 16,0
800,'65030',649,,5160,51,,,1,56,,5212,51,,,1,12,,5161,51,,,1,23,,5162,51,,,1,11,,5163,51,,,1,55,,5164,51,,,1,15,,5165,51,,,1,15,,5166,51,,,1,16,,5167,51,,,1,53,,5168,51,,,1,21,,5169,51,,,1,20,,5170,51,,,1,58,,5171,51,,,1,21,,5172,51,,,1,20,,5173,51,,,1,60,,5174,51,,,1,21,,5175,51,,,1,20,,5176,51,,,1,60,,5177,51,,,1,21,,5178,51,,,1,20,,5179,51,,,1,61,,5180,51,,,1,22,,5181,51,,,1,19,,5182,51,,,1,57,,5183,51,,,1,20,,5184,51,,,1,23,,5185,51,,,1,57,,5186,51,,,1,20,,5187,51,,,1,10,,5188,51,,,1,15,,5189,51,,,1,56,,5190,51,,,1,17,,5191,51,,,1,17,,5192,51,,,1,8,,5193,51,,,1,7,,5194,51,,,1,51,,5195,51,,,1,13,,5196,51,,,1,16,,5197,51,,,1,15,,5198,51,,,1,54,,5199,51,,,1,22,,5200,51,,,1,18,,5201,51,,,1,56,,5202,51,,,1,22,,5203,51,,,1,30,,5204,51,,,1,69,,5205,51,,,1,30,,5206,51,,,1,70,,5207,51,,,1,34,,5208,51,,,1,65,,5209,51,,,1,27,,5210,51,,,1,100,,5211,51,,,1
800,'65031',648,,5229,51,,,1,101,,5230,51,,,1,69,,5231,51,,,1,29,,5232,51,,,1,59,,5233,51,,,1,32,,5213,51,,,1,71,,5214,51,,,1,29,,5215,51,,,1,71,,5216,51,,,1,29,,5217,51,,,1,70,,5218,51,,,1,31,,5219,51,,,1,71,,5220,51,,,1,31,,5221,51,,,1,70,,5222,51,,,1,30,,5223,51,,,1,70,,5224,51,,,1,29,,5225,51,,,1,70,,5226,51,,,1,30,,5227,51,,,1,69,,5228,51,,,1,30,,5234,51,,,1,72,,5235,51,,,1,30,,5242,51,,,1,62,,5236,51,,,1,24,,5243,51,,,1,23,,5237,51,,,1,100,,5238,51,,,1,99,,5239,51,,,1,100,,5240,51,,,1,100,,5241,51,,,1
800,'65032',648,,5260,51,,,1,101,,5261,51,,,1,69,,5262,51,,,1,29,,5263,51,,,1,59,,5264,51,,,1,32,,5244,51,,,1,71,,5245,51,,,1,29,,5246,51,,,1,71,,5247,51,,,1,29,,5248,51,,,1,70,,5249,51,,,1,31,,5250,51,,,1,71,,5251,51,,,1,31,,5252,51,,,1,70,,5253,51,,,1,30,,5254,51,,,1,70,,5255,51,,,1,29,,5256,51,,,1,70,,5257,51,,,1,30,,5258,51,,,1,69,,5259,51,,,1,30,,5265,51,,,1,72,,5266,51,,,1,30,,5273,51,,,1,62,,5267,51,,,1,24,,5274,51,,,1,23,,5268,51,,,1,100,,5269,51,,,1,99,,5270,51,,,1,100,,5271,51,,,1,100,,5272,51,,,1
801,'65030',607,,5275,2,,,1,29,,5276,2,,,1,105,,5322,2,,,1,782,,5304,2,,,1,82,,5307,2,,,1
40100,'65030',644,,7359,7,,,0,69,,7360,7,,,0,29,,7361,7,,,0,70,,7362,7,,,0,31,,7363,7,,,0
45300,'65030',747,,7417,6,,,0,99,,7418,6,,,0,399,,7419,6,,,0,275,,7420,6,,,0,112,,7421,6,,,0,94,,7422,6,,,0,90,,7423,6,,,0
45400,'65030',648,,7430,5,,,0,69,,7431,5,,,0,22,,7432,5,,,0,72,,7433,5,,,0,36,,7434,5,,,0,697,,7435,5,,,0
45401,'65030',1510,,7436,2,,,0,29,,7437,2,,,0,67,,7438,2,,,0,40,,7439,2,,,0,64,,7440,2,,,0
90801,'65030',2420,,7849,2,,,0
90801,'65031',2420,,7850,2,,,0
90801,'65032',2420,,7851,2,,,0
