1800,'65040',646,,10171,11,,,0,72,,10172,11,,,0,32,,10173,11,,,0,90,,10174,11,,,0,100,,10175,11,,,0,100,,10176,11,,,0,81,,10177,11,,,0,101,,10178,11,,,0,101,,10179,11,,,0,101,,10180,11,,,0,99,,10181,11,,,0,88,,10182,11,,,0,89,,10183,11,,,0,44,,10184,11,,,0,106,,10185,11,,,0,91,,10186,11,,,0,86,,10187,11,,,0,29,,10188,11,,,0,98,,10189,11,,,0
1800,'65041',745,,10199,11,,,0,113,,10190,11,,,0,99,,10191,11,,,0,100,,10192,11,,,0,95,,10193,11,,,0,100,,10194,11,,,0,101,,10195,11,,,0,100,,10196,11,,,0,99,,10197,11,,,0,101,,10198,11,,,0,100,,10200,11,,,0,93,,10201,11,,,0,101,,10202,11,,,0,100,,10203,11,,,0,99,,10204,11,,,0
1800,'65042',745,,10214,11,,,0,113,,10205,11,,,0,99,,10206,11,,,0,100,,10207,11,,,0,95,,10208,11,,,0,100,,10209,11,,,0,101,,10210,11,,,0,100,,10211,11,,,0,99,,10212,11,,,0,101,,10213,11,,,0,100,,10215,11,,,0,93,,10216,11,,,0,101,,10217,11,,,0,100,,10218,11,,,0,99,,10219,11,,,0
3600,'65040',625,,10657,2,,,2,27,,10667,2,,,2,58,,10656,2,,,2,30,,10668,2,,,2,70,,10658,2,,,2,30,,10665,2,,,2,90,,10663,2,,,2,100,,10664,2,,,2,100,,10662,2,,,2,100,,10661,2,,,2,100,,10660,2,,,2,80,,10659,2,,,2,45,,10669,2,,,2,70,,10670,2,,,2,30,,10666,2,,,2,70,,10673,2,,,2,30,,10672,2,,,2,70,,10674,2,,,2,30,,10671,2,,,2,90,,10676,2,,,2,100,,10675,2,,,2,100,,10678,2,,,2,99,,10677,2,,,2,86,,10679,2,,,2
5201,'65040',559,,10937,2,,,2,74,,10938,2,,,2,75,,10939,2,,,2,798,,10945,2,,,2,35,,10944,2,,,2,75,,10943,2,,,2,35,,10942,2,,,2,80,,10941,2,,,2,75,,10940,2,,,2
91700,'65040',548,,11523,16,,,0,1705,,11524,16,0,22 23 2 70,0
91700,'65041',641,,11525,16,0,22 23 2 70,0
91700,'65042',641,,11526,16,0,22 23 2 70,0
91800,'65041',2243,,11528,15,,,0
91800,'65042',2243,,11529,15,,,0
