801,'65030',641,,5275,49,,,1,70,,5276,49,,,1,19,,5277,44,,,1,17,,5278,44,,,1,9,,5326,44,,,1,48,,5279,44,,,1,8,,5280,44,,,1,12,,5322,49,,,1,9,,5281,44,,,1,13,,5282,44,,,1,54,,5283,44,,,1,13,,5284,44,,,1,20,,5285,44,,,1,19,,5286,44,,,1,60,,5287,44,,,1,20,,5288,44,,,1,20,,5289,44,,,1,60,,5290,44,,,1,21,,5291,44,,,1,20,,5292,44,,,1,61,,5293,44,,,1,20,,5294,44,,,1,20,,5295,44,,,1,59,,5296,44,,,1,20,,5297,44,,,1,20,,5298,44,,,1,60,,5299,44,,,1,21,,5300,44,,,1,21,,5301,44,,,1,60,,5325,44,,,1,15,,5302,44,,,1,15,,5303,44,,,1,61,,5304,49,,,1,15,,5305,44,,,1,18,,5306,44,,,1,16,,5307,49,,,1,51,,5308,44,,,1,15,,5309,44,,,1,14,,5310,44,,,1,15,,5311,44,,,1,54,,5312,44,,,1,20,,5313,44,,,1,25,,5314,44,,,1,59,,5315,44,,,1,33,,5316,44,,,1,66,,5317,44,,,1,29,,5318,44,,,1,64,,5319,44,,,1,31,,5320,44,,,1,70,,5321,44,,,1,37,,5324,44,,,1,100,,5323,44,,,1
801,'65031',737,,5344,44,,,1,99,,5345,44,,,1,65,,5346,44,,,1,21,,5327,44,,,1,31,,5328,44,,,1,70,,5329,44,,,1,31,,5330,44,,,1,71,,5331,44,,,1,30,,5332,44,,,1,70,,5333,44,,,1,31,,5334,44,,,1,70,,5335,44,,,1,30,,5336,44,,,1,70,,5337,44,,,1,30,,5338,44,,,1,70,,5339,44,,,1,30,,5340,44,,,1,70,,5341,44,,,1,30,,5342,44,,,1,70,,5343,44,,,1,29,,5347,44,,,1,70,,5348,44,,,1,30,,5349,44,,,1,67,,5355,44,,,1,18,,5350,44,,,1,69,,5356,44,,,1,31,,5351,44,,,1,100,,5352,44,,,1,98,,5353,44,,,1,99,,5354,44,,,1
801,'65032',737,,5374,44,,,1,99,,5375,44,,,1,65,,5376,44,,,1,21,,5357,44,,,1,31,,5358,44,,,1,70,,5359,44,,,1,31,,5360,44,,,1,71,,5361,44,,,1,30,,5362,44,,,1,70,,5363,44,,,1,31,,5364,44,,,1,70,,5365,44,,,1,30,,5366,44,,,1,70,,5367,44,,,1,30,,5368,44,,,1,70,,5369,44,,,1,30,,5370,44,,,1,70,,5371,44,,,1,30,,5372,44,,,1,70,,5373,44,,,1,29,,5377,44,,,1,70,,5378,44,,,1,30,,5379,44,,,1,67,,5385,44,,,1,18,,5380,44,,,1,69,,5386,44,,,1,31,,5381,44,,,1,100,,5382,44,,,1,98,,5383,44,,,1,99,,5384,44,,,1
901,'65030',707,,5452,52,,,0,28,,5453,52,,,0,24,,5454,52,,,0,49,,5459,22,,,0,16,,5455,52,,,0,17,,5456,52,,,0,18,,5457,52,,,0,64,,5458,52,,,0,26,,5474,52,,,0,62,,5473,52,,,0,20,,5472,52,,,0,81,,5471,52,,,0,21,,5470,52,,,0,80,,5469,52,,,0,21,,5468,52,,,0,81,,5467,52,,,0,20,,5466,52,,,0,80,,5465,52,,,0,20,,5464,52,,,0,80,,5463,52,,,0,21,,5462,52,,,0,66,,5486,52,,,0,27,,5461,52,,,0,25,,5460,52,,,0,88,,5482,52,,,0,83,,5485,52,,,0,22,,5484,52,,,0,72,,5483,52,,,0
901,'65031',1037,,5487,52,,,0,100,,5488,52,,,0,99,,5494,52,,,0,101,,5493,52,,,0,100,,5492,52,,,0,99,,5491,52,,,0,105,,5490,52,,,0,97,,5489,52,,,0
901,'65032',1037,,5503,52,,,0,100,,5504,52,,,0,99,,5510,52,,,0,101,,5509,52,,,0,100,,5508,52,,,0,99,,5507,52,,,0,105,,5506,52,,,0,97,,5505,52,,,0
1100,'65030',606,,5563,21,0,22 23,0,21,,5578,21,0,22 23,0,26,,5519,42,,,0,67,,5520,42,,,0,18,,5524,21,,,0,18,,5567,42,0,22 23,0,46,,5566,21,0,22 23,0,12,,5521,42,,,0,9,,5565,21,0,22 23,0,12,,5522,42,,,0,16,,5564,21,0,22 23,0,64,,5523,42,,,0,14,,5571,21,0,22 23,0,14,,5525,42,,,0,14,,5568,21,0,22 23,0,56,,5526,42,,,0,13,,5572,21,0,22 23,0,17,,5527,42,,,0,13,,5560,21,0,22 23,0,57,,5528,42,,,0,12,,5573,21,0,22 23,0,17,,5529,42,,,0,11,,5561,21,0,22 23,0,58,,5530,42,,,0,14,,5559,21,0,22 23,0,17,,5531,42,,,0,15,,5562,21,0,22 23,0,56,,5532,42,,,0,13,,5557,21,0,22 23,0,17,,5533,42,,,0,14,,5558,21,0,22 23,0,55,,5534,42,,,0,13,,5576,21,,,0,17,,5535,42,,,0,13,,5554,21,0,22 23,0,57,,5536,42,,,0,13,,5556,21,0,22 23,0,17,,5537,42,,,0,5,,5552,21,0,22 23,0,9,,5555,21,0,22 23,0,52,,5538,42,,,0,15,,5549,21,,,0,14,,5539,42,,,0,15,,5574,21,0,22 23,0,54,,5540,42,,,0,19,,5577,21,0,22 23,0,16,,5541,42,,,0,12,,5575,21,0,22 23,0,58,,5542,42,,,0,12,,5553,21,0,22 23,0,14,,5569,42,,,0,73,,5543,42,,,0,30,,5544,42,,,0,83,,5545,42,,,0,31,,5550,21,,,0,70,,5546,42,,,0,26,,5551,21,0,24 1 25,0,77,,5547,42,,,0,100,,5548,42,0,24 1 25,0,90,,5570,42,0,22 23,0
1100,'65031',718,,5594,21,,,0,100,,5595,42,,,0,31,,5596,21,,,0,66,,5579,42,,,0,32,,5580,42,,,0,72,,5587,21,,,0,28,,5581,42,,,0,62,,5588,21,,,0,30,,5582,42,,,0,69,,5589,21,,,0,28,,5583,42,,,0,74,,5590,21,,,0,32,,5584,42,,,0,67,,5591,21,,,0,33,,5585,42,,,0,67,,5592,21,,,0,36,,5586,42,,,0,64,,5593,21,,,0,36,,5597,42,,,0,67,,5598,42,,,0,44,,5599,21,0,22 23,0,61,,5600,42,,,0,97,,5601,42,,,0,100,,5602,42,,,0,100,,5603,42,,,0,101,,5604,42,,,0,108,,5605,42,0,24 1 25,0
1100,'65032',718,,5621,21,,,0,100,,5622,42,,,0,31,,5623,21,,,0,66,,5606,42,,,0,32,,5607,42,,,0,72,,5614,21,,,0,28,,5608,42,,,0,62,,5615,21,,,0,30,,5609,42,,,0,69,,5616,21,,,0,28,,5610,42,,,0,74,,5617,21,,,0,32,,5611,42,,,0,67,,5618,21,,,0,33,,5612,42,,,0,67,,5619,21,,,0,36,,5613,42,,,0,64,,5620,21,,,0,36,,5624,42,,,0,67,,5625,42,,,0,44,,5626,21,0,22 23,0,61,,5627,42,,,0,97,,5628,42,,,0,100,,5629,42,,,0,100,,5630,42,,,0,101,,5631,42,,,0,108,,5632,42,0,24 1 25,0
1100,'65037',759,,5633,21,0,22 23,0,50,,5634,21,0,22 23,0
1301,'65030',813,,5892,28,,,0
1401,'65030',600,,5972,35,,,0,30,,6020,35,,,0,26,,5973,35,,,0,66,,5974,35,,,0,19,,5975,35,,,0,16,,5976,35,,,0,52,,5977,35,,,0,27,,5978,35,,,0,20,,6019,35,,,0,57,,5979,35,,,0,19,,5987,35,,,0,19,,6018,35,,,0,60,,5980,35,,,0,20,,5988,35,,,0,20,,5994,35,,,0,60,,5981,35,,,0,21,,5989,35,,,0,20,,5995,35,,,0,55,,5982,35,,,0,25,,5990,35,,,0,15,,5996,35,,,0,64,,5983,35,,,0,21,,5991,35,,,0,20,,5997,35,,,0,60,,5984,35,,,0,21,,5992,35,,,0,19,,5998,35,,,0,60,,5985,35,,,0,24,,5993,35,,,0,21,,5999,35,,,0,63,,5986,35,,,0,22,,6000,35,,,0,64,,6001,35,,,0,12,,6002,35,,,0,15,,6003,35,,,0,18,,6004,35,,,0,64,,6005,35,,,0,21,,6006,35,,,0,64,,6007,35,,,0,24,,6008,35,,,0,33,,6009,35,,,0,71,,6010,35,,,0,26,,6011,35,,,0,69,,6012,35,,,0,30,,6013,35,,,0,69,,6014,35,,,0,33,,6015,35,,,0,98,,6016,35,,,0,57,,6017,35,,,0
1401,'65031',751,,6029,35,,,0,100,,6030,35,,,0,98,,6021,35,,,0,90,,6022,35,,,0,100,,6023,35,,,0,101,,6024,35,,,0,100,,6025,35,,,0,100,,6026,35,,,0,100,,6027,35,,,0,100,,6028,35,,,0,117,,6031,35,,,0,101,,6032,35,,,0,97,,6033,35,,,0,100,,6034,35,,,0,97,,6035,35,,,0,97,,6036,35,,,0,101,,6037,35,,,0,60,,6038,35,,,0
1401,'65032',751,,6047,35,,,0,100,,6048,35,,,0,98,,6039,35,,,0,90,,6040,35,,,0,100,,6041,35,,,0,101,,6042,35,,,0,100,,6043,35,,,0,100,,6044,35,,,0,100,,6045,35,,,0,100,,6046,35,,,0,117,,6049,35,,,0,101,,6050,35,,,0,97,,6051,35,,,0,100,,6052,35,,,0,97,,6053,35,,,0,97,,6054,35,,,0,101,,6055,35,,,0,60,,6056,35,,,0
1601,'65030',643,,6208,15,,,0,81,,6209,15,,,0,19,,6210,15,,,0,16,,6211,15,,,0,54,,6212,15,,,0,20,,6207,15,,,0,70,,6213,15,,,0,24,,6214,15,,,0,24,,6221,15,,,0,72,,6220,15,,,0,29,,6222,15,,,0,71,,6219,15,,,0,27,,6223,15,,,0,53,,6227,15,,,0,16,,6218,15,,,0,13,,6228,15,,,0,16,,6224,15,,,0,57,,6247,15,,,0,18,,6217,15,,,0,30,,6225,15,,,0,70,,6216,15,,,0,28,,6226,15,,,0,70,,6215,15,,,0,17,,6249,15,,,0,18,,6246,15,,,0,65,,6245,15,,,0,29,,6244,15,,,0,52,,6243,15,,,0,12,,6242,15,,,0,16,,6241,15,,,0,13,,6240,15,,,0,57,,6239,15,,,0,19,,6238,15,,,0,25,,6248,15,,,0,66,,6237,15,,,0,27,,6236,15,,,0,69,,6235,15,,,0,31,,6234,15,,,0,73,,6233,15,,,0,29,,6250,15,,,0,69,,6232,15,,,0,23,,6231,15,,,0,16,,6230,15,,,0,75,,6229,15,,,0
1601,'65031',705,,6260,15,,,0,102,,6261,15,,,0,101,,6259,15,,,0,93,,6267,15,,,0,28,,6251,15,,,0,100,,6252,15,,,0,100,,6253,15,,,0,101,,6254,15,,,0,100,,6255,15,,,0,101,,6256,15,,,0,99,,6257,15,,,0,99,,6258,15,,,0,100,,6262,15,,,0,78,,6263,15,,,0,100,,6264,15,,,0,99,,6265,15,,,0,125,,6266,15,,,0
1601,'65032',705,,6277,15,,,0,102,,6278,15,,,0,101,,6276,15,,,0,93,,6284,15,,,0,28,,6268,15,,,0,100,,6269,15,,,0,100,,6270,15,,,0,101,,6271,15,,,0,100,,6272,15,,,0,101,,6273,15,,,0,99,,6274,15,,,0,99,,6275,15,,,0,100,,6279,15,,,0,78,,6280,15,,,0,100,,6281,15,,,0,99,,6282,15,,,0,125,,6283,15,,,0
2901,'65033',2423,,6961,17,,,0,30,,6960,17,,,0,70,,6959,17,,,0,30,,6958,17,,,0,70,,6957,17,,,0,30,,6956,17,,,0
