401,'65030',643,,4559,15,,,0,62,,4560,15,,,0,16,,4561,15,,,0,23,,4562,15,,,0,71,,4563,15,,,0,30,,4600,15,,,0,71,,4601,15,0,5 6,0,35,,4569,15,,,0,70,,4570,15,,,0,38,,4571,15,,,0,65,,4572,15,,,0,27,,4573,15,,,0,75,,4574,15,0,5 6,0,25,,4575,15,,,0,74,,4576,15,0,5 6,0,24,,4577,15,,,0,72,,4578,15,0,5 6,0,30,,4579,15,,,0,70,,4580,15,0,5 6,0,36,,4591,15,0,5 6,0,70,,4592,15,,,0,32,,4590,15,0,5 6,0,64,,4589,15,0,5 6,0,15,,4588,15,,,0,20,,4587,15,,,0,66,,4599,15,,,0,91,,4586,15,,,0,25,,4585,15,,,0,71,,4584,15,,,0,28,,4583,15,,,0,76,,4582,15,,,0,85,,4581,15,0,5 6,0
401,'65031',809,,4623,15,,,0,126,,4615,15,,,0,99,,4616,15,,,0,100,,4617,15,,,0,100,,4618,15,,,0,100,,4619,15,,,0,100,,4620,15,,,0,101,,4621,15,,,0,100,,4622,15,,,0,97,,4637,15,,,0,21,,4628,15,,,0,60,,4629,15,,,0
401,'65032',809,,4653,15,,,0,126,,4645,15,,,0,99,,4646,15,,,0,100,,4647,15,,,0,100,,4648,15,,,0,100,,4649,15,,,0,100,,4650,15,,,0,101,,4651,15,,,0,100,,4652,15,,,0,97,,4667,15,,,0,21,,4658,15,,,0,60,,4659,15,,,0
401,'65035',739,,4668,15,,,0
5500,'65030',824,,7269,98,,,0,113,,7270,98,,,0,110,,7271,98,,,0,155,,7278,98,,,0,121,,7272,98,,,0,112,,7273,98,,,0,118,,7274,98,,,0,161,,7275,98,,,0,111,,7276,98,,,0
5500,'65031',909,,7284,98,,,0,111,,7286,98,,,0,111,,7285,98,,,0,110,,7283,98,,,0,113,,7282,98,,,0,150,,7281,98,,,0,113,,7280,98,,,0
5500,'65032',909,,7292,98,,,0,111,,7294,98,,,0,111,,7293,98,,,0,110,,7291,98,,,0,113,,7290,98,,,0,150,,7289,98,,,0,113,,7288,98,,,0
90401,'65030',604,,7832,14,,,0,1703,,7833,14,,,0
90401,'65031',612,,7834,14,,,0,100,,7835,14,,,0,1197,,7836,14,,,0,100,,7837,14,,,0,100,,7838,14,,,0,100,,7839,14,,,0,100,,7840,14,,,0
90401,'65032',612,,7841,14,,,0,100,,7842,14,,,0,1197,,7843,14,,,0,100,,7844,14,,,0,100,,7845,14,,,0,100,,7846,14,,,0,100,,7847,14,,,0
