100,'65030',857,,3974,9,,,0,98,,3975,9,,,0,99,,3976,9,,,0,100,,3977,9,,,0,99,,3978,9,,,0,100,,3979,9,,,0,269,,3991,9,,,0,29,,3992,9,,,0,71,,3993,9,,,0,27,,3994,9,,,0,176,,3995,9,,,0,101,,3996,9,,,0,92,,3997,9,,,0,94,,3998,9,0,5 6,0,101,,3999,9,0,5 6,0
100,'65031',1718,,4009,9,0,5 6,0
100,'65032',1718,,4020,9,0,5 6,0
300,'65030',612,,4213,24,,,0,15,,4269,24,,,0,15,,4214,24,,,0,14,,4215,24,,,0,53,,4216,24,,,0,10,,4217,24,,,0,9,,4218,24,,,0,6,,4219,24,,,0,7,,4220,24,,,0,9,,4221,24,,,0,50,,4222,24,,,0,18,,4223,24,,,0,15,,4224,24,,,0,16,,4270,24,,,0,55,,4225,24,,,0,20,,4226,24,,,0,20,,4227,24,,,0,60,,4228,24,,,0,20,,4229,24,,,0,20,,4230,24,,,0,59,,4231,24,,,0,20,,4232,24,,,0,20,,4233,24,,,0,60,,4234,24,,,0,19,,4235,24,,,0,20,,4236,24,,,0,60,,4237,24,,,0,20,,4238,24,,,0,20,,4239,24,,,0,60,,4240,24,,,0,20,,4241,24,,,0,15,,4242,24,,,0,15,,4243,24,,,0,54,,4245,24,,,0,15,,4251,24,,,0,9,,4246,24,,,0,10,,4247,24,,,0,9,,4248,24,,,0,10,,4249,24,,,0,50,,4250,24,,,0,20,,4252,24,,,0,15,,4253,24,,,0,15,,4254,24,,,0,55,,4255,24,,,0,23,,4256,24,,,0,22,,4257,24,,,0,60,,4258,24,,,0,20,,4259,24,,,0,65,,4260,24,,,0,31,,4261,24,,,0,70,,4262,24,,,0,31,,4267,24,,,0,65,,4263,24,,,0,20,,4264,24,,,0,21,,4265,24,,,0,78,,4266,24,,,0,32,,4244,24,,,0
300,'65031',712,,4287,24,,,0,24,,4288,24,,,0,73,,4289,24,,,0,23,,4300,24,,,0,23,,4271,24,,,0,69,,4272,24,,,0,30,,4273,24,,,0,69,,4274,24,,,0,30,,4275,24,,,0,69,,4276,24,,,0,30,,4277,24,,,0,70,,4278,24,,,0,30,,4279,24,,,0,70,,4280,24,,,0,29,,4281,24,,,0,70,,4282,24,,,0,30,,4283,24,,,0,70,,4284,24,,,0,30,,4285,24,,,0,70,,4286,24,,,0,28,,4290,24,,,0,62,,4291,24,,,0,18,,4292,24,,,0,30,,4293,24,,,0,75,,4294,24,,,0,75,,4295,24,,,0,32,,4301,24,,,0,71,,4296,24,,,0,100,,4297,24,,,0,101,,4298,24,,,0,101,,4299,24,,,0
300,'65032',712,,4318,24,,,0,24,,4319,24,,,0,73,,4320,24,,,0,23,,4331,24,,,0,23,,4302,24,,,0,69,,4303,24,,,0,30,,4304,24,,,0,69,,4305,24,,,0,30,,4306,24,,,0,69,,4307,24,,,0,30,,4308,24,,,0,70,,4309,24,,,0,30,,4310,24,,,0,70,,4311,24,,,0,29,,4312,24,,,0,70,,4313,24,,,0,30,,4314,24,,,0,70,,4315,24,,,0,30,,4316,24,,,0,70,,4317,24,,,0,28,,4321,24,,,0,62,,4322,24,,,0,18,,4323,24,,,0,30,,4324,24,,,0,75,,4325,24,,,0,75,,4326,24,,,0,32,,4332,24,,,0,71,,4327,24,,,0,100,,4328,24,,,0,101,,4329,24,,,0,101,,4330,24,,,0
5500,'65030',725,,7269,19,,,0,121,,7270,19,,,0,111,,7271,19,,,0,156,,7278,19,,,0,119,,7272,19,,,0,113,,7273,19,,,0,155,,7274,19,,,0,118,,7275,19,,,0,118,,7276,19,,,0,110,,7277,19,0,5 6,0
5500,'65031',822,,7284,19,,,0,111,,7286,19,,,0,110,,7285,19,,,0,110,,7283,19,,,0,153,,7282,19,,,0,110,,7281,19,,,0,110,,7280,19,,,0,107,,7279,19,0,5 6,0
5500,'65032',822,,7292,19,,,0,111,,7294,19,,,0,110,,7293,19,,,0,110,,7291,19,,,0,153,,7290,19,,,0,110,,7289,19,,,0,110,,7288,19,,,0,107,,7287,19,0,5 6,0
5700,'65030',908,,7321,9,,,0,101,,7322,9,,,0,120,,7323,9,,,0,105,,7324,9,,,0,121,,7325,9,,,0,145,,7326,9,,,0,120,,7327,9,,,0
5700,'65031',1113,,7333,9,,,0,113,,7332,9,,,0,102,,7331,9,,,0,112,,7330,9,,,0,102,,7329,9,,,0,112,,7328,9,0,7 1 21,0
5700,'65032',1113,,7339,9,,,0,113,,7338,9,,,0,102,,7337,9,,,0,112,,7336,9,,,0,102,,7335,9,,,0,112,,7334,9,0,7 1 21,0
90300,'65030',2320,,7807,31,,,0,107,,7808,31,,,0
90300,'65031',2428,,7811,31,,,0
90300,'65032',2428,,7813,31,,,0
