300,'65030',606,,4213,12,,,0,15,,4269,12,,,0,15,,4214,12,,,0,14,,4215,12,,,0,53,,4216,12,,,0,10,,4217,12,,,0,9,,4218,12,,,0,5,,4219,12,,,0,7,,4220,12,,,0,8,,4221,12,,,0,10,,4222,12,,,0,58,,4223,12,,,0,17,,4224,12,,,0,16,,4270,12,,,0,15,,4225,12,,,0,60,,4226,12,,,0,20,,4227,12,,,0,20,,4228,12,,,0,60,,4229,12,,,0,20,,4230,12,,,0,19,,4231,12,,,0,60,,4232,12,,,0,20,,4233,12,,,0,20,,4234,12,,,0,59,,4235,12,,,0,20,,4236,12,,,0,20,,4237,12,,,0,60,,4238,12,,,0,20,,4239,12,,,0,20,,4240,12,,,0,60,,4241,12,,,0,15,,4242,12,,,0,14,,4243,12,,,0,14,,4245,12,,,0,55,,4251,12,,,0,9,,4246,12,,,0,10,,4247,12,,,0,9,,4248,12,,,0,10,,4249,12,,,0,50,,4250,12,,,0,19,,4252,12,,,0,14,,4253,12,,,0,15,,4254,12,,,0,55,,4255,12,,,0,24,,4256,12,,,0,23,,4257,12,,,0,60,,4258,12,,,0,21,,4259,12,,,0,25,,4260,12,,,0,71,,4261,12,,,0,30,,4262,12,,,0,71,,4267,12,,,0,25,,4263,12,,,0,60,,4264,12,,,0,21,,4265,12,,,0,78,,4266,12,,,0,32,,4244,12,,,0
300,'65031',707,,4287,12,,,0,24,,4288,12,,,0,73,,4289,12,,,0,23,,4300,12,,,0,23,,4271,12,,,0,68,,4272,12,,,0,30,,4273,12,,,0,68,,4274,12,,,0,30,,4275,12,,,0,69,,4276,12,,,0,30,,4277,12,,,0,70,,4278,12,,,0,30,,4279,12,,,0,70,,4280,12,,,0,29,,4281,12,,,0,69,,4282,12,,,0,30,,4283,12,,,0,70,,4284,12,,,0,31,,4285,12,,,0,70,,4286,12,,,0,28,,4290,12,,,0,62,,4291,12,,,0,18,,4292,12,,,0,30,,4293,12,,,0,75,,4294,12,,,0,75,,4295,12,,,0,32,,4301,12,,,0,71,,4296,12,,,0,100,,4297,12,,,0,101,,4298,12,,,0,101,,4299,12,,,0
300,'65032',707,,4318,12,,,0,24,,4319,12,,,0,73,,4320,12,,,0,23,,4331,12,,,0,23,,4302,12,,,0,68,,4303,12,,,0,30,,4304,12,,,0,68,,4305,12,,,0,30,,4306,12,,,0,69,,4307,12,,,0,30,,4308,12,,,0,70,,4309,12,,,0,30,,4310,12,,,0,70,,4311,12,,,0,29,,4312,12,,,0,69,,4313,12,,,0,30,,4314,12,,,0,70,,4315,12,,,0,31,,4316,12,,,0,70,,4317,12,,,0,28,,4321,12,,,0,62,,4322,12,,,0,18,,4323,12,,,0,30,,4324,12,,,0,75,,4325,12,,,0,75,,4326,12,,,0,32,,4332,12,,,0,71,,4327,12,,,0,100,,4328,12,,,0,101,,4329,12,,,0,101,,4330,12,,,0
1800,'65030',657,,6413,31,,,0,58,,6412,31,,,0,17,,6411,31,,,0,68,,6410,31,,,0,33,,6409,31,,,0,74,,6408,31,,,0,19,,6425,31,,,0,78,,6414,31,,,0,24,,6421,31,,,0,21,,6415,31,,,0,81,,6422,31,,,0,20,,6416,31,,,0,60,,6438,31,,,0,21,,6423,31,,,0,80,,6417,31,,,0,34,,6424,31,,,0,66,,6418,31,,,0,26,,6420,31,,,0,81,,6419,31,,,0,25,,6437,31,,,0,58,,6426,31,,,0,37,,6427,31,,,0,17,,6428,31,,,0,68,,6429,31,,,0,19,,6430,31,,,0,64,,6431,31,,,0,44,,6432,31,,,0,71,,6433,31,,,0,27,,6434,31,,,0,157,,6435,31,,,0,53,,6436,31,,,0
1800,'65031',755,,6448,31,,,0,151,,6439,31,,,0,96,,6440,31,,,0,99,,6441,31,,,0,101,,6442,31,,,0,100,,6443,31,,,0,100,,6444,31,,,0,100,,6445,31,,,0,100,,6446,31,,,0,107,,6447,31,,,0,97,,6449,31,,,0,49,,6450,31,,,0,86,,6451,31,,,0,100,,6452,31,,,0,100,,6453,31,,,0
1800,'65032',755,,6463,31,,,0,151,,6454,31,,,0,96,,6455,31,,,0,99,,6456,31,,,0,101,,6457,31,,,0,100,,6458,31,,,0,100,,6459,31,,,0,100,,6460,31,,,0,100,,6461,31,,,0,107,,6462,31,,,0,97,,6464,31,,,0,49,,6465,31,,,0,86,,6466,31,,,0,100,,6467,31,,,0,100,,6468,31,,,0
1800,'65035',742,,6470,22,,,0,68,,6469,22,,,0
90300,'65030',2315,,7807,19,,,0,107,,7808,19,,,0
90300,'65031',2423,,7811,19,,,0
90300,'65032',2423,,7813,19,,,0
