300,'65030',603,,4213,4,,,0,15,,4269,4,,,0,14,,4214,4,,,0,14,,4215,4,,,0,13,,4216,4,,,0,50,,4217,4,,,0,8,,4218,4,,,0,5,,4219,4,,,0,7,,4220,4,,,0,8,,4221,4,,,0,10,,4222,4,,,0,58,,4223,4,,,0,17,,4224,4,,,0,17,,4270,4,,,0,15,,4225,4,,,0,60,,4226,4,,,0,20,,4227,4,,,0,20,,4228,4,,,0,60,,4229,4,,,0,20,,4230,4,,,0,19,,4231,4,,,0,59,,4232,4,,,0,20,,4233,4,,,0,20,,4234,4,,,0,59,,4235,4,,,0,20,,4236,4,,,0,20,,4237,4,,,0,60,,4238,4,,,0,20,,4239,4,,,0,20,,4240,4,,,0,60,,4241,4,,,0,15,,4242,4,,,0,14,,4243,4,,,0,14,,4245,4,,,0,55,,4251,4,,,0,9,,4246,4,,,0,10,,4247,4,,,0,9,,4248,4,,,0,10,,4249,4,,,0,10,,4250,4,,,0,58,,4252,4,,,0,14,,4253,4,,,0,15,,4254,4,,,0,15,,4255,4,,,0,65,,4256,4,,,0,24,,4257,4,,,0,60,,4258,4,,,0,21,,4259,4,,,0,25,,4260,4,,,0,71,,4261,4,,,0,30,,4262,4,,,0,71,,4267,4,,,0,25,,4263,4,,,0,60,,4264,4,,,0,21,,4265,4,,,0,78,,4266,4,,,0,32,,4244,4,,,0
300,'65031',703,,4287,4,,,0,24,,4288,4,,,0,73,,4289,4,,,0,23,,4300,4,,,0,23,,4271,4,,,0,68,,4272,4,,,0,30,,4273,4,,,0,68,,4274,4,,,0,30,,4275,4,,,0,69,,4276,4,,,0,30,,4277,4,,,0,70,,4278,4,,,0,30,,4279,4,,,0,70,,4280,4,,,0,29,,4281,4,,,0,69,,4282,4,,,0,30,,4283,4,,,0,70,,4284,4,,,0,31,,4285,4,,,0,70,,4286,4,,,0,28,,4290,4,,,0,62,,4291,4,,,0,18,,4292,4,,,0,30,,4293,4,,,0,75,,4294,4,,,0,35,,4295,4,,,0,72,,4301,4,,,0,71,,4296,4,,,0,100,,4297,4,,,0,101,,4298,4,,,0,102,,4299,4,,,0
300,'65032',703,,4318,4,,,0,24,,4319,4,,,0,73,,4320,4,,,0,23,,4331,4,,,0,23,,4302,4,,,0,68,,4303,4,,,0,30,,4304,4,,,0,68,,4305,4,,,0,30,,4306,4,,,0,69,,4307,4,,,0,30,,4308,4,,,0,70,,4309,4,,,0,30,,4310,4,,,0,70,,4311,4,,,0,29,,4312,4,,,0,69,,4313,4,,,0,30,,4314,4,,,0,70,,4315,4,,,0,31,,4316,4,,,0,70,,4317,4,,,0,28,,4321,4,,,0,62,,4322,4,,,0,18,,4323,4,,,0,30,,4324,4,,,0,75,,4325,4,,,0,35,,4326,4,,,0,72,,4332,4,,,0,71,,4327,4,,,0,100,,4328,4,,,0,101,,4329,4,,,0,102,,4330,4,,,0
5001,'65030',655,,7074,4,,,0,67,,7097,4,0,31 32,0,29,,7075,4,,,0,71,,7098,4,0,31 32,0,31,,7076,4,,,0,75,,7077,4,,,0,76,,7078,4,,,0,99,,7079,4,,,0,100,,7080,4,,,0,100,,7081,4,,,0,100,,7082,4,,,0,100,,7096,4,0,31 32,0,35,,7083,4,,,0,81,,7095,4,0,31 32,0,30,,7084,4,,,0,69,,7094,4,0,31 32,0,31,,7085,4,,,0,69,,7093,4,0,31 32,0,29,,7086,4,,,0,60,,7087,4,,,0,47,,7088,4,,,0,85,,7089,4,,,0,85,,7090,4,,,0,85,,7091,4,,,0,47,,7092,4,,,0
5001,'65031',852,,7112,4,,,0,104,,7113,4,,,0,100,,7114,4,,,0,100,,7111,4,,,0,100,,7110,4,,,0,99,,7109,4,,,0,95,,7108,4,,,0,97,,7107,4,,,0,94,,7106,4,,,0,93,,7104,4,,,0,92,,7105,4,,,0,88,,7102,4,,,0,93,,7103,4,,,0,100,,7101,4,,,0,94,,7100,4,,,0,101,,7099,4,,,0
5001,'65032',852,,7128,4,,,0,104,,7129,4,,,0,100,,7130,4,,,0,100,,7127,4,,,0,100,,7126,4,,,0,99,,7125,4,,,0,95,,7124,4,,,0,97,,7123,4,,,0,94,,7122,4,,,0,93,,7120,4,,,0,92,,7121,4,,,0,88,,7118,4,,,0,93,,7119,4,,,0,100,,7117,4,,,0,94,,7116,4,,,0,101,,7115,4,,,0
5001,'65035',1647,,7131,4,0,33 3 34,0
90300,'65030',2311,,7807,11,,,0,107,,7808,11,,,0
90300,'65031',2419,,7811,11,,,0
90300,'65032',2419,,7813,11,,,0
91301,'65030',2508,,7860,36,,,0
91301,'65031',2508,,7861,36,,,0
91301,'65032',2508,,7862,36,,,0
