600,'65040',716,,8668,23,,,0,85,,8669,23,,,0,38,,8670,23,,,0,65,,8671,23,,,0,27,,8672,23,,,0,69,,8673,23,,,0,30,,8674,23,,,0,70,,8675,23,,,0,30,,8676,23,,,0,70,,8677,23,,,0,32,,8678,23,,,0,69,,8679,23,,,0,33,,8680,23,,,0,66,,8681,23,,,0,32,,8682,23,,,0,70,,8683,23,,,0,23,,8684,23,,,0,25,,8685,23,,,0,73,,8686,23,,,0,21,,8687,23,,,0,57,,8688,23,,,0,29,,8689,23,,,0,70,,8690,23,,,0,33,,8691,23,,,0,92,,8692,23,,,0,93,,8693,23,,,0,100,,8694,23,,,0,39,,8695,23,,,0,70,,8696,23,,,0,28,,8697,23,,,0,66,,8698,23,,,0
600,'65041',704,,8708,23,,,0,48,,8709,23,,,0,65,,8710,23,,,0,97,,8700,23,,,0,94,,8701,23,,,0,97,,8702,23,,,0,100,,8703,23,,,0,100,,8704,23,,,0,100,,8705,23,,,0,100,,8706,23,,,0,100,,8707,23,,,0,100,,8718,23,,,0,109,,8716,23,,,0,89,,8715,23,,,0,103,,8714,23,,,0,101,,8713,23,,,0,100,,8712,23,,,0,100,,8711,23,,,0
600,'65042',704,,8727,23,,,0,48,,8728,23,,,0,65,,8729,23,,,0,97,,8719,23,,,0,94,,8720,23,,,0,97,,8721,23,,,0,100,,8722,23,,,0,100,,8723,23,,,0,100,,8724,23,,,0,100,,8725,23,,,0,100,,8726,23,,,0,100,,8737,23,,,0,109,,8735,23,,,0,89,,8734,23,,,0,103,,8733,23,,,0,101,,8732,23,,,0,100,,8731,23,,,0,100,,8730,23,,,0
801,'65040',646,,9126,54,,,1,71,,9127,54,,,1,17,,9128,49,,,1,16,,9129,54,,,1,55,,9130,54,,,1,15,,9175,49,,,1,17,,9131,49,,,1,13,,9132,54,,,1,61,,9133,49,,,1,18,,9134,49,,,1,20,,9135,49,,,1,61,,9136,49,,,1,19,,9137,49,,,1,23,,9138,49,,,1,61,,9139,49,,,1,19,,9140,49,,,1,20,,9141,49,,,1,61,,9142,49,,,1,20,,9143,49,,,1,20,,9144,49,,,1,61,,9145,49,,,1,20,,9146,49,,,1,20,,9147,49,,,1,60,,9148,49,,,1,20,,9149,49,,,1,20,,9150,49,,,1,61,,9151,49,,,1,13,,9152,49,,,1,17,,9153,49,,,1,57,,9154,49,,,1,12,,9155,49,,,1,17,,9156,49,,,1,14,,9157,54,,,1,14,,9158,49,,,1,56,,9159,49,,,1,12,,9160,49,,,1,15,,9161,49,,,1,15,,9162,49,,,1,55,,9163,49,,,1,19,,9164,49,,,1,21,,9165,49,,,1,62,,9166,49,,,1,26,,9167,49,,,1,70,,9168,49,,,1,30,,9169,49,,,1,70,,9170,49,,,1,30,,9171,49,,,1,68,,9172,49,,,1,37,,9173,49,,,1,99,,9174,49,,,1
801,'65041',745,,9193,49,,,1,67,,9204,54,,,1,29,,9194,49,,,1,60,,9195,49,,,1,30,,9176,49,,,1,70,,9177,49,,,1,31,,9178,49,,,1,70,,9179,49,,,1,31,,9180,49,,,1,70,,9181,49,,,1,30,,9182,49,,,1,70,,9183,49,,,1,30,,9184,49,,,1,70,,9185,49,,,1,30,,9186,49,,,1,70,,9187,49,,,1,30,,9188,49,,,1,70,,9189,49,,,1,29,,9190,49,,,1,70,,9191,49,,,1,30,,9192,49,,,1,69,,9196,49,,,1,32,,9197,49,,,1,80,,9198,49,,,1,32,,9199,49,,,1,69,,9200,49,,,1,30,,9205,49,,,1,100,,9201,49,,,1,98,,9202,49,,,1,100,,9203,49,,,1
801,'65042',745,,9223,49,,,1,67,,9234,54,,,1,29,,9224,49,,,1,60,,9225,49,,,1,30,,9206,49,,,1,70,,9207,49,,,1,31,,9208,49,,,1,70,,9209,49,,,1,31,,9210,49,,,1,70,,9211,49,,,1,30,,9212,49,,,1,70,,9213,49,,,1,30,,9214,49,,,1,70,,9215,49,,,1,30,,9216,49,,,1,70,,9217,49,,,1,30,,9218,49,,,1,70,,9219,49,,,1,29,,9220,49,,,1,70,,9221,49,,,1,30,,9222,49,,,1,69,,9226,49,,,1,32,,9227,49,,,1,80,,9228,49,,,1,32,,9229,49,,,1,69,,9230,49,,,1,30,,9235,49,,,1,100,,9231,49,,,1,98,,9232,49,,,1,100,,9233,49,,,1
901,'65040',734,,9289,57,,,0,68,,9290,57,,,0,28,,9291,57,,,0,115,,9292,57,,,0,100,,9293,57,,,0,100,,9294,57,,,0,103,,9295,57,,,0,71,,9296,57,,,0,101,,9297,57,,,0,100,,9298,57,,,0,30,,9299,57,,,0,68,,9300,57,,,0,133,,9301,57,,,0
901,'65041',1040,,9313,57,,,0,101,,9314,57,,,0,102,,9320,57,,,0,100,,9319,57,,,0,100,,9318,57,,,0,100,,9317,57,,,0,101,,9316,57,,,0,100,,9315,57,,,0
901,'65042',1040,,9329,57,,,0,101,,9330,57,,,0,102,,9336,57,,,0,100,,9335,57,,,0,100,,9334,57,,,0,100,,9333,57,,,0,101,,9332,57,,,0,100,,9331,57,,,0
1100,'65040',612,,9378,26,0,22 23 2 67,0,43,,9365,26,,,0,72,,9345,47,,,0,14,,9366,26,,,0,18,,9371,26,0,22 23 2 67,0,58,,9346,47,,,0,25,,9347,47,,,0,72,,9367,26,,,0,33,,9348,47,,,0,63,,9368,26,,,0,36,,9349,47,,,0,67,,9372,26,0,22 23 2 67,0,32,,9350,47,,,0,63,,9373,26,0,22 23 2 67,0,40,,9351,47,,,0,61,,9374,26,0,22 23 2 67,0,39,,9352,47,,,0,60,,9369,26,,,0,38,,9353,47,,,0,68,,9370,26,,,0,31,,9354,47,,,0,69,,9355,47,,,0,32,,9356,47,,,0,69,,9357,47,,,0,30,,9358,47,,,0,70,,9359,47,,,0,30,,9376,47,0,22 23 2 67,0,71,,9360,47,,,0,34,,9377,47,0,22 23 2 67,0,79,,9361,47,,,0,25,,9375,26,0,22 23 2 67,0,75,,9362,47,,,0,104,,9363,47,,,0,100,,9364,47,0,57,0,90,,9379,47,0,22 23 2 67,0
1100,'65041',721,,9395,26,,,0,100,,9396,47,,,0,32,,9397,26,,,0,69,,9380,47,,,0,31,,9381,47,,,0,56,,9388,26,,,0,31,,9382,47,,,0,69,,9389,26,,,0,30,,9383,47,,,0,71,,9390,26,,,0,30,,9384,47,,,0,70,,9391,26,,,0,30,,9385,47,,,0,70,,9392,26,,,0,30,,9386,47,,,0,70,,9393,26,,,0,30,,9387,47,,,0,70,,9394,26,,,0,30,,9398,47,,,0,70,,9399,47,,,0,91,,9400,26,0,22 23 2 67,0,22,,9401,47,,,0,99,,9402,47,,,0,100,,9403,47,,,0,98,,9404,47,,,0,100,,9405,47,,,0,99,,9406,47,,,0,100,,9407,47,0,22 23 2 67,0
1100,'65042',721,,9423,26,,,0,100,,9424,47,,,0,32,,9425,26,,,0,69,,9408,47,,,0,31,,9409,47,,,0,56,,9416,26,,,0,31,,9410,47,,,0,69,,9417,26,,,0,30,,9411,47,,,0,71,,9418,26,,,0,30,,9412,47,,,0,70,,9419,26,,,0,30,,9413,47,,,0,70,,9420,26,,,0,30,,9414,47,,,0,70,,9421,26,,,0,30,,9415,47,,,0,70,,9422,26,,,0,30,,9426,47,,,0,70,,9427,47,,,0,91,,9428,26,0,22 23 2 67,0,22,,9429,47,,,0,99,,9430,47,,,0,100,,9431,47,,,0,98,,9432,47,,,0,100,,9433,47,,,0,99,,9434,47,,,0,100,,9435,47,0,22 23 2 67,0
1101,'65040',640,,9472,33,0,54,0,60,,9436,33,,,0,34,,9437,33,,,0,70,,9459,33,0,54,0,36,,9438,33,,,0,18,,9460,33,0,54,0,71,,9461,33,0,54,0,27,,9439,33,,,0,70,,9462,33,0,54,0,30,,9440,33,,,0,80,,9463,33,0,54,0,20,,9441,33,,,0,79,,9473,11,0,54,0,20,,9442,33,,,0,79,,9464,11,0,54,0,23,,9443,33,,,0,70,,9465,11,0,54,0,29,,9444,33,,,0,70,,9445,33,,,0,31,,9446,33,,,0,54,,9466,11,0,54,0,16,,9447,33,,,0,31,,9448,33,,,0,71,,9449,33,,,0,15,,9475,33,0,54,0,14,,9450,33,,,0,69,,9451,33,,,0,30,,9467,33,0,54,0,69,,9452,33,,,0,30,,9476,11,0,54,0,70,,9453,33,,,0,30,,9468,11,0,54,0,55,,9471,33,0,54,0,26,,9454,33,,,0,11,,9469,11,0,54,0,53,,9470,11,0,54,0,33,,9455,33,,,0,104,,9456,33,,,0,75,,9474,33,0,54,0
1101,'65041',823,,9494,33,,,0,29,,9477,11,,,0,85,,9486,33,0,54,0,70,,9478,33,,,0,30,,9487,33,0,54,0,70,,9479,33,,,0,29,,9488,33,0,54,0,70,,9480,33,,,0,30,,9489,33,0,54,0,70,,9481,33,,,0,30,,9490,33,0,54,0,70,,9482,33,,,0,30,,9491,33,0,54,0,69,,9483,33,,,0,30,,9492,33,0,54,0,70,,9484,33,,,0,30,,9493,33,0,54,0,70,,9485,33,,,0,22,,9497,33,0,54,0,24,,9498,33,,,0,68,,9499,33,0,54,0,16,,9500,33,,,0,100,,9501,33,,,0,100,,9502,33,,,0,99,,9503,33,,,0,98,,9504,33,,,0,99,,9505,33,,,0,100,,9506,33,0,54,0
1101,'65042',823,,9524,33,,,0,29,,9507,11,,,0,85,,9516,33,0,54,0,70,,9508,33,,,0,30,,9517,33,0,54,0,70,,9509,33,,,0,29,,9518,33,0,54,0,70,,9510,33,,,0,30,,9519,33,0,54,0,70,,9511,33,,,0,30,,9520,33,0,54,0,70,,9512,33,,,0,30,,9521,33,0,54,0,69,,9513,33,,,0,30,,9522,33,0,54,0,70,,9514,33,,,0,30,,9523,33,0,54,0,70,,9515,33,,,0,22,,9527,33,0,54,0,24,,9528,33,,,0,68,,9529,33,0,54,0,16,,9530,33,,,0,100,,9531,33,,,0,100,,9532,33,,,0,99,,9533,33,,,0,98,,9534,33,,,0,99,,9535,33,,,0,100,,9536,33,0,54,0
1401,'65040',559,,9776,40,,,0,100,,9777,40,,,0,92,,9778,40,,,0,52,,9812,40,,,0,16,,9779,40,,,0,30,,9780,40,,,0,63,,9781,40,,,0,16,,9782,40,,,0,17,,9783,40,,,0,75,,9784,40,,,0,25,,9785,40,,,0,80,,9786,40,,,0,21,,9787,40,,,0,76,,9788,40,,,0,23,,9789,40,,,0,76,,9790,40,,,0,25,,9791,40,,,0,77,,9792,40,,,0,17,,9793,40,,,0,60,,9813,40,,,0,20,,9794,40,,,0,25,,9795,40,,,0,66,,9796,40,,,0,28,,9797,40,,,0,70,,9798,40,,,0,29,,9799,40,,,0,14,,9800,40,,,0,61,,9801,40,,,0,32,,9802,40,,,0,62,,9803,40,,,0,44,,9804,40,,,0,80,,9805,40,,,0,23,,9806,40,,,0,77,,9807,40,,,0,71,,9808,40,,,0,57,,9809,40,,,0,98,,9810,40,,,0,56,,9811,40,,,0
1401,'65041',755,,9821,40,,,0,96,,9822,40,,,0,96,,9814,40,,,0,68,,9815,40,,,0,100,,9816,40,,,0,100,,9817,40,,,0,100,,9830,40,,,0,99,,9818,40,,,0,100,,9819,40,,,0,101,,9820,40,,,0,101,,9832,40,,,0,98,,9831,40,,,0,38,,9823,40,,,0,104,,9824,40,,,0,101,,9825,40,,,0,98,,9826,40,,,0,99,,9827,40,,,0,99,,9828,40,,,0,61,,9829,40,,,0
1401,'65042',755,,9840,40,,,0,96,,9841,40,,,0,96,,9833,40,,,0,68,,9834,40,,,0,100,,9835,40,,,0,100,,9836,40,,,0,100,,9849,40,,,0,99,,9837,40,,,0,100,,9838,40,,,0,101,,9839,40,,,0,101,,9851,40,,,0,98,,9850,40,,,0,38,,9842,40,,,0,104,,9843,40,,,0,101,,9844,40,,,0,98,,9845,40,,,0,99,,9846,40,,,0,99,,9847,40,,,0,61,,9848,40,,,0
1501,'65040',740,,9912,12,,,0,74,,9897,12,,,0,27,,9913,12,,,0,63,,9910,12,,,0,103,,9909,12,,,0,104,,9908,12,,,0,97,,9907,12,,,0,95,,9906,12,,,0,48,,9905,12,,,0,152,,9904,12,,,0,31,,9903,12,,,0,72,,9902,12,,,0,27,,9911,12,,,0,72,,9901,12,,,0,99,,9900,12,,,0,98,,9899,12,,,0,100,,9898,12,,,0
1501,'65041',827,,9921,12,,,0,110,,9914,12,,,0,86,,9915,12,,,0,100,,9916,12,,,0,100,,9917,12,,,0,100,,9918,12,,,0,100,,9919,12,,,0,101,,9920,12,,,0,101,,9922,12,,,0,111,,9923,12,,,0,97,,9927,12,,,0,93,,9924,12,,,0,103,,9925,12,,,0,98,,9926,12,,,0
1501,'65042',827,,9935,12,,,0,110,,9928,12,,,0,86,,9929,12,,,0,100,,9930,12,,,0,100,,9931,12,,,0,100,,9932,12,,,0,100,,9933,12,,,0,101,,9934,12,,,0,101,,9936,12,,,0,111,,9937,12,,,0,97,,9941,12,,,0,93,,9938,12,,,0,103,,9939,12,,,0,98,,9940,12,,,0
1601,'65040',642,,10008,20,,,0,71,,10009,20,,,0,30,,10010,20,,,0,63,,10011,20,,,0,27,,10036,20,,,0,73,,10012,20,,,0,31,,10013,20,,,0,73,,10014,20,,,0,98,,10015,20,,,0,95,,10016,20,,,0,34,,10017,20,,,0,74,,10018,20,,,0,99,,10019,20,,,0,94,,10020,20,,,0,26,,10021,20,,,0,29,,10022,20,,,0,61,,10023,20,,,0,22,,10024,20,,,0,65,,10033,20,,,0,25,,10025,20,,,0,75,,10026,20,,,0,28,,10027,20,,,0,85,,10028,20,,,0,25,,10029,20,,,0,73,,10030,20,,,0,27,,10031,20,,,0,83,,10037,20,,,0,78,,10032,20,,,0,44,,10034,20,,,0,70,,10035,20,,,0
1601,'65041',714,,10047,20,,,0,95,,10048,20,,,0,97,,10046,20,,,0,98,,10054,20,,,0,31,,10038,20,,,0,100,,10039,20,,,0,100,,10040,20,,,0,100,,10041,20,,,0,101,,10042,20,,,0,100,,10043,20,,,0,99,,10044,20,,,0,102,,10045,20,,,0,97,,10053,20,,,0,80,,10049,20,,,0,99,,10050,20,,,0,99,,10052,20,,,0,98,,10051,20,,,0,35,,10055,20,,,0
1601,'65042',714,,10065,20,,,0,95,,10066,20,,,0,97,,10064,20,,,0,98,,10072,20,,,0,31,,10056,20,,,0,100,,10057,20,,,0,100,,10058,20,,,0,100,,10059,20,,,0,101,,10060,20,,,0,100,,10061,20,,,0,99,,10062,20,,,0,102,,10063,20,,,0,97,,10071,20,,,0,80,,10067,20,,,0,99,,10068,20,,,0,99,,10070,20,,,0,98,,10069,20,,,0,35,,10073,20,,,0
1800,'65040',708,,10171,41,,,0,37,,10172,41,,,0,73,,10173,41,,,0,90,,10174,41,,,0,100,,10175,41,,,0,100,,10176,41,,,0,41,,10177,41,,,0,101,,10178,41,,,0,101,,10179,41,,,0,101,,10180,41,,,0,100,,10181,41,,,0,88,,10182,41,,,0,89,,10183,41,,,0,81,,10184,41,,,0,106,,10185,41,,,0,91,,10186,41,,,0,46,,10187,41,,,0,67,,10188,41,,,0,98,,10189,41,,,0
1800,'65041',809,,10199,41,,,0,113,,10190,41,,,0,99,,10191,41,,,0,100,,10192,41,,,0,95,,10193,41,,,0,100,,10194,41,,,0,101,,10195,41,,,0,100,,10196,41,,,0,99,,10197,41,,,0,101,,10198,41,,,0,100,,10200,41,,,0,93,,10201,41,,,0,101,,10202,41,,,0,100,,10203,41,,,0,99,,10204,41,,,0
1800,'65042',809,,10214,41,,,0,113,,10205,41,,,0,99,,10206,41,,,0,100,,10207,41,,,0,95,,10208,41,,,0,100,,10209,41,,,0,101,,10210,41,,,0,100,,10211,41,,,0,99,,10212,41,,,0,101,,10213,41,,,0,100,,10215,41,,,0,93,,10216,41,,,0,101,,10217,41,,,0,100,,10218,41,,,0,99,,10219,41,,,0
2400,'65040',635,,10399,24,,,2,71,,10398,24,,,2,31,,10400,24,,,2,66,,10401,24,,,2,12,,10397,24,,,2,26,,10402,24,,,2,75,,10403,24,,,2,31,,10404,24,,,2,71,,10405,24,,,2,31,,10406,24,,,2,71,,10408,24,,,2,31,,10407,24,,,2,71,,10409,24,,,2,31,,10412,24,,,2,71,,10411,24,,,2,31,,10413,24,,,2,71,,10410,24,,,2,31,,10415,24,,,2,73,,10414,24,,,2,73,,10416,24,,,2,36,,10417,24,,,2,75,,10418,24,,,2,38,,10419,24,,,2,74,,10420,24,,,2,75,,10421,24,,,2,35,,10422,24,,,2,75,,10426,24,,,2,35,,10423,24,,,2,80,,10424,24,,,2,32,,10425,24,,,2
2400,'65041',803,,10443,24,,,2,41,,10439,24,,,2,78,,10440,24,,,2,96,,10442,24,,,2,100,,10441,24,,,2,100,,10438,24,,,2,100,,10437,24,,,2,100,,10436,24,,,2,100,,10435,24,,,2,100,,10432,24,,,2,105,,10429,24,,,2,99,,10428,24,,,2,84,,10431,24,,,2,46,,10434,24,,,2,100,,10427,24,,,2,98,,10433,24,,,2,100,,10430,24,,,2
2400,'65042',803,,10460,24,,,2,41,,10456,24,,,2,78,,10457,24,,,2,96,,10459,24,,,2,100,,10458,24,,,2,100,,10455,24,,,2,100,,10454,24,,,2,100,,10453,24,,,2,100,,10452,24,,,2,100,,10449,24,,,2,105,,10446,24,,,2,99,,10445,24,,,2,84,,10448,24,,,2,46,,10451,24,,,2,100,,10444,24,,,2,98,,10450,24,,,2,100,,10447,24,,,2
45301,'65040',818,,11101,11,,,2,505,,11102,12,,,2,226,,11103,11,,,2,153,,11105,11,,,2,53,,11106,11,,,2,98,,11104,12,,,2
91800,'65041',2306,,11528,43,,,0
91800,'65042',2306,,11529,43,,,0
