1100,'65040',716,,9365,40,,,0,31,,9345,61,,,0,56,,9366,40,,,0,36,,9346,61,,,0,65,,9347,61,,,0,32,,9367,40,,,0,71,,9348,61,,,0,25,,9368,40,,,0,74,,9349,61,,,0,101,,9350,61,,,0,102,,9351,61,,,0,99,,9352,61,,,0,21,,9369,40,,,0,78,,9353,61,,,0,29,,9370,40,,,0,71,,9354,61,,,0,30,,9355,61,,,0,71,,9356,61,,,0,27,,9357,61,,,0,70,,9358,61,,,0,30,,9359,61,,,0,101,,9360,61,,,0,112,,9361,61,,,0,100,,9362,61,,,0,104,,9363,61,,,0,100,,9364,61,0,57,0
1100,'65041',742,,9395,40,,,0,101,,9396,61,,,0,73,,9397,40,,,0,28,,9380,61,,,0,71,,9381,61,,,0,17,,9388,40,,,0,70,,9382,61,,,0,30,,9389,40,,,0,69,,9383,61,,,0,32,,9390,40,,,0,69,,9384,61,,,0,31,,9391,40,,,0,69,,9385,61,,,0,31,,9392,40,,,0,69,,9386,61,,,0,31,,9393,40,,,0,68,,9387,61,,,0,31,,9394,40,,,0,69,,9398,61,,,0,30,,9399,61,,,0,111,,9401,61,,,0,99,,9402,61,,,0,100,,9403,61,,,0,98,,9404,61,,,0,100,,9405,61,,,0,99,,9406,61,,,0
1100,'65042',742,,9423,40,,,0,101,,9424,61,,,0,73,,9425,40,,,0,28,,9408,61,,,0,71,,9409,61,,,0,17,,9416,40,,,0,70,,9410,61,,,0,30,,9417,40,,,0,69,,9411,61,,,0,32,,9418,40,,,0,69,,9412,61,,,0,31,,9419,40,,,0,69,,9413,61,,,0,31,,9420,40,,,0,69,,9414,61,,,0,31,,9421,40,,,0,68,,9415,61,,,0,31,,9422,40,,,0,69,,9426,61,,,0,30,,9427,61,,,0,111,,9429,61,,,0,99,,9430,61,,,0,100,,9431,61,,,0,98,,9432,61,,,0,100,,9433,61,,,0,99,,9434,61,,,0
1201,'65040',644,,9621,35,,,0,99,,9622,35,,,0,66,,9623,35,,,0,16,,9624,35,,,0,19,,9625,35,,,0,71,,9626,35,,,0,33,,9627,35,,,0,72,,9628,35,,,0,30,,9629,35,,,0,70,,9630,35,,,0,30,,9631,35,,,0,71,,9632,35,,,0,28,,9633,35,,,0,71,,9634,35,,,0,22,,9635,35,,,0,77,,9636,35,,,0,32,,9637,35,,,0,71,,9638,35,,,0,29,,9639,35,,,0,68,,9640,35,,,0,33,,9641,35,,,0,63,,9642,35,,,0,16,,9643,35,,,0,70,,9644,35,,,0,33,,9645,35,,,0,23,,9646,35,,,0,67,,9647,35,,,0,24,,9648,35,,,0,73,,9649,35,,,0,27,,9650,35,,,0,84,,9651,35,,,0,25,,9652,35,,,0,188,,9653,35,,,0
1201,'65041',750,,9662,35,,,0,97,,9663,35,,,0,91,,9676,35,,,0,71,,9668,35,,,0,30,,9654,35,,,0,71,,9669,35,,,0,30,,9655,35,,,0,71,,9670,35,,,0,30,,9656,35,,,0,72,,9671,35,,,0,29,,9657,35,,,0,69,,9672,35,,,0,29,,9658,35,,,0,71,,9673,35,,,0,29,,9659,35,,,0,71,,9674,35,,,0,29,,9660,35,,,0,70,,9677,35,,,0,29,,9661,35,,,0,69,,9664,35,,,0,39,,9675,35,,,0,102,,9665,35,,,0,101,,9666,35,,,0,100,,9667,35,,,0
1201,'65042',750,,9686,35,,,0,97,,9687,35,,,0,91,,9700,35,,,0,71,,9692,35,,,0,30,,9678,35,,,0,71,,9693,35,,,0,30,,9679,35,,,0,71,,9694,35,,,0,30,,9680,35,,,0,72,,9695,35,,,0,29,,9681,35,,,0,69,,9696,35,,,0,29,,9682,35,,,0,71,,9697,35,,,0,29,,9683,35,,,0,71,,9698,35,,,0,29,,9684,35,,,0,70,,9701,35,,,0,29,,9685,35,,,0,69,,9688,35,,,0,39,,9699,35,,,0,102,,9689,35,,,0,101,,9690,35,,,0,100,,9691,35,,,0
91201,'65040',2256,,11514,39,,,0,99,,11515,39,,,0
91201,'65041',2252,,11516,39,,,0,96,,11517,39,,,0
91201,'65042',2252,,11518,39,,,0,96,,11519,39,,,0
91301,'65040',2505,,11520,31,,,0
91301,'65041',2505,,11521,31,,,0
91301,'65042',2505,,11522,31,,,0
