101,'65040',703,,7964,30,,,0,20,,7965,30,,,0,22,,7966,30,,,0,189,,7967,30,,,0,100,,7968,30,,,0,100,,7969,30,,,0,99,,7970,30,,,0,101,,7971,30,,,0,100,,7972,30,,,0,176,,7973,30,,,0,141,,7976,30,,,0,261,,7975,30,,,0,105,,7974,30,,,0,122,,7987,7,,,0,100,,7988,7,,,0
201,'65040',640,,8072,13,,,0,85,,8073,13,,,0,25,,8074,13,,,0,73,,8075,13,,,0,34,,8076,13,,,0,102,,8077,13,,,0,99,,8078,13,,,0,98,,8079,13,,,0,100,,8080,13,,,0,100,,8081,13,,,0,99,,8082,13,,,0,67,,8083,13,,,0,30,,8084,13,,,0,71,,8085,13,,,0,31,,8086,13,,,0,73,,8087,13,,,0,73,,8094,13,,,0,31,,8088,13,,,0,74,,8089,13,,,0,39,,8095,13,,,0,100,,8090,13,,,0,105,,8091,13,,,0,91,,8092,13,,,0,100,,8093,13,,,0
201,'65041',737,,8104,13,,,0,102,,8105,13,,,0,89,,8096,13,,,0,29,,8097,13,,,0,100,,8098,13,,,0,99,,8099,13,,,0,99,,8100,13,,,0,100,,8101,13,,,0,100,,8102,13,,,0,100,,8103,13,,,0,70,,8106,13,,,0,114,,8107,13,,,0,100,,8108,13,,,0,102,,8109,13,,,0,100,,8110,13,,,0,100,,8111,13,,,0,100,,8112,13,,,0,100,,8113,13,,,0
201,'65042',737,,8122,13,,,0,102,,8123,13,,,0,89,,8114,13,,,0,29,,8115,13,,,0,100,,8116,13,,,0,99,,8117,13,,,0,99,,8118,13,,,0,100,,8119,13,,,0,100,,8120,13,,,0,100,,8121,13,,,0,70,,8124,13,,,0,114,,8125,13,,,0,100,,8126,13,,,0,102,,8127,13,,,0,100,,8128,13,,,0,100,,8129,13,,,0,100,,8130,13,,,0,100,,8131,13,,,0
301,'65040',557,,8244,28,,,0,68,,8245,28,,,0,16,,8246,28,,,0,64,,8247,28,,,0,15,,8251,28,,,0,15,,8248,28,,,0,15,,8249,28,,,0,55,,8250,28,,,0,17,,8252,28,,,0,13,,8260,28,,,0,21,,8253,28,,,0,60,,8254,28,,,0,19,,8255,28,,,0,21,,8256,28,,,0,59,,8257,28,,,0,22,,8258,28,,,0,20,,8259,28,,,0,59,,8261,28,,,0,20,,8262,28,,,0,21,,8263,28,,,0,60,,8264,28,,,0,20,,8265,28,,,0,21,,8266,28,,,0,60,,8267,28,,,0,20,,8268,28,,,0,20,,8269,28,,,0,59,,8270,28,,,0,21,,8271,28,,,0,19,,8272,28,,,0,53,,8294,28,,,0,16,,8273,28,,,0,17,,8274,28,,,0,12,,8275,28,,,0,56,,8276,28,,,0,14,,8277,28,,,0,15,,8278,28,,,0,15,,8279,28,,,0,55,,8293,28,,,0,15,,8280,28,,,0,16,,8281,28,,,0,59,,8282,28,,,0,16,,8283,28,,,0,29,,8284,28,,,0,55,,8285,28,,,0,30,,8286,28,,,0,70,,8287,28,,,0,30,,8288,28,,,0,73,,8289,28,,,0,27,,8290,28,,,0,70,,8295,28,,,0,25,,8291,28,,,0,100,,8292,28,,,0
301,'65041',630,,8313,28,,,0,70,,8314,28,,,0,32,,8315,28,,,0,69,,8316,28,,,0,29,,8317,28,,,0,25,,8312,28,,,0,70,,8296,28,,,0,30,,8297,28,,,0,70,,8298,28,,,0,30,,8299,28,,,0,70,,8300,28,,,0,30,,8301,28,,,0,70,,8302,28,,,0,30,,8303,28,,,0,70,,8304,28,,,0,30,,8305,28,,,0,70,,8306,28,,,0,31,,8307,28,,,0,69,,8308,28,,,0,32,,8309,28,,,0,70,,8310,28,,,0,30,,8311,28,,,0,70,,8318,28,,,0,30,,8319,28,,,0,71,,8320,28,,,0,73,,8326,28,,,0,30,,8321,28,,,0,70,,8327,28,,,0,30,,8322,28,,,0,100,,8323,28,,,0,100,,8324,28,,,0,100,,8325,28,,,0
301,'65042',630,,8345,28,,,0,70,,8346,28,,,0,32,,8347,28,,,0,69,,8348,28,,,0,29,,8349,28,,,0,25,,8344,28,,,0,70,,8328,28,,,0,30,,8329,28,,,0,70,,8330,28,,,0,30,,8331,28,,,0,70,,8332,28,,,0,30,,8333,28,,,0,70,,8334,28,,,0,30,,8335,28,,,0,70,,8336,28,,,0,30,,8337,28,,,0,70,,8338,28,,,0,31,,8339,28,,,0,69,,8340,28,,,0,32,,8341,28,,,0,70,,8342,28,,,0,30,,8343,28,,,0,70,,8350,28,,,0,30,,8351,28,,,0,71,,8352,28,,,0,73,,8358,28,,,0,30,,8353,28,,,0,70,,8359,28,,,0,30,,8354,28,,,0,100,,8355,28,,,0,100,,8356,28,,,0,100,,8357,28,,,0
701,'65040',629,,8907,7,0,54,0,79,,8908,7,0,54,0,17,,8916,20,0,54,0,23,,8917,20,0,54,0,57,,8918,20,,,0,20,,8919,20,,,0,20,,8920,20,0,54,0,66,,8921,20,0,54,0,26,,8922,20,0,54,0,15,,8923,20,0,54,0,63,,8924,20,,,0,25,,8925,20,0,54,0,15,,8909,7,,,0,67,,8926,20,0,54,0,23,,8927,20,0,54,0,9,,8910,7,,,0,69,,8928,20,0,54,0,21,,8929,20,0,54,0,9,,8911,7,,,0,69,,8930,20,0,54,0,21,,8931,20,0,54,0,12,,8912,7,,,0,62,,8932,20,0,54,0,21,,8933,20,0,54,0,19,,8913,7,0,54,0,55,,8934,20,0,54,0,18,,8935,20,0,54,0,70,,8936,20,,,0,15,,8937,20,,,0,15,,8938,20,0,54,0,29,,8939,20,0,54,0,56,,8914,7,,,0,16,,8940,20,0,54,0,74,,8941,20,0,54,0,28,,8942,20,0,54,0,71,,8943,20,0,54,0,36,,8944,20,0,54,0,65,,8945,20,0,54,0,31,,8946,20,0,54,0,68,,8947,20,,,0,30,,8948,20,0,54,0,70,,8949,20,0,54,0,36,,8950,20,,,0,100,,8952,20,0,54,0,114,,8915,7,0,54,0
701,'65041',732,,8970,7,,,0,76,,8981,20,0,54,0,31,,8980,7,0,54,0,70,,8969,20,0,54,0,28,,8961,7,0,54,0,70,,8953,20,0,54,0,29,,8962,7,0,54,0,70,,8954,20,0,54,0,29,,8963,7,0,54,0,70,,8955,20,0,54,0,30,,8964,7,0,54,0,70,,8956,20,0,54,0,30,,8965,7,0,54,0,70,,8957,20,0,54,0,30,,8966,7,0,54,0,70,,8958,20,0,54,0,30,,8967,7,0,54,0,70,,8959,20,0,54,0,30,,8968,7,0,54,0,70,,8960,7,0,54,0,30,,8971,7,,,0,71,,8972,7,0,54,0,38,,8979,7,0,54,0,89,,8982,20,,,0,102,,8973,20,,,0,100,,8974,20,,,0,100,,8975,20,,,0,100,,8976,20,0,54,0,119,,8977,7,0,54,0
701,'65042',732,,9000,7,,,0,76,,9011,20,0,54,0,31,,9010,7,0,54,0,70,,8999,20,0,54,0,28,,8991,7,0,54,0,70,,8983,20,0,54,0,29,,8992,7,0,54,0,70,,8984,20,0,54,0,29,,8993,7,0,54,0,70,,8985,20,0,54,0,30,,8994,7,0,54,0,70,,8986,20,0,54,0,30,,8995,7,0,54,0,70,,8987,20,0,54,0,30,,8996,7,0,54,0,70,,8988,20,0,54,0,30,,8997,7,0,54,0,70,,8989,20,0,54,0,30,,8998,7,0,54,0,70,,8990,7,0,54,0,30,,9001,7,,,0,71,,9002,7,0,54,0,38,,9009,7,0,54,0,89,,9012,20,,,0,102,,9003,20,,,0,100,,9004,20,,,0,100,,9005,20,,,0,100,,9006,20,0,54,0,119,,9007,7,0,54,0
801,'65040',630,,9126,32,,,1,29,,9127,32,,,1,56,,9128,27,,,1,15,,9129,32,,,1,15,,9130,32,,,1,55,,9175,27,,,1,17,,9131,27,,,1,13,,9132,32,,,1,21,,9133,27,,,1,59,,9134,27,,,1,20,,9135,27,,,1,21,,9136,27,,,1,59,,9137,27,,,1,22,,9138,27,,,1,20,,9139,27,,,1,59,,9140,27,,,1,20,,9141,27,,,1,21,,9142,27,,,1,60,,9143,27,,,1,20,,9144,27,,,1,21,,9145,27,,,1,60,,9146,27,,,1,20,,9147,27,,,1,20,,9148,27,,,1,60,,9149,27,,,1,20,,9150,27,,,1,19,,9151,27,,,1,53,,9152,27,,,1,16,,9153,27,,,1,17,,9154,27,,,1,12,,9155,27,,,1,56,,9156,27,,,1,14,,9157,32,,,1,14,,9158,27,,,1,16,,9159,27,,,1,55,,9160,27,,,1,15,,9161,27,,,1,16,,9162,27,,,1,15,,9163,27,,,1,59,,9164,27,,,1,21,,9165,27,,,1,22,,9166,27,,,1,66,,9167,27,,,1,31,,9168,27,,,1,70,,9169,27,,,1,30,,9170,27,,,1,70,,9171,27,,,1,30,,9172,27,,,1,78,,9173,27,,,1,99,,9174,27,,,1
801,'65041',729,,9193,27,,,1,27,,9204,32,,,1,69,,9194,27,,,1,20,,9195,27,,,1,69,,9176,27,,,1,30,,9177,27,,,1,70,,9178,27,,,1,30,,9179,27,,,1,70,,9180,27,,,1,30,,9181,27,,,1,70,,9182,27,,,1,30,,9183,27,,,1,70,,9184,27,,,1,30,,9185,27,,,1,70,,9186,27,,,1,30,,9187,27,,,1,70,,9188,27,,,1,30,,9189,27,,,1,70,,9190,27,,,1,30,,9191,27,,,1,70,,9192,27,,,1,29,,9196,27,,,1,72,,9197,27,,,1,40,,9198,27,,,1,72,,9199,27,,,1,30,,9200,27,,,1,70,,9205,27,,,1,100,,9201,27,,,1,100,,9202,27,,,1,100,,9203,27,,,1
801,'65042',729,,9223,27,,,1,27,,9234,32,,,1,69,,9224,27,,,1,20,,9225,27,,,1,69,,9206,27,,,1,30,,9207,27,,,1,70,,9208,27,,,1,30,,9209,27,,,1,70,,9210,27,,,1,30,,9211,27,,,1,70,,9212,27,,,1,30,,9213,27,,,1,70,,9214,27,,,1,30,,9215,27,,,1,70,,9216,27,,,1,30,,9217,27,,,1,70,,9218,27,,,1,30,,9219,27,,,1,70,,9220,27,,,1,30,,9221,27,,,1,70,,9222,27,,,1,29,,9226,27,,,1,72,,9227,27,,,1,40,,9228,27,,,1,72,,9229,27,,,1,30,,9230,27,,,1,70,,9235,27,,,1,100,,9231,27,,,1,100,,9232,27,,,1,100,,9233,27,,,1
1201,'65040',626,,9621,7,,,0,99,,9622,7,,,0,25,,9623,7,,,0,55,,9624,7,,,0,19,,9625,7,,,0,31,,9626,7,,,0,73,,9627,7,,,0,72,,9628,7,,,0,30,,9629,7,,,0,70,,9630,7,,,0,30,,9631,7,,,0,71,,9632,7,,,0,29,,9633,7,,,0,71,,9634,7,,,0,21,,9635,7,,,0,37,,9636,7,,,0,71,,9637,7,,,0,70,,9638,7,,,0,29,,9639,7,,,0,28,,9640,7,,,0,73,,9641,7,,,0,24,,9642,7,,,0,56,,9643,7,,,0,31,,9644,7,,,0,73,,9645,7,,,0,25,,9646,7,,,0,67,,9647,7,,,0,24,,9648,7,,,0,73,,9649,7,,,0,27,,9650,7,,,0,85,,9651,7,,,0,25,,9652,7,,,0,188,,9653,7,,,0
1201,'65041',735,,9662,7,,,0,96,,9663,7,,,0,91,,9676,7,,,0,30,,9668,7,,,0,70,,9654,7,,,0,30,,9669,7,,,0,70,,9655,7,,,0,30,,9670,7,,,0,70,,9656,7,,,0,31,,9671,7,,,0,69,,9657,7,,,0,31,,9672,7,,,0,69,,9658,7,,,0,31,,9673,7,,,0,69,,9659,7,,,0,31,,9674,7,,,0,69,,9660,7,,,0,30,,9677,7,,,0,70,,9661,7,,,0,29,,9664,7,,,0,79,,9675,7,,,0,103,,9665,7,,,0,101,,9666,7,,,0,100,,9667,7,,,0
1201,'65042',735,,9686,7,,,0,96,,9687,7,,,0,91,,9700,7,,,0,30,,9692,7,,,0,70,,9678,7,,,0,30,,9693,7,,,0,70,,9679,7,,,0,30,,9694,7,,,0,70,,9680,7,,,0,31,,9695,7,,,0,69,,9681,7,,,0,31,,9696,7,,,0,69,,9682,7,,,0,31,,9697,7,,,0,69,,9683,7,,,0,31,,9698,7,,,0,69,,9684,7,,,0,30,,9701,7,,,0,70,,9685,7,,,0,29,,9688,7,,,0,79,,9699,7,,,0,103,,9689,7,,,0,101,,9690,7,,,0,100,,9691,7,,,0
1401,'65040',542,,9776,7,,,0,98,,9777,7,,,0,87,,9778,7,,,0,11,,9812,7,,,0,14,,9779,7,,,0,68,,9780,7,,,0,25,,9781,7,,,0,57,,9782,7,,,0,18,,9783,7,,,0,35,,9784,7,,,0,65,,9785,7,,,0,39,,9786,7,,,0,61,,9787,7,,,0,36,,9788,7,,,0,63,,9789,7,,,0,36,,9790,7,,,0,65,,9791,7,,,0,37,,9792,7,,,0,57,,9793,7,,,0,20,,9813,7,,,0,20,,9794,7,,,0,65,,9795,7,,,0,25,,9796,7,,,0,66,,9797,7,,,0,30,,9798,7,,,0,71,,9799,7,,,0,14,,9800,7,,,0,21,,9801,7,,,0,74,,9802,7,,,0,22,,9803,7,,,0,84,,9804,7,,,0,81,,9805,7,,,0,23,,9806,7,,,0,77,,9807,7,,,0,33,,9808,7,,,0,98,,9809,7,,,0,100,,9810,7,,,0,17,,9811,7,,,0
1401,'65041',735,,9821,7,,,0,95,,9822,7,,,0,96,,9814,7,,,0,28,,9815,7,,,0,100,,9816,7,,,0,99,,9817,7,,,0,99,,9830,7,,,0,98,,9818,7,,,0,100,,9819,7,,,0,101,,9820,7,,,0,100,,9832,7,,,0,99,,9831,7,,,0,79,,9823,7,,,0,105,,9824,7,,,0,101,,9825,7,,,0,100,,9826,7,,,0,100,,9827,7,,,0,100,,9828,7,,,0,21,,9829,7,,,0
1401,'65042',735,,9840,7,,,0,95,,9841,7,,,0,96,,9833,7,,,0,28,,9834,7,,,0,100,,9835,7,,,0,99,,9836,7,,,0,99,,9849,7,,,0,98,,9837,7,,,0,100,,9838,7,,,0,101,,9839,7,,,0,100,,9851,7,,,0,99,,9850,7,,,0,79,,9842,7,,,0,105,,9843,7,,,0,101,,9844,7,,,0,100,,9845,7,,,0,100,,9846,7,,,0,100,,9847,7,,,0,21,,9848,7,,,0
1901,'65040',554,,10299,7,0,10 55,0,87,,10298,7,,,0,75,,10297,7,,,0,20,,10296,7,,,0,98,,10295,7,,,0,101,,10294,7,,,0,103,,10293,7,,,0,100,,10292,7,,,0,96,,10291,7,,,0,100,,10290,7,,,0,97,,10289,7,,,0,81,,10288,7,,,0,40,,10287,7,,,0,70,,10286,7,,,0,34,,10285,7,,,0,69,,10284,7,,,0,85,,10283,7,,,0
5501,'65040',749,,10979,55,,,2,157,,10972,55,,,2,116,,10980,55,,,2,114,,10973,55,,,2,117,,10981,55,,,2,158,,10974,55,,,2,113,,10977,55,,,2,123,,10975,55,,,2,155,,10978,55,,,2
5501,'65041',846,,10989,55,,,2,110,,10988,55,,,2,150,,10987,55,,,2,110,,10986,55,,,2,110,,10985,55,,,2,110,,10984,55,,,2,109,,10982,55,,,2
5501,'65042',846,,10997,55,,,2,110,,10996,55,,,2,150,,10995,55,,,2,110,,10994,55,,,2,110,,10993,55,,,2,110,,10992,55,,,2,109,,10990,55,,,2
5701,'65040',926,,11020,51,,,2,123,,11022,51,,,2,103,,11018,51,,,2,163,,11021,51,,,2,105,,11019,51,,,2,120,,11023,51,,,2,105,,11017,51,,,2
5701,'65041',1144,,11029,51,,,2,102,,11028,51,,,2,113,,11027,51,,,2,142,,11026,51,,,2,111,,11025,51,,,2,113,,11024,51,4,,2
5701,'65042',1144,,11035,51,,,2,102,,11034,51,,,2,113,,11033,51,,,2,142,,11032,51,,,2,111,,11031,51,,,2,113,,11030,51,4,,2
91201,'65040',2238,,11514,7,,,0,100,,11515,7,,,0
91201,'65041',2234,,11516,7,,,0,97,,11517,7,,,0
91201,'65042',2234,,11518,7,,,0,97,,11519,7,,,0
91301,'65040',2454,,11520,7,,,0
91301,'65041',2454,,11521,7,,,0
91301,'65042',2454,,11522,7,,,0
2400080001,'65040',616,,11573,7,,,1,25,,11571,7,,,1,71,,11570,7,,,1,15,,11576,7,,,1,18,,11591,7,,,1,58,,11572,7,,,1,20,,11580,7,,,1,30,,11578,7,,,1,60,,11581,7,,,1,32,,11579,7,,,1,69,,11577,7,,,1,30,,11574,7,,,1,70,,11575,7,,,1,30,,11586,7,,,1,70,,11583,7,,,1,31,,11588,7,,,1,70,,11592,7,,,1,30,,11587,7,,,1,70,,11589,7,,,1,28,,11590,7,,,1,72,,11593,7,,,1,25,,11582,7,,,1,15,,11594,7,,,1,60,,11584,7,,,1,20,,11585,7,,,1,20,,11596,7,,,1,58,,11598,7,,,1,20,,11595,7,,,1,20,,11597,7,,,1,65,,11599,7,,,1
