401,'65040',644,,8456,25,,,0,61,,8457,25,,,0,17,,8458,25,,,0,35,,8459,25,,,0,74,,8460,25,,,0,22,,8461,25,,,0,74,,8462,25,,,0,91,,8463,25,,,0,100,,8464,25,,,0,100,,8480,25,,,0,99,,8479,25,,,0,40,,8478,25,,,0,146,,8477,25,0,5 6 2 70,0,24,,8476,25,,,0,30,,8475,25,,,0,70,,8474,25,,,0,29,,8473,25,,,0,59,,8472,25,,,0,31,,8471,25,,,0,74,,8470,25,,,0,81,,8469,25,,,0,45,,8468,25,,,0,69,,8467,25,,,0,31,,8466,25,,,0,72,,8465,25,,,0,92,,8481,25,0,5 6 2 70,0
401,'65041',816,,8516,25,,,0,39,,8530,25,,,0,85,,8508,25,,,0,100,,8509,25,,,0,100,,8510,25,,,0,100,,8511,25,,,0,101,,8512,25,,,0,100,,8513,25,,,0,100,,8514,25,,,0,100,,8515,25,,,0,99,,8529,25,,,0,61,,8520,25,,,0,22,,8521,25,,,0
401,'65042',816,,8547,25,,,0,39,,8561,25,,,0,85,,8539,25,,,0,100,,8540,25,,,0,100,,8541,25,,,0,100,,8542,25,,,0,101,,8543,25,,,0,100,,8544,25,,,0,100,,8545,25,,,0,100,,8546,25,,,0,99,,8560,25,,,0,61,,8551,25,,,0,22,,8552,25,,,0
800,'65040',633,,9013,29,,,1,67,,9014,29,,,1,15,,9065,29,,,1,16,,9015,29,,,1,15,,9016,29,,,1,56,,9017,29,,,1,14,,9018,29,,,1,15,,9019,29,,,1,10,,9020,29,,,1,17,,9021,29,,,1,60,,9022,29,,,1,22,,9023,29,,,1,60,,9024,29,,,1,19,,9025,29,,,1,20,,9026,29,,,1,61,,9027,29,,,1,20,,9028,29,,,1,20,,9029,29,,,1,60,,9030,29,,,1,20,,9031,29,,,1,20,,9032,29,,,1,60,,9033,29,,,1,20,,9034,29,,,1,20,,9035,29,,,1,19,,9036,29,,,1,62,,9037,29,,,1,11,,9038,29,,,1,13,,9039,29,,,1,62,,9040,29,,,1,14,,9041,29,,,1,11,,9042,29,,,1,16,,9043,29,,,1,55,,9044,29,,,1,10,,9045,29,,,1,15,,9046,29,,,1,10,,9047,29,,,1,9,,9048,29,,,1,56,,9049,29,,,1,13,,9050,29,,,1,16,,9051,29,,,1,14,,9052,29,,,1,60,,9053,29,,,1,20,,9054,29,,,1,20,,9055,29,,,1,58,,9056,29,,,1,30,,9057,29,,,1,70,,9058,29,,,1,31,,9059,29,,,1,71,,9060,29,,,1,39,,9061,29,,,1,61,,9062,29,,,1,27,,9063,29,,,1,100,,9064,29,,,1
800,'65041',631,,9082,29,,,1,99,,9083,29,,,1,29,,9084,29,,,1,68,,9085,29,,,1,24,,9086,29,,,1,70,,9066,29,,,1,31,,9067,29,,,1,70,,9068,29,,,1,30,,9069,29,,,1,70,,9070,29,,,1,31,,9071,29,,,1,70,,9072,29,,,1,29,,9073,29,,,1,71,,9074,29,,,1,30,,9075,29,,,1,70,,9076,29,,,1,30,,9077,29,,,1,70,,9078,29,,,1,30,,9079,29,,,1,70,,9080,29,,,1,30,,9081,29,,,1,70,,9087,29,,,1,31,,9088,29,,,1,70,,9094,29,,,1,32,,9089,29,,,1,77,,9095,29,,,1,100,,9090,29,,,1,100,,9091,29,,,1,99,,9092,29,,,1,100,,9093,29,,,1
800,'65042',631,,9112,29,,,1,99,,9113,29,,,1,29,,9114,29,,,1,68,,9115,29,,,1,24,,9116,29,,,1,70,,9096,29,,,1,31,,9097,29,,,1,70,,9098,29,,,1,30,,9099,29,,,1,70,,9100,29,,,1,31,,9101,29,,,1,70,,9102,29,,,1,29,,9103,29,,,1,71,,9104,29,,,1,30,,9105,29,,,1,70,,9106,29,,,1,30,,9107,29,,,1,70,,9108,29,,,1,30,,9109,29,,,1,70,,9110,29,,,1,30,,9111,29,,,1,70,,9117,29,,,1,31,,9118,29,,,1,70,,9124,29,,,1,32,,9119,29,,,1,77,,9125,29,,,1,100,,9120,29,,,1,100,,9121,29,,,1,99,,9122,29,,,1,100,,9123,29,,,1
5501,'65040',730,,10979,33,,,2,123,,10972,33,,,2,155,,10980,33,,,2,113,,10973,33,,,2,117,,10981,33,,,2,118,,10974,33,,,2,153,,10977,33,,,2,123,,10975,33,,,2,115,,10978,33,,,2,156,,10976,33,0,5 6 2 65,2
5501,'65041',830,,10989,33,,,2,110,,10988,33,,,2,110,,10987,33,,,2,150,,10986,33,,,2,110,,10985,33,,,2,110,,10984,33,,,2,109,,10982,33,,,2,112,,10983,33,0,5 6 2 65,2
5501,'65042',830,,10997,33,,,2,110,,10996,33,,,2,110,,10995,33,,,2,150,,10994,33,,,2,110,,10993,33,,,2,110,,10992,33,,,2,109,,10990,33,,,2,112,,10991,33,0,5 6 2 65,2
90401,'65040',614,,11492,32,,,0,1702,,11493,32,,,0
90401,'65041',617,,11494,32,,,0,101,,11495,32,,,0,1200,,11496,32,,,0,100,,11497,32,,,0,100,,11498,32,,,0,99,,11499,32,,,0,101,,11500,32,,,0
90401,'65042',617,,11501,32,,,0,101,,11502,32,,,0,1200,,11503,32,,,0,100,,11504,32,,,0,100,,11505,32,,,0,99,,11506,32,,,0,101,,11507,32,,,0
90801,'65040',2440,,11509,33,,,0
90801,'65041',2440,,11510,33,,,0
90801,'65042',2440,,11511,33,,,0
