600,'65030',843,,4796,24,4,,0,204,,4807,24,4,,0,595,,4813,24,4,,0,268,,4818,24,4,,0
600,'65031',1502,,4835,24,4,,0
600,'65032',1502,,4855,24,4,,0
601,'65030',657,9,4905,1,,,0,58,,4869,1,,,0,19,14,4870,1,,,0,16,11,4904,1,,,0,59,8,4873,1,,,0,9,9,4871,1,,,0,29,13,4872,1,,,0,78,16,4874,1,,,0,28,17,4875,1,,,0,72,7,4876,1,,,0,28,15,4877,1,,,0,71,6,4878,1,,,0,29,7,4879,1,,,0,62,6,4886,1,,,0,20,10,4880,1,,,0,19,,4881,1,,,0,71,,4882,1,,,0,29,13,4883,1,,,0,71,6,4884,1,,,0,30,9,4885,1,,,0,70,,4887,1,,,0,29,10,4888,1,,,0,60,6,4889,1,,,0,33,12,4890,1,,,0,65,,4891,1,,,0,33,9,4892,1,,,0,69,6,4893,1,,,0,34,16,4894,1,,,0,73,6,4895,1,,,0,85,64,4896,1,,,0,30,22,4897,1,,,0,64,58,4898,1,,,0,40,11,4903,1,,,0,70,59,4900,1,,,0,30,11,4901,1,,,0,64,3,4902,1,,,0,100,45,4899,1,,,0
601,'65031',736,,4915,1,,,0,66,59,4916,1,,,0,49,9,4906,1,,,0,84,7,4907,1,,,0,102,8,4908,1,,,0,101,7,4909,1,,,0,100,7,4910,1,,,0,101,7,4911,1,,,0,102,9,4912,1,,,0,100,5,4913,1,,,0,100,9,4914,1,,,0,102,11,4917,1,,,0,90,30,4918,1,,,0,83,3,4919,1,,,0,100,15,4920,1,,,0,99,4,4921,1,,,0,35,4,4922,1,,,0,103,9,4923,1,,,0,105,3,4924,1,,,0
601,'65032',736,,4934,1,,,0,66,59,4935,1,,,0,49,9,4925,1,,,0,84,7,4926,1,,,0,102,8,4927,1,,,0,101,7,4928,1,,,0,100,7,4929,1,,,0,101,7,4930,1,,,0,102,9,4931,1,,,0,100,5,4932,1,,,0,100,9,4933,1,,,0,102,11,4936,1,,,0,90,30,4937,1,,,0,83,3,4938,1,,,0,100,15,4939,1,,,0,99,4,4940,1,,,0,35,4,4941,1,,,0,103,9,4942,1,,,0,105,3,4943,1,,,0
801,'65030',921,,5284,50,4,,1,199,,5290,50,4,,1,182,,5295,50,4,,1,345,,5306,50,4,,1,111,,5311,50,4,,1,587,,5323,50,4,,1
801,'65031',1532,,5339,50,4,,1,70,,5340,50,4,,1,326,,5355,50,4,,1,18,,5350,50,4,,1,69,,5356,50,4,,1
801,'65032',1532,,5369,50,4,,1,70,,5370,50,4,,1,326,,5385,50,4,,1,18,,5380,50,4,,1,69,,5386,50,4,,1
900,'65030',658,10,5387,1,,,0,54,,5388,1,,,0,42,11,5389,1,,,0,70,8,5390,1,,,0,26,6,5395,1,,,0,62,57,5394,1,,,0,40,13,5396,1,,,0,60,56,5402,1,,,0,39,13,5397,1,,,0,59,52,5403,1,,,0,37,6,5398,1,,,0,60,48,5404,1,,,0,41,,5399,1,,,0,62,,5405,1,,,0,40,28,5400,1,,,0,60,64,5406,1,,,0,25,9,5420,1,,,0,22,,5401,1,,,0,61,,5407,1,,,0,22,17,5408,1,,,0,66,,5409,1,,,0,20,8,5410,1,,,0,25,,5411,1,,,0,71,8,5412,1,,,0,37,18,5415,1,,,0,65,81,5413,1,,,0,78,53,5414,1,,,0
900,'65031',1021,5,5422,1,,,0,98,19,5423,1,,,0,101,19,5424,1,,,0,98,16,5425,1,,,0,98,57,5426,1,,,0,105,5,5427,1,,,0,97,16,5428,1,,,0
900,'65032',1021,5,5437,1,,,0,98,19,5438,1,,,0,101,19,5439,1,,,0,98,16,5440,1,,,0,98,57,5441,1,,,0,105,5,5442,1,,,0,97,16,5443,1,,,0
901,'65030',834,,5455,58,4,,0,408,,5468,58,4,,0,100,,5466,58,4,,0,268,,5486,58,4,,0
901,'65031',1443,,5492,58,4,,0
901,'65032',1443,,5508,58,4,,0
1401,'65030',1214,,5982,41,4,,0,40,,5996,41,4,,0,64,,5983,41,4,,0,782,,6011,41,4,,0,128,,6014,41,4,,0
1401,'65031',1646,,6028,41,4,,0
1401,'65032',1646,,6046,41,4,,0
1500,'65030',721,9,6071,1,,,0,37,10,6057,1,,,0,68,8,6058,1,,,0,88,8,6059,1,,,0,112,22,6060,1,,,0,83,9,6061,1,,,0,123,6,6062,1,,,0,92,13,6063,1,,,0,92,16,6064,1,,,0,100,,6065,1,,,0,34,7,6066,1,,,0,68,16,6072,1,,,0,40,8,6067,1,,,0,93,22,6068,1,,,0,100,14,6069,1,,,0,101,10,6070,1,,,0
1500,'65031',818,6,6080,1,,,0,100,5,6073,1,,,0,94,6,6074,1,,,0,127,5,6075,1,,,0,100,5,6076,1,,,0,101,5,6077,1,,,0,101,,6078,1,,,0,101,5,6079,1,,,0,99,,6082,1,,,0,99,5,6081,1,,,0
1500,'65032',818,6,6090,1,,,0,100,5,6083,1,,,0,94,6,6084,1,,,0,127,5,6085,1,,,0,100,5,6086,1,,,0,101,5,6087,1,,,0,101,,6088,1,,,0,101,5,6089,1,,,0,99,,6092,1,,,0,99,5,6091,1,,,0
1501,'65030',931,,6095,13,4,,0,784,,6106,13,4,,0
1601,'65030',805,,6211,21,4,,0,224,,6220,21,4,,0,127,,6223,21,4,,0,172,,6217,21,4,,0,382,,6243,21,4,,0
1800,'65030',817,,6410,42,4,,0,1088,,6432,42,4,,0,308,,6436,42,4,,0
1800,'65031',1616,,6446,42,4,,0,292,,6450,42,4,,0
1800,'65032',1616,,6461,42,4,,0,292,,6465,42,4,,0
60100,'65030',805,,7443,1,,,0,12,,7444,1,,,0,17,,7445,1,,,0,9,,7446,1,,,0,78,,7447,1,,,0,10,,7448,1,,,0,98,,7449,1,,,0,18,,7450,1,,,0,73,,7451,1,,,0,36,,7452,1,,,0,58,,7453,1,,,0,28,,7454,1,,,0,12,,7455,1,,,0,48,,7456,1,,,0,16,,7457,1,,,0,10,,7458,1,,,0,14,,7459,1,,,0,268,,7460,1,,,0,32,,7461,1,,,0,5,,7462,1,,,0,63,,7463,1,,,0,5,,7464,1,,,0,43,,7465,1,,,0,147,,7466,1,,,0,5,,7467,1,,,0,190,,7468,1,,,0,113,,7469,1,,,0,15,,7442,1,,,0,117,,7441,1,,,0
60100,'65031',1443,,7471,1,,,0,59,,7472,1,,,0,30,,7473,1,,,0,70,,7474,1,,,0,14,,7475,1,,,0,30,,7476,1,,,0,262,,7477,1,,,0,20,,7478,1,,,0,18,,7479,1,,,0,69,,7480,1,,,0,291,,7470,1,,,0
60100,'65032',1443,,7482,1,,,0,59,,7483,1,,,0,30,,7484,1,,,0,70,,7485,1,,,0,14,,7486,1,,,0,30,,7487,1,,,0,262,,7488,1,,,0,20,,7489,1,,,0,18,,7490,1,,,0,69,,7491,1,,,0,291,,7481,1,,,0
60101,'65030',715,,7500,3,4,,0,533,,7506,3,4,,0,62,,7508,3,4,,0,15,,7509,3,4,,0,132,,7514,3,4,,0,59,,7515,3,4,,0,9,,7517,3,4,,0,81,,7519,3,4,,0,45,,7520,3,4,,0,61,,7492,3,4,,0
60101,'65031',736,,7524,3,4,,0,705,,7529,3,4,,0,200,,7533,3,4,,0
60101,'65032',736,,7538,3,4,,0,705,,7543,3,4,,0,200,,7547,3,4,,0
91800,'65031',2306,,7868,44,4,,0
91800,'65032',2306,,7869,44,4,,0
