1101,'65040',631,,9472,25,0,54,0,20,,9436,25,,,0,74,,9437,25,,,0,30,,9459,25,0,54,0,74,,9438,25,,,0,18,,9460,25,0,54,0,71,,9461,25,0,54,0,27,,9439,25,,,0,70,,9462,25,0,54,0,30,,9440,25,,,0,80,,9463,25,0,54,0,20,,9441,25,,,0,79,,9473,3,0,54,0,20,,9442,25,,,0,80,,9464,3,0,54,0,23,,9443,25,,,0,70,,9465,3,0,54,0,29,,9444,25,,,0,69,,9445,25,,,0,30,,9446,25,,,0,14,,9466,3,0,54,0,55,,9447,25,,,0,31,,9448,25,,,0,71,,9449,25,,,0,16,,9475,25,0,54,0,14,,9450,25,,,0,71,,9451,25,,,0,30,,9467,25,0,54,0,69,,9452,25,,,0,30,,9476,3,0,54,0,70,,9453,25,,,0,29,,9468,3,0,54,0,55,,9471,25,0,54,0,26,,9454,25,,,0,12,,9469,3,0,54,0,13,,9470,3,0,54,0,74,,9455,25,,,0,105,,9456,25,,,0,75,,9474,25,0,54,0
1101,'65041',814,,9494,25,,,0,29,,9477,3,,,0,85,,9486,25,0,54,0,30,,9478,25,,,0,70,,9487,25,0,54,0,29,,9479,25,,,0,69,,9488,25,0,54,0,30,,9480,25,,,0,70,,9489,25,0,54,0,30,,9481,25,,,0,69,,9490,25,0,54,0,30,,9482,25,,,0,70,,9491,25,0,54,0,29,,9483,25,,,0,70,,9492,25,0,54,0,30,,9484,25,,,0,70,,9493,25,0,54,0,30,,9485,25,,,0,62,,9497,25,0,54,0,24,,9498,25,,,0,68,,9499,25,0,54,0,17,,9500,25,,,0,100,,9501,25,,,0,100,,9502,25,,,0,99,,9503,25,,,0,99,,9504,25,,,0,100,,9505,25,,,0,100,,9506,25,0,54,0
1101,'65042',814,,9524,25,,,0,29,,9507,3,,,0,85,,9516,25,0,54,0,30,,9508,25,,,0,70,,9517,25,0,54,0,29,,9509,25,,,0,69,,9518,25,0,54,0,30,,9510,25,,,0,70,,9519,25,0,54,0,30,,9511,25,,,0,69,,9520,25,0,54,0,30,,9512,25,,,0,70,,9521,25,0,54,0,29,,9513,25,,,0,70,,9522,25,0,54,0,30,,9514,25,,,0,70,,9523,25,0,54,0,30,,9515,25,,,0,62,,9527,25,0,54,0,24,,9528,25,,,0,68,,9529,25,0,54,0,17,,9530,25,,,0,100,,9531,25,,,0,100,,9532,25,,,0,99,,9533,25,,,0,99,,9534,25,,,0,100,,9535,25,,,0,100,,9536,25,0,54,0
1701,'65040',644,,10123,3,,,0,112,,10124,3,,,0,100,,10125,24,,,0,103,,10126,3,,,0,86,,10127,3,,,0,102,,10128,3,,,0,100,,10129,3,,,0,101,,10130,3,,,0,94,,10131,3,,,0,93,,10132,24,,,0,85,,10133,24,,,0,86,,10134,3,,,0,26,,10135,3,,,0,72,,10136,24,,,0,31,,10137,24,,,0,71,,10138,24,,,0,45,,10139,24,,,0,70,,10140,3,,,0,99,,10141,3,,,0,92,,10142,3,0,7 62,0
1701,'65041',825,,10151,3,,,0,98,,10143,3,,,0,100,,10144,3,,,0,95,,10145,3,,,0,100,,10146,3,,,0,100,,10147,3,,,0,100,,10148,3,,,0,100,,10149,3,,,0,99,,10150,3,,,0,102,,10152,3,,,0,94,,10153,3,,,0,102,,10154,3,,,0,100,,10155,3,,,0,100,,10156,3,,,0
1701,'65042',825,,10165,3,,,0,98,,10157,3,,,0,100,,10158,3,,,0,95,,10159,3,,,0,100,,10160,3,,,0,100,,10161,3,,,0,100,,10162,3,,,0,100,,10163,3,,,0,99,,10164,3,,,0,102,,10166,3,,,0,94,,10167,3,,,0,102,,10168,3,,,0,100,,10169,3,,,0,100,,10170,3,,,0
2601,'65040',636,,10606,3,,,2,17,,10593,3,,,2,70,,10592,3,,,2,30,,10590,3,,,2,70,,10594,3,,,2,31,,10591,3,,,2,598,,10596,3,,,2,70,,10595,3,,,2,29,,10598,3,,,2,70,,10597,3,,,2,31,,10601,3,,,2,70,,10599,3,,,2,30,,10600,3,,,2,70,,10604,3,,,2,31,,10603,3,,,2,69,,10605,3,,,2,31,,10602,3,,,2
91701,'65040',2354,,11527,3,,,0
91801,'65040',2255,,11532,8,,,0
91801,'65041',2154,,11534,8,,,0,157,,11535,8,,,0
91801,'65042',2154,,11537,8,,,0,157,,11538,8,,,0
