101,'65030',659,3,4022,24,,,0,55,3,4027,24,,,0,35,3,4023,24,,,0,58,,4024,24,4,,0,30,,4025,24,4,,0,64,,4026,24,4,,0,38,,4028,24,4,,0,73,3,4029,24,,,0,26,,4030,24,4,,0,74,3,4036,24,,,0,98,3,4037,24,,,0,102,3,4038,24,,,0,27,,4033,24,4,,0,73,3,4039,24,,,0,27,,4034,24,4,,0,103,3,4035,24,,,0,64,3,4041,24,,,0,24,,4042,24,4,,0,28,,4043,24,4,,0,60,,4044,24,4,,0,30,3,4045,24,,,0,163,3,4049,24,,,0,96,3,4048,24,,,0,100,3,4047,24,,,0,93,,4051,24,4,,0,36,10,4052,1,,,0,100,9,4053,1,,,0
101,'65031',822,,4063,24,4,,0,116,,4054,24,4,,0,99,,4055,24,4,,0,100,,4056,24,4,,0,101,,4057,24,4,,0,100,,4058,24,4,,0,100,,4059,24,4,,0,99,,4060,24,4,,0,100,,4061,24,4,,0,98,,4062,24,4,,0,81,,4064,24,4,,0
101,'65032',822,,4074,24,4,,0,116,,4065,24,4,,0,99,,4066,24,4,,0,100,,4067,24,4,,0,101,,4068,24,4,,0,100,,4069,24,4,,0,100,,4070,24,4,,0,99,,4071,24,4,,0,100,,4072,24,4,,0,98,,4073,24,4,,0,81,,4075,24,4,,0
1201,'65030',623,4,5829,1,,,0,28,,5830,1,,,0,70,,5825,1,,,0,24,8,5826,1,,,0,70,8,5827,1,,,0,28,9,5828,1,,,0,65,50,5831,1,,,0,28,11,5832,1,,,0,72,8,5833,1,,,0,28,6,5834,1,,,0,72,49,5835,1,,,0,28,,5836,1,,,0,72,7,5837,1,,,0,14,20,5860,1,,,0,14,6,5838,1,,,0,72,8,5839,1,,,0,30,,5840,1,,,0,70,8,5841,1,,,0,29,9,5842,1,,,0,67,47,5843,1,,,0,29,,5844,1,,,0,21,,5845,1,,,0,55,,5846,1,,,0,16,16,5847,1,,,0,14,27,5848,1,,,0,15,8,5849,1,,,0,61,8,5850,1,,,0,19,11,5851,1,,,0,25,10,5852,1,,,0,67,14,5853,1,,,0,31,15,5854,1,,,0,75,6,5855,1,,,0,95,26,5856,1,,,0,100,19,5857,1,,,0,80,49,5858,1,,,0,118,5,5859,1,,,0
1201,'65031',730,9,5869,1,,,0,99,7,5870,1,,,0,118,5,5861,1,,,0,100,10,5862,1,,,0,100,5,5863,1,,,0,100,5,5864,1,,,0,100,9,5865,1,,,0,99,8,5866,1,,,0,101,10,5867,1,,,0,98,8,5868,1,,,0,86,10,5871,1,,,0,100,21,5872,1,,,0,101,15,5873,1,,,0,100,11,5874,1,,,0,100,8,5875,1,,,0
1201,'65032',730,9,5884,1,,,0,99,7,5885,1,,,0,118,5,5876,1,,,0,100,10,5877,1,,,0,100,5,5878,1,,,0,100,5,5879,1,,,0,100,9,5880,1,,,0,99,8,5881,1,,,0,101,10,5882,1,,,0,98,8,5883,1,,,0,86,10,5886,1,,,0,100,21,5887,1,,,0,101,15,5888,1,,,0,100,11,5889,1,,,0,100,8,5890,1,,,0
1201,'65035',1604,,5891,1,,,0
5501,'65030',742,2,7295,41,,,0,160,2,7296,41,,,0,116,3,7297,41,,,0,115,3,7298,41,,,0,115,3,7299,41,,,0,155,3,7300,41,,,0,115,3,7301,41,,,0,115,3,7302,41,,,0,118,3,7303,41,,,0,149,,7304,41,4,,0
5501,'65031',840,4,7312,41,,,0,110,4,7311,41,,,0,150,44,7310,41,,,0,110,4,7309,41,,,0,110,4,7308,41,,,0,110,4,7307,41,,,0,109,4,7305,41,,,0,108,,7306,41,4,,0
5501,'65032',840,4,7320,41,,,0,110,4,7319,41,,,0,150,44,7318,41,,,0,110,4,7317,41,,,0,110,4,7316,41,,,0,110,4,7315,41,,,0,109,4,7313,41,,,0,108,,7314,41,4,,0
60200,'65030',651,,7555,3,4,,0,485,,7563,3,4,,0,202,,7570,3,4,,0,195,,7572,3,4,,0,21,,7575,3,4,,0,55,,7578,3,4,,0
91201,'65030',2235,9,7854,1,,,0,100,8,7855,1,,,0
91201,'65031',2228,18,7856,1,,,0,100,7,7857,1,,,0
91201,'65032',2228,18,7858,1,,,0,100,7,7859,1,,,0
