701,'65040',632,,8907,11,0,54,0,80,,8908,11,0,54,0,17,,8916,24,0,54,0,23,,8917,24,0,54,0,58,,8918,24,,,0,20,,8919,24,,,0,20,,8920,24,0,54,0,66,,8921,24,0,54,0,26,,8922,24,0,54,0,15,,8923,24,0,54,0,63,,8924,24,,,0,25,,8925,24,0,54,0,55,,8909,11,,,0,27,,8926,24,0,54,0,23,,8927,24,0,54,0,9,,8910,11,,,0,69,,8928,24,0,54,0,21,,8929,24,0,54,0,9,,8911,11,,,0,70,,8930,24,0,54,0,21,,8931,24,0,54,0,52,,8912,11,,,0,22,,8932,24,0,54,0,21,,8933,24,0,54,0,59,,8913,11,0,54,0,15,,8934,24,0,54,0,18,,8935,24,0,54,0,70,,8936,24,,,0,15,,8937,24,,,0,15,,8938,24,0,54,0,69,,8939,24,0,54,0,16,,8914,11,,,0,16,,8940,24,0,54,0,72,,8941,24,0,54,0,28,,8942,24,0,54,0,71,,8943,24,0,54,0,36,,8944,24,0,54,0,65,,8945,24,0,54,0,31,,8946,24,0,54,0,68,,8947,24,,,0,30,,8948,24,0,54,0,69,,8949,24,0,54,0,36,,8950,24,,,0,100,,8952,24,0,54,0,114,,8915,11,0,54,0
701,'65041',736,,8970,11,,,0,76,,8981,24,0,54,0,31,,8980,11,0,54,0,70,,8969,24,0,54,0,29,,8961,11,0,54,0,70,,8953,24,0,54,0,29,,8962,11,0,54,0,70,,8954,24,0,54,0,29,,8963,11,0,54,0,70,,8955,24,0,54,0,30,,8964,11,0,54,0,70,,8956,24,0,54,0,30,,8965,11,0,54,0,70,,8957,24,0,54,0,30,,8966,11,0,54,0,70,,8958,24,0,54,0,30,,8967,11,0,54,0,70,,8959,24,0,54,0,30,,8968,11,0,54,0,70,,8960,11,0,54,0,30,,8971,11,,,0,71,,8972,11,0,54,0,38,,8979,11,0,54,0,89,,8982,24,,,0,101,,8973,24,,,0,100,,8974,24,,,0,99,,8975,24,,,0,100,,8976,24,0,54,0,119,,8977,11,0,54,0
701,'65042',736,,9000,11,,,0,76,,9011,24,0,54,0,31,,9010,11,0,54,0,70,,8999,24,0,54,0,29,,8991,11,0,54,0,70,,8983,24,0,54,0,29,,8992,11,0,54,0,70,,8984,24,0,54,0,29,,8993,11,0,54,0,70,,8985,24,0,54,0,30,,8994,11,0,54,0,70,,8986,24,0,54,0,30,,8995,11,0,54,0,70,,8987,24,0,54,0,30,,8996,11,0,54,0,70,,8988,24,0,54,0,30,,8997,11,0,54,0,70,,8989,24,0,54,0,30,,8998,11,0,54,0,70,,8990,11,0,54,0,30,,9001,11,,,0,71,,9002,11,0,54,0,38,,9009,11,0,54,0,89,,9012,24,,,0,101,,9003,24,,,0,100,,9004,24,,,0,99,,9005,24,,,0,100,,9006,24,0,54,0,119,,9007,11,0,54,0
801,'65040',634,,9126,36,,,1,70,,9127,36,,,1,16,,9128,31,,,1,15,,9129,36,,,1,15,,9130,36,,,1,55,,9175,31,,,1,17,,9131,31,,,1,13,,9132,36,,,1,21,,9133,31,,,1,59,,9134,31,,,1,20,,9135,31,,,1,21,,9136,31,,,1,59,,9137,31,,,1,22,,9138,31,,,1,20,,9139,31,,,1,59,,9140,31,,,1,20,,9141,31,,,1,21,,9142,31,,,1,60,,9143,31,,,1,20,,9144,31,,,1,21,,9145,31,,,1,60,,9146,31,,,1,20,,9147,31,,,1,20,,9148,31,,,1,60,,9149,31,,,1,20,,9150,31,,,1,19,,9151,31,,,1,53,,9152,31,,,1,17,,9153,31,,,1,17,,9154,31,,,1,12,,9155,31,,,1,56,,9156,31,,,1,14,,9157,36,,,1,14,,9158,31,,,1,16,,9159,31,,,1,55,,9160,31,,,1,15,,9161,31,,,1,15,,9162,31,,,1,15,,9163,31,,,1,59,,9164,31,,,1,21,,9165,31,,,1,22,,9166,31,,,1,66,,9167,31,,,1,31,,9168,31,,,1,70,,9169,31,,,1,30,,9170,31,,,1,70,,9171,31,,,1,29,,9172,31,,,1,78,,9173,31,,,1,99,,9174,31,,,1
801,'65041',733,,9193,31,,,1,67,,9204,36,,,1,29,,9194,31,,,1,20,,9195,31,,,1,70,,9176,31,,,1,30,,9177,31,,,1,70,,9178,31,,,1,30,,9179,31,,,1,70,,9180,31,,,1,30,,9181,31,,,1,70,,9182,31,,,1,30,,9183,31,,,1,70,,9184,31,,,1,30,,9185,31,,,1,70,,9186,31,,,1,30,,9187,31,,,1,70,,9188,31,,,1,30,,9189,31,,,1,70,,9190,31,,,1,30,,9191,31,,,1,70,,9192,31,,,1,29,,9196,31,,,1,72,,9197,31,,,1,80,,9198,31,,,1,32,,9199,31,,,1,69,,9200,31,,,1,30,,9205,31,,,1,100,,9201,31,,,1,99,,9202,31,,,1,100,,9203,31,,,1
801,'65042',733,,9223,31,,,1,67,,9234,36,,,1,29,,9224,31,,,1,20,,9225,31,,,1,70,,9206,31,,,1,30,,9207,31,,,1,70,,9208,31,,,1,30,,9209,31,,,1,70,,9210,31,,,1,30,,9211,31,,,1,70,,9212,31,,,1,30,,9213,31,,,1,70,,9214,31,,,1,30,,9215,31,,,1,70,,9216,31,,,1,30,,9217,31,,,1,70,,9218,31,,,1,30,,9219,31,,,1,70,,9220,31,,,1,30,,9221,31,,,1,70,,9222,31,,,1,29,,9226,31,,,1,72,,9227,31,,,1,80,,9228,31,,,1,32,,9229,31,,,1,69,,9230,31,,,1,30,,9235,31,,,1,100,,9231,31,,,1,99,,9232,31,,,1,100,,9233,31,,,1
901,'65040',722,,9289,43,,,0,27,,9290,43,,,0,70,,9291,43,,,0,115,,9292,43,,,0,100,,9293,43,,,0,100,,9294,43,,,0,102,,9295,43,,,0,71,,9296,43,,,0,101,,9297,43,,,0,100,,9298,43,,,0,30,,9299,43,,,0,68,,9300,43,,,0,133,,9301,43,,,0
901,'65041',1030,,9313,43,,,0,101,,9314,43,,,0,101,,9320,43,,,0,100,,9319,43,,,0,100,,9318,43,,,0,100,,9317,43,,,0,101,,9316,43,,,0,101,,9315,43,,,0
901,'65042',1030,,9329,43,,,0,101,,9330,43,,,0,101,,9336,43,,,0,100,,9335,43,,,0,100,,9334,43,,,0,100,,9333,43,,,0,101,,9332,43,,,0,101,,9331,43,,,0
5501,'65040',752,,10979,59,,,2,156,,10972,59,,,2,116,,10980,59,,,2,114,,10973,59,,,2,117,,10981,59,,,2,158,,10974,59,,,2,113,,10977,59,,,2,123,,10975,59,,,2,155,,10978,59,,,2
5501,'65041',848,,10989,59,,,2,110,,10988,59,,,2,150,,10987,59,,,2,110,,10986,59,,,2,110,,10985,59,,,2,110,,10984,59,,,2,109,,10982,59,,,2
5501,'65042',848,,10997,59,,,2,110,,10996,59,,,2,150,,10995,59,,,2,110,,10994,59,,,2,110,,10993,59,,,2,110,,10992,59,,,2,109,,10990,59,,,2
