301,'65030',620,,4333,63,,,0,26,,4334,63,,,0,55,,4335,63,,,0,16,,4336,63,,,0,16,,4337,63,,,0,19,,4338,63,,,0,57,,4339,63,,,0,10,,4340,63,,,0,10,,4341,63,,,0,10,,4342,63,,,0,10,,4343,63,,,0,10,,4344,63,,,0,47,,4345,63,,,0,14,,4346,63,,,0,14,,4347,63,,,0,15,,4348,63,,,0,60,,4349,63,,,0,20,,4350,63,,,0,21,,4351,63,,,0,60,,4352,63,,,0,21,,4353,63,,,0,21,,4354,63,,,0,62,,4355,63,,,0,20,,4356,63,,,0,20,,4388,63,,,0,60,,4357,63,,,0,19,,4358,63,,,0,18,,4359,63,,,0,60,,4360,63,,,0,20,,4361,63,,,0,21,,4362,63,,,0,61,,4363,63,,,0,20,,4364,63,,,0,23,,4365,63,,,0,56,,4366,63,,,0,19,,4367,63,,,0,11,,4368,63,,,0,10,,4369,63,,,0,50,,4370,63,,,0,10,,4371,63,,,0,10,,4372,63,,,0,6,,4373,63,,,0,10,,4374,63,,,0,13,,4375,63,,,0,52,,4376,63,,,0,19,,4377,63,,,0,19,,4378,63,,,0,59,,4379,63,,,0,25,,4380,63,,,0,31,,4381,63,,,0,64,,4382,63,,,0,30,,4383,63,,,0,70,,4384,63,,,0,29,,4389,63,,,0,70,,4385,63,,,0,25,,4386,63,,,0,99,,4387,63,,,0
301,'65031',652,,4407,63,,,0,70,,4408,63,,,0,31,,4409,63,,,0,70,,4410,63,,,0,27,,4411,63,,,0,67,,4406,63,,,0,31,,4390,63,,,0,68,,4391,63,,,0,30,,4392,63,,,0,72,,4393,63,,,0,31,,4394,63,,,0,70,,4395,63,,,0,30,,4396,63,,,0,70,,4397,63,,,0,30,,4398,63,,,0,70,,4399,63,,,0,30,,4400,63,,,0,70,,4401,63,,,0,30,,4402,63,,,0,70,,4403,63,,,0,29,,4404,63,,,0,70,,4405,63,,,0,29,,4412,63,,,0,63,,4413,63,,,0,41,,4414,63,,,0,71,,4420,63,,,0,29,,4415,63,,,0,71,,4421,63,,,0,32,,4416,63,,,0,96,,4417,63,,,0,99,,4418,63,,,0,99,,4419,63,,,0
301,'65032',652,,4439,63,,,0,70,,4440,63,,,0,31,,4441,63,,,0,70,,4442,63,,,0,27,,4443,63,,,0,67,,4438,63,,,0,31,,4422,63,,,0,68,,4423,63,,,0,30,,4424,63,,,0,72,,4425,63,,,0,31,,4426,63,,,0,70,,4427,63,,,0,30,,4428,63,,,0,70,,4429,63,,,0,30,,4430,63,,,0,70,,4431,63,,,0,30,,4432,63,,,0,70,,4433,63,,,0,30,,4434,63,,,0,70,,4435,63,,,0,29,,4436,63,,,0,70,,4437,63,,,0,29,,4444,63,,,0,63,,4445,63,,,0,41,,4446,63,,,0,71,,4452,63,,,0,29,,4447,63,,,0,71,,4453,63,,,0,32,,4448,63,,,0,96,,4449,63,,,0,99,,4450,63,,,0,99,,4451,63,,,0
1100,'65030',625,,5563,31,0,22 23,0,21,,5578,31,0,22 23,0,67,,5519,52,,,0,28,,5520,52,,,0,59,,5524,31,,,0,18,,5567,52,0,22 23,0,7,,5566,31,0,22 23,0,12,,5521,52,,,0,9,,5565,31,0,22 23,0,11,,5522,52,,,0,57,,5564,31,0,22 23,0,22,,5523,52,,,0,15,,5571,31,0,22 23,0,53,,5525,52,,,0,15,,5568,31,0,22 23,0,15,,5526,52,,,0,14,,5572,31,0,22 23,0,56,,5527,52,,,0,14,,5560,31,0,22 23,0,16,,5528,52,,,0,14,,5573,31,0,22 23,0,56,,5529,52,,,0,12,,5561,31,0,22 23,0,18,,5530,52,,,0,14,,5559,31,0,22 23,0,56,,5531,52,,,0,15,,5562,31,0,22 23,0,15,,5532,52,,,0,14,,5557,31,0,22 23,0,56,,5533,52,,,0,15,,5558,31,0,22 23,0,14,,5534,52,,,0,15,,5576,31,,,0,57,,5535,52,,,0,14,,5554,31,0,22 23,0,16,,5536,52,,,0,14,,5556,31,0,22 23,0,56,,5537,52,,,0,8,,5552,31,0,22 23,0,10,,5555,31,0,22 23,0,11,,5538,52,,,0,15,,5549,31,,,0,54,,5539,52,,,0,14,,5574,31,0,22 23,0,13,,5540,52,,,0,19,,5577,31,0,22 23,0,54,,5541,52,,,0,12,,5575,31,0,22 23,0,17,,5542,52,,,0,12,,5553,31,0,22 23,0,13,,5569,52,,,0,73,,5543,52,,,0,70,,5544,52,,,0,43,,5545,52,,,0,71,,5550,31,,,0,29,,5546,52,,,0,68,,5551,31,0,24 1 25,0,35,,5547,52,,,0,99,,5548,52,0,24 1 25,0,90,,5570,52,0,22 23,0
1100,'65031',736,,5594,31,,,0,100,,5595,52,,,0,73,,5596,31,,,0,25,,5579,52,,,0,72,,5580,52,,,0,34,,5587,31,,,0,66,,5581,52,,,0,24,,5588,31,,,0,28,,5582,52,,,0,71,,5589,31,,,0,26,,5583,52,,,0,76,,5590,31,,,0,70,,5584,52,,,0,29,,5591,31,,,0,71,,5585,52,,,0,29,,5592,31,,,0,74,,5586,52,,,0,26,,5593,31,,,0,74,,5597,52,,,0,27,,5598,52,,,0,85,,5599,31,0,22 23,0,19,,5600,52,,,0,97,,5601,52,,,0,100,,5602,52,,,0,100,,5603,52,,,0,100,,5604,52,,,0,107,,5605,52,0,24 1 25,0
1100,'65032',736,,5621,31,,,0,100,,5622,52,,,0,73,,5623,31,,,0,25,,5606,52,,,0,72,,5607,52,,,0,34,,5614,31,,,0,66,,5608,52,,,0,24,,5615,31,,,0,28,,5609,52,,,0,71,,5616,31,,,0,26,,5610,52,,,0,76,,5617,31,,,0,70,,5611,52,,,0,29,,5618,31,,,0,71,,5612,52,,,0,29,,5619,31,,,0,74,,5613,52,,,0,26,,5620,31,,,0,74,,5624,52,,,0,27,,5625,52,,,0,85,,5626,31,0,22 23,0,19,,5627,52,,,0,97,,5628,52,,,0,100,,5629,52,,,0,100,,5630,52,,,0,100,,5631,52,,,0,107,,5632,52,0,24 1 25,0
1100,'65037',821,,5633,31,0,22 23,0,11,,5634,31,0,22 23,0
1700,'65030',706,,6285,39,,,0,19,,6286,39,,,0,17,,6287,39,,,0,68,,6288,39,,,0,33,,6289,39,,,0,74,,6290,39,,,0,19,,6291,39,,,0,78,,6292,39,,,0,24,,6293,39,,,0,21,,6294,39,,,0,81,,6295,39,,,0,19,,6296,39,,,0,60,,6315,39,,,0,21,,6297,39,,,0,80,,6298,39,,,0,34,,6299,39,,,0,66,,6300,39,0,22 23,0,26,,6301,39,0,22 23,0,81,,6302,39,0,22 23,0,26,,6314,39,0,22 23,0,58,,6303,39,,,0,37,,6304,39,0,22 23,0,57,,6305,39,0,22 23,0,27,,6306,39,0,22 23,0,19,,6307,39,0,22 23,0,64,,6308,39,,,0,44,,6309,39,0,22 23,0,71,,6310,39,0,22 23,0,27,,6311,39,0,22 23,0,157,,6312,39,0,22 23,0,93,,6313,39,0,22 23,0
1700,'65031',805,,6325,39,0,22 23,0,111,,6316,39,0,22 23,0,96,,6317,39,0,22 23,0,99,,6318,39,0,22 23,0,101,,6319,39,0,22 23,0,100,,6320,39,0,22 23,0,100,,6321,39,0,22 23,0,100,,6322,39,0,22 23,0,100,,6323,39,0,22 23,0,106,,6324,39,0,22 23,0,96,,6326,39,0,22 23,0,89,,6327,39,0,22 23,0,46,,6328,39,0,22 23,0,100,,6329,39,0,22 23,0,100,,6330,39,0,22 23,0
1700,'65032',805,,6340,39,0,22 23,0,111,,6331,39,0,22 23,0,96,,6332,39,0,22 23,0,99,,6333,39,0,22 23,0,101,,6334,39,0,22 23,0,100,,6335,39,0,22 23,0,100,,6336,39,0,22 23,0,100,,6337,39,0,22 23,0,100,,6338,39,0,22 23,0,106,,6339,39,0,22 23,0,96,,6341,39,0,22 23,0,89,,6342,39,0,22 23,0,46,,6343,39,0,22 23,0,100,,6344,39,0,22 23,0,100,,6345,39,0,22 23,0
1700,'65035',752,,6347,39,,,0,68,,6346,39,,,0
2600,'65030',700,,6867,16,,,0,17,,6868,16,,,0,30,,6869,16,,,0,70,,6870,16,,,0,30,,6871,16,,,0,669,,6872,16,,,0,31,,6873,16,,,0,70,,6874,16,,,0,30,,6875,16,,,0,69,,6876,16,,,0,30,,6877,16,,,0,70,,6878,16,,,0,30,,6879,16,,,0,71,,6880,16,,,0,29,,6881,16,,,0,71,,6882,16,,,0
3600,'65030',637,,6962,19,,,0,67,,6963,19,,,0,18,,6964,19,,,0,32,,6965,19,,,0,70,,6966,19,,,0,30,,6967,19,,,0,90,,6968,19,,,0,100,,6969,19,,,0,100,,6970,19,,,0,100,,6971,19,,,0,100,,6972,19,,,0,80,,6973,19,,,0,85,,6974,19,,,0,30,,6975,19,,,0,70,,6976,19,,,0,30,,6977,19,,,0,70,,6978,19,,,0,30,,6979,19,,,0,70,,6980,19,,,0,50,,6981,19,,,0,100,,6982,19,,,0,98,,6983,19,,,0,99,,6984,19,,,0,86,,6985,19,,,0
5000,'65030',640,,7011,31,,,0,65,,7033,30,,,0,34,,7012,31,,,0,66,,7034,30,,,0,29,,7013,31,,,0,71,,7035,30,,,0,29,,7014,31,,,0,111,,7015,31,,,0,99,,7016,31,,,0,100,,7017,31,,,0,101,,7018,31,,,0,100,,7019,31,,,0,76,,7036,31,,,0,25,,7029,30,,,0,77,,7027,31,,,0,78,,7032,30,,,0,33,,7028,31,,,0,67,,7031,30,,,0,31,,7026,31,,,0,27,,7030,30,,,0,89,,7024,31,,,0,85,,7023,31,,,0,85,,7022,31,,,0,85,,7021,31,,,0,44,,7020,31,,,0
5000,'65031',835,,7054,31,,,0,99,,7055,31,,,0,106,,7053,31,,,0,100,,7052,31,,,0,100,,7051,31,,,0,100,,7050,31,,,0,100,,7049,31,,,0,95,,7048,31,,,0,97,,7047,31,,,0,93,,7046,31,,,0,91,,7045,31,,,0,91,,7044,31,,,0,48,,7043,31,,,0,94,,7042,31,,,0,100,,7040,31,,,0,93,,7039,31,,,0
5000,'65032',835,,7071,31,,,0,99,,7072,31,,,0,106,,7070,31,,,0,100,,7069,31,,,0,100,,7068,31,,,0,100,,7067,31,,,0,100,,7066,31,,,0,95,,7065,31,,,0,97,,7064,31,,,0,93,,7063,31,,,0,91,,7062,31,,,0,91,,7061,31,,,0,48,,7060,31,,,0,94,,7059,31,,,0,100,,7057,31,,,0,93,,7056,31,,,0
5000,'65035',729,,7073,18,,,0
44900,'65030',636,,7405,2,,,0,89,,7406,2,,,0,77,,7407,2,,,0,29,,7408,2,,,0
91700,'65030',609,,7863,39,,,0,1704,,7864,39,0,22 23,0
91700,'65031',707,,7865,39,0,22 23,0
91700,'65032',707,,7866,39,0,22 23,0
91801,'65030',2250,,7872,5,,,0
91801,'65031',2151,,7874,5,,,0,98,,7875,5,,,0
91801,'65032',2151,,7877,5,,,0,98,,7878,5,,,0
