701,'65030',633,,5048,15,0,15 1 16,0,82,,5049,15,0,15 1 16,0,16,,5051,28,0,15 1 16,0,26,,5052,28,0,15 1 16,0,67,,5050,15,0,15 1 16,0,16,,5053,28,0,15 1 16,0,13,,5054,28,,,0,57,,5055,28,0,15 1 16,0,17,,5056,28,0,15 1 16,0,20,,5057,28,0,15 1 16,0,58,,5070,15,0,15 1 16,0,18,,5058,28,,,0,23,,5064,28,0,15 1 16,0,58,,5071,15,0,15 1 16,0,21,,5059,28,0,15 1 16,0,20,,5065,28,0,15 1 16,0,57,,5072,15,0,15 1 16,0,19,,5060,28,,,0,24,,5066,28,0,15 1 16,0,59,,5073,15,0,15 1 16,0,18,,5061,28,,,0,23,,5067,33,0,15 1 16,0,58,,5074,15,0,15 1 16,0,16,,5062,28,,,0,25,,5068,28,0,15 1 16,0,58,,5075,15,0,15 1 16,0,24,,5063,33,0,15 1 16,0,18,,5069,28,0,15 1 16,0,13,,5076,15,0,15 1 16,0,47,,5077,15,0,15 1 16,0,7,,5078,28,,,0,16,,5096,15,0,15 1 16,0,17,,5079,28,,,0,15,,5080,33,0,15 1 16,0,55,,5081,28,,,0,14,,5097,15,0,15 1 16,0,14,,5082,28,,,0,62,,5083,28,,,0,18,,5084,33,0,15 1 16,0,23,,5085,28,0,15 1 16,0,57,,5086,28,0,15 1 16,0,21,,5087,28,0,15 1 16,0,23,,5088,28,0,15 1 16,0,67,,5089,28,,,0,32,,5090,28,0,15 1 16,0,63,,5091,28,,,0,34,,5092,28,0,15 1 16,0,68,,5093,28,0,15 1 16,0,35,,5098,28,,,0,100,,5099,28,0,15 1 16,0,114,,5094,15,0,15 1 16,0
701,'65031',739,,5117,15,,,0,101,,5118,15,,,0,79,,5116,28,0,15 1 16,0,40,,5108,15,0,15 1 16,0,61,,5100,28,0,15 1 16,0,29,,5109,15,0,15 1 16,0,66,,5101,28,0,15 1 16,0,32,,5110,15,0,15 1 16,0,71,,5102,28,0,15 1 16,0,31,,5111,15,0,15 1 16,0,69,,5103,28,0,15 1 16,0,30,,5112,15,0,15 1 16,0,70,,5104,28,0,15 1 16,0,30,,5113,15,0,15 1 16,0,70,,5105,28,0,15 1 16,0,30,,5114,15,0,15 1 16,0,75,,5106,28,0,15 1 16,0,30,,5115,15,0,15 1 16,0,72,,5107,15,0,15 1 16,0,16,,5119,15,,,0,61,,5120,15,0,15 1 16,0,31,,5121,15,,,0,69,,5129,15,,,0,40,,5122,28,,,0,100,,5123,28,,,0,99,,5124,28,,,0,100,,5125,28,,,0,99,,5126,28,0,15 1 16,0,119,,5127,15,0,15 1 16,0
701,'65032',739,,5147,15,,,0,101,,5148,15,,,0,79,,5146,28,0,15 1 16,0,40,,5138,15,0,15 1 16,0,61,,5130,28,0,15 1 16,0,29,,5139,15,0,15 1 16,0,66,,5131,28,0,15 1 16,0,32,,5140,15,0,15 1 16,0,71,,5132,28,0,15 1 16,0,31,,5141,15,0,15 1 16,0,69,,5133,28,0,15 1 16,0,30,,5142,15,0,15 1 16,0,70,,5134,28,0,15 1 16,0,30,,5143,15,0,15 1 16,0,70,,5135,28,0,15 1 16,0,30,,5144,15,0,15 1 16,0,75,,5136,28,0,15 1 16,0,30,,5145,15,0,15 1 16,0,72,,5137,15,0,15 1 16,0,16,,5149,15,,,0,61,,5150,15,0,15 1 16,0,31,,5151,15,,,0,69,,5159,15,,,0,40,,5152,28,,,0,100,,5153,28,,,0,99,,5154,28,,,0,100,,5155,28,,,0,99,,5156,28,0,15 1 16,0,119,,5157,15,0,15 1 16,0
1101,'65030',550,,5635,12,,,0,69,,5636,12,,,0,33,,5692,45,0,15 1 16,0,59,,5637,45,,,0,31,,5638,45,,,0,68,,5693,45,,,0,15,,5639,45,,,0,29,,5640,45,,,0,67,,5641,45,,,0,25,,5642,45,,,0,68,,5643,45,,,0,15,,5656,23,0,15 1 16,0,15,,5644,45,,,0,70,,5645,45,,,0,18,,5657,23,0,15 1 16,0,13,,5646,45,,,0,55,,5661,23,0,15 1 16,0,15,,5647,45,,,0,14,,5658,23,0,15 1 16,0,16,,5648,45,,,0,55,,5662,23,0,15 1 16,0,14,,5649,45,,,0,14,,5659,23,0,15 1 16,0,16,,5650,45,,,0,70,,5651,45,,,0,12,,5660,23,0,15 1 16,0,17,,5652,45,,,0,16,,5663,23,0,15 1 16,0,57,,5653,45,,,0,10,,5655,23,0,15 1 16,0,9,,5664,23,0,15 1 16,0,11,,5654,45,,,0,54,,5680,45,0,15 1 16,0,8,,5681,23,0,15 1 16,0,7,,5682,23,0,15 1 16,0,8,,5665,45,,,0,17,,5683,23,0,15 1 16,0,13,,5666,45,,,0,48,,5684,23,0,15 1 16,0,12,,5685,23,0,15 1 16,0,9,,5667,45,,,0,15,,5686,23,0,15 1 16,0,15,,5668,45,,,0,55,,5677,45,0,15 1 16,0,15,,5669,45,,,0,20,,5670,45,,,0,15,,5687,23,0,15 1 16,0,56,,5671,45,,,0,8,,5688,23,0,15 1 16,0,20,,5672,45,,,0,70,,5689,45,0,15 1 16,0,30,,5673,45,,,0,65,,5678,45,0,15 1 16,0,26,,5679,45,0,15 1 16,0,15,,5674,45,,,0,12,,5690,45,0,15 1 16,0,54,,5691,23,0,15 1 16,0,32,,5675,45,,,0,103,,5676,45,,,0,77,,5694,45,0,15 1 16,0
1101,'65031',645,,5713,12,,,0,98,,5714,12,,,0,95,,5712,45,,,0,79,,5695,23,,,0,34,,5704,45,0,15 1 16,0,65,,5696,45,,,0,35,,5705,45,0,15 1 16,0,65,,5697,45,,,0,35,,5706,45,0,15 1 16,0,65,,5698,45,,,0,35,,5707,45,0,15 1 16,0,65,,5699,45,,,0,35,,5708,45,0,15 1 16,0,65,,5700,45,,,0,34,,5709,45,0,15 1 16,0,70,,5701,45,,,0,30,,5710,45,0,15 1 16,0,71,,5702,45,,,0,32,,5711,45,0,15 1 16,0,69,,5703,45,,,0,14,,5715,45,0,15 1 16,0,15,,5716,45,,,0,70,,5717,45,0,15 1 16,0,24,,5718,45,,,0,101,,5719,45,,,0,100,,5720,45,,,0,99,,5721,45,,,0,100,,5722,45,,,0,100,,5723,45,,,0
1101,'65032',645,,5742,12,,,0,98,,5743,12,,,0,95,,5741,45,,,0,79,,5724,23,,,0,34,,5733,45,0,15 1 16,0,65,,5725,45,,,0,35,,5734,45,0,15 1 16,0,65,,5726,45,,,0,35,,5735,45,0,15 1 16,0,65,,5727,45,,,0,35,,5736,45,0,15 1 16,0,65,,5728,45,,,0,35,,5737,45,0,15 1 16,0,65,,5729,45,,,0,34,,5738,45,0,15 1 16,0,70,,5730,45,,,0,30,,5739,45,0,15 1 16,0,71,,5731,45,,,0,32,,5740,45,0,15 1 16,0,69,,5732,45,,,0,14,,5744,45,0,15 1 16,0,15,,5745,45,,,0,70,,5746,45,0,15 1 16,0,24,,5747,45,,,0,101,,5748,45,,,0,100,,5749,45,,,0,99,,5750,45,,,0,100,,5751,45,,,0,100,,5752,45,,,0
1101,'65035',1530,,5753,12,0,15 1 16,0,106,,5754,23,0,15 1 16,0
5500,'65030',737,,7269,40,,,0,121,,7270,40,,,0,151,,7271,40,,,0,115,,7278,40,,,0,120,,7272,40,,,0,112,,7273,40,,,0,155,,7274,40,,,0,118,,7275,40,,,0,118,,7276,40,,,0,109,,7277,40,0,5 6,0
5500,'65031',834,,7284,40,,,0,111,,7286,40,,,0,110,,7285,40,,,0,150,,7283,40,,,0,113,,7282,40,,,0,110,,7281,40,,,0,110,,7280,40,,,0,107,,7279,40,0,5 6,0
5500,'65032',834,,7292,40,,,0,111,,7294,40,,,0,110,,7293,40,,,0,150,,7291,40,,,0,113,,7290,40,,,0,110,,7289,40,,,0,110,,7288,40,,,0,107,,7287,40,0,5 6,0
