301,'65030',540,,4333,2,,,0,65,,4334,2,,,0,13,,4335,2,,,0,17,,4336,2,,,0,13,,4337,2,,,0,56,,4338,2,,,0,14,,4339,2,,,0,10,,4340,2,,,0,6,,4341,2,,,0,9,,4342,2,,,0,11,,4343,2,,,0,52,,4344,2,,,0,11,,4345,2,,,0,17,,4346,2,,,0,15,,4347,2,,,0,56,,4348,2,,,0,20,,4349,2,,,0,20,,4350,2,,,0,60,,4351,2,,,0,20,,4352,2,,,0,20,,4353,2,,,0,60,,4354,2,,,0,19,,4355,2,,,0,19,,4356,2,,,0,60,,4388,2,,,0,20,,4357,2,,,0,20,,4358,2,,,0,60,,4359,2,,,0,21,,4360,2,,,0,20,,4361,2,,,0,60,,4362,2,,,0,20,,4363,2,,,0,20,,4364,2,,,0,59,,4365,2,,,0,14,,4366,2,,,0,15,,4367,2,,,0,10,,4368,2,,,0,10,,4369,2,,,0,50,,4370,2,,,0,9,,4371,2,,,0,10,,4372,2,,,0,10,,4373,2,,,0,17,,4374,2,,,0,56,,4375,2,,,0,15,,4376,2,,,0,20,,4377,2,,,0,61,,4378,2,,,0,20,,4379,2,,,0,25,,4380,2,,,0,71,,4381,2,,,0,25,,4382,2,,,0,71,,4383,2,,,0,30,,4384,2,,,0,70,,4389,2,,,0,30,,4385,2,,,0,65,,4386,2,,,0,100,,4387,2,,,0
301,'65031',616,,4407,2,,,0,30,,4408,2,,,0,70,,4409,2,,,0,30,,4410,2,,,0,65,,4411,2,,,0,27,,4406,2,,,0,71,,4390,2,,,0,27,,4391,2,,,0,68,,4392,2,,,0,30,,4393,2,,,0,70,,4394,2,,,0,30,,4395,2,,,0,70,,4396,2,,,0,30,,4397,2,,,0,70,,4398,2,,,0,30,,4399,2,,,0,70,,4400,2,,,0,30,,4401,2,,,0,70,,4402,2,,,0,30,,4403,2,,,0,70,,4404,2,,,0,30,,4405,2,,,0,71,,4412,2,,,0,24,,4413,2,,,0,82,,4414,2,,,0,31,,4420,2,,,0,70,,4415,2,,,0,32,,4421,2,,,0,72,,4416,2,,,0,97,,4417,2,,,0,100,,4418,2,,,0,100,,4419,2,,,0
301,'65032',616,,4439,2,,,0,30,,4440,2,,,0,70,,4441,2,,,0,30,,4442,2,,,0,65,,4443,2,,,0,27,,4438,2,,,0,71,,4422,2,,,0,27,,4423,2,,,0,68,,4424,2,,,0,30,,4425,2,,,0,70,,4426,2,,,0,30,,4427,2,,,0,70,,4428,2,,,0,30,,4429,2,,,0,70,,4430,2,,,0,30,,4431,2,,,0,70,,4432,2,,,0,30,,4433,2,,,0,70,,4434,2,,,0,30,,4435,2,,,0,70,,4436,2,,,0,30,,4437,2,,,0,71,,4444,2,,,0,24,,4445,2,,,0,82,,4446,2,,,0,31,,4452,2,,,0,70,,4447,2,,,0,32,,4453,2,,,0,72,,4448,2,,,0,97,,4449,2,,,0,100,,4450,2,,,0,100,,4451,2,,,0
2500,'65030',637,,6813,2,0,48 49 50,0,14,,6832,2,0,46 3 47,0,69,,6814,2,0,48 49 50,0,31,,6833,2,0,46 3 47,0,52,,6815,2,0,48 49 50,0,31,,6834,2,0,46 3 47,0,12,,6816,2,0,48 49 50,0,654,,6835,2,0,46 3 47,0,12,,6817,2,0,48 49 50,0,31,,6818,2,0,48 49 50,0,71,,6836,2,0,46 3 47,0,12,,6819,2,0,48 49 50,0,31,,6837,2,0,46 3 47,0,52,,6820,2,0,48 49 50,0,31,,6838,2,0,46 3 47,0,12,,6821,2,0,48 49 50,0,54,,6839,2,0,46 3 47,0,94,,6822,2,0,48 49 50,0
5501,'65030',718,,7295,2,,,0,122,,7296,2,,,0,115,,7297,2,,,0,155,,7298,2,,,0,115,,7299,2,,,0,115,,7300,2,,,0,115,,7301,2,,,0,155,,7302,2,,,0,118,,7303,2,,,0,112,,7304,2,0,5 6,0
5501,'65031',815,,7312,2,,,0,111,,7311,2,,,0,110,,7310,2,,,0,110,,7309,2,,,0,110,,7308,2,,,0,150,,7307,2,,,0,109,,7305,2,,,0,113,,7306,2,0,5 6,0
5501,'65032',815,,7320,2,,,0,111,,7319,2,,,0,110,,7318,2,,,0,110,,7317,2,,,0,110,,7316,2,,,0,150,,7315,2,,,0,109,,7313,2,,,0,113,,7314,2,0,5 6,0
5701,'65030',855,,7340,3,,,0,160,,7341,3,,,0,105,,7342,3,,,0,120,,7343,3,,,0,105,,7344,3,,,0,160,,7345,3,,,0,105,,7346,3,,,0
5701,'65031',1115,,7352,3,,,0,102,,7351,3,,,0,113,,7350,3,,,0,102,,7349,3,,,0,111,,7348,3,,,0,113,,7347,3,0,7 1 21,0
5701,'65032',1115,,7358,3,,,0,102,,7357,3,,,0,113,,7356,3,,,0,102,,7355,3,,,0,111,,7354,3,,,0,113,,7353,3,0,7 1 21,0
