300,'65030',603,,4213,5,,,0,15,,4269,5,,,0,14,,4214,5,,,0,14,,4215,5,,,0,13,,4216,5,,,0,50,,4217,5,,,0,8,,4218,5,,,0,5,,4219,5,,,0,7,,4220,5,,,0,8,,4221,5,,,0,10,,4222,5,,,0,58,,4223,5,,,0,17,,4224,5,,,0,17,,4270,5,,,0,15,,4225,5,,,0,60,,4226,5,,,0,20,,4227,5,,,0,20,,4228,5,,,0,60,,4229,5,,,0,20,,4230,5,,,0,19,,4231,5,,,0,60,,4232,5,,,0,20,,4233,5,,,0,20,,4234,5,,,0,59,,4235,5,,,0,20,,4236,5,,,0,20,,4237,5,,,0,60,,4238,5,,,0,20,,4239,5,,,0,20,,4240,5,,,0,60,,4241,5,,,0,15,,4242,5,,,0,14,,4243,5,,,0,14,,4245,5,,,0,55,,4251,5,,,0,9,,4246,5,,,0,10,,4247,5,,,0,9,,4248,5,,,0,10,,4249,5,,,0,10,,4250,5,,,0,58,,4252,5,,,0,14,,4253,5,,,0,15,,4254,5,,,0,55,,4255,5,,,0,24,,4256,5,,,0,24,,4257,5,,,0,60,,4258,5,,,0,21,,4259,5,,,0,25,,4260,5,,,0,71,,4261,5,,,0,30,,4262,5,,,0,71,,4267,5,,,0,25,,4263,5,,,0,60,,4264,5,,,0,21,,4265,5,,,0,78,,4266,5,,,0,32,,4244,5,,,0
300,'65031',703,,4287,5,,,0,24,,4288,5,,,0,73,,4289,5,,,0,23,,4300,5,,,0,23,,4271,5,,,0,68,,4272,5,,,0,30,,4273,5,,,0,68,,4274,5,,,0,30,,4275,5,,,0,69,,4276,5,,,0,30,,4277,5,,,0,70,,4278,5,,,0,30,,4279,5,,,0,70,,4280,5,,,0,29,,4281,5,,,0,69,,4282,5,,,0,30,,4283,5,,,0,70,,4284,5,,,0,31,,4285,5,,,0,70,,4286,5,,,0,28,,4290,5,,,0,62,,4291,5,,,0,18,,4292,5,,,0,30,,4293,5,,,0,75,,4294,5,,,0,35,,4295,5,,,0,72,,4301,5,,,0,71,,4296,5,,,0,100,,4297,5,,,0,101,,4298,5,,,0,102,,4299,5,,,0
300,'65032',703,,4318,5,,,0,24,,4319,5,,,0,73,,4320,5,,,0,23,,4331,5,,,0,23,,4302,5,,,0,68,,4303,5,,,0,30,,4304,5,,,0,68,,4305,5,,,0,30,,4306,5,,,0,69,,4307,5,,,0,30,,4308,5,,,0,70,,4309,5,,,0,30,,4310,5,,,0,70,,4311,5,,,0,29,,4312,5,,,0,69,,4313,5,,,0,30,,4314,5,,,0,70,,4315,5,,,0,31,,4316,5,,,0,70,,4317,5,,,0,28,,4321,5,,,0,62,,4322,5,,,0,18,,4323,5,,,0,30,,4324,5,,,0,75,,4325,5,,,0,35,,4326,5,,,0,72,,4332,5,,,0,71,,4327,5,,,0,100,,4328,5,,,0,101,,4329,5,,,0,102,,4330,5,,,0
5001,'65030',655,,7074,5,,,0,67,,7097,5,0,31 32,0,29,,7075,5,,,0,71,,7098,5,0,31 32,0,31,,7076,5,,,0,75,,7077,5,,,0,76,,7078,5,,,0,99,,7079,5,,,0,100,,7080,5,,,0,100,,7081,5,,,0,100,,7082,5,,,0,100,,7096,5,0,31 32,0,35,,7083,5,,,0,81,,7095,5,0,31 32,0,30,,7084,5,,,0,69,,7094,5,0,31 32,0,31,,7085,5,,,0,69,,7093,5,0,31 32,0,29,,7086,5,,,0,60,,7087,5,,,0,47,,7088,5,,,0,85,,7089,5,,,0,85,,7090,5,,,0,85,,7091,5,,,0,47,,7092,5,,,0
5001,'65031',852,,7112,5,,,0,104,,7113,5,,,0,100,,7114,5,,,0,100,,7111,5,,,0,100,,7110,5,,,0,99,,7109,5,,,0,95,,7108,5,,,0,97,,7107,5,,,0,94,,7106,5,,,0,93,,7104,5,,,0,92,,7105,5,,,0,88,,7102,5,,,0,93,,7103,5,,,0,100,,7101,5,,,0,94,,7100,5,,,0,101,,7099,5,,,0
5001,'65032',852,,7128,5,,,0,104,,7129,5,,,0,100,,7130,5,,,0,100,,7127,5,,,0,100,,7126,5,,,0,99,,7125,5,,,0,95,,7124,5,,,0,97,,7123,5,,,0,94,,7122,5,,,0,93,,7120,5,,,0,92,,7121,5,,,0,88,,7118,5,,,0,93,,7119,5,,,0,100,,7117,5,,,0,94,,7116,5,,,0,101,,7115,5,,,0
5001,'65035',1647,,7131,5,0,33 3 34,0
90300,'65030',2311,,7807,12,,,0,107,,7808,12,,,0
90300,'65031',2419,,7811,12,,,0
90300,'65032',2419,,7813,12,,,0
91301,'65030',2508,,7860,37,,,0
91301,'65031',2508,,7861,37,,,0
91301,'65032',2508,,7862,37,,,0
