700,'65030',717,,4949,6,,,0,13,,4951,6,0,5 6,0,25,,4954,6,,,0,460,,4973,6,,,0,99,,4974,6,,,0,201,,4976,6,,,0,116,,4979,6,,,0,108,,4981,6,,,0,65,,4982,6,,,0,20,,4983,6,,,0,203,,4987,6,,,0,101,,4989,6,,,0,177,,4991,6,,,0
700,'65031',800,,5011,6,,,0,104,,4992,6,,,0,896,,5014,6,,,0,102,,5015,6,,,0,100,,5016,6,,,0,102,,5017,6,,,0,100,,5018,6,,,0,99,,5019,6,,,0
700,'65032',800,,5039,6,,,0,104,,5020,6,,,0,896,,5042,6,,,0,102,,5043,6,,,0,100,,5044,6,,,0,102,,5045,6,,,0,100,,5046,6,,,0,99,,5047,6,,,0
701,'65030',640,,5048,28,0,54,0,83,,5049,28,0,54,0,16,,5051,41,0,54,0,68,,5052,41,0,54,0,27,,5050,28,0,54,0,16,,5053,41,0,54,0,53,,5054,41,,,0,14,,5055,41,0,54,0,17,,5056,41,0,54,0,20,,5057,41,0,54,0,58,,5070,28,0,54,0,19,,5058,41,,,0,23,,5064,41,0,54,0,58,,5071,28,0,54,0,22,,5059,41,0,54,0,20,,5065,41,0,54,0,57,,5072,28,0,54,0,20,,5060,41,,,0,23,,5066,41,0,54,0,59,,5073,28,0,54,0,19,,5061,41,,,0,22,,5067,46,0,54,0,58,,5074,28,0,54,0,17,,5062,41,,,0,24,,5068,41,0,54,0,58,,5075,28,0,54,0,25,,5063,46,0,54,0,18,,5069,41,0,54,0,53,,5076,28,0,54,0,9,,5077,28,0,54,0,8,,5078,41,,,0,15,,5096,28,0,54,0,18,,5079,41,,,0,54,,5080,46,0,54,0,16,,5081,41,,,0,12,,5097,28,0,54,0,14,,5082,41,,,0,60,,5083,41,,,0,17,,5084,46,0,54,0,23,,5085,41,0,54,0,57,,5086,41,0,54,0,21,,5087,41,0,54,0,23,,5088,41,0,54,0,68,,5089,41,,,0,31,,5090,41,0,54,0,64,,5091,41,,,0,33,,5092,41,0,54,0,68,,5093,41,0,54,0,36,,5098,41,,,0,98,,5099,41,0,54,0,154,,5094,28,0,54,0
701,'65031',746,,5117,28,,,0,101,,5118,28,,,0,79,,5116,41,0,54,0,80,,5108,28,0,54,0,21,,5100,41,0,54,0,29,,5109,28,0,54,0,66,,5101,41,0,54,0,33,,5110,28,0,54,0,71,,5102,41,0,54,0,31,,5111,28,0,54,0,69,,5103,41,0,54,0,30,,5112,28,0,54,0,70,,5104,41,0,54,0,30,,5113,28,0,54,0,70,,5105,41,0,54,0,30,,5114,28,0,54,0,75,,5106,41,0,54,0,70,,5115,28,0,54,0,32,,5107,28,0,54,0,16,,5119,28,,,0,61,,5120,28,0,54,0,31,,5121,28,,,0,69,,5129,28,,,0,40,,5122,41,,,0,100,,5123,41,,,0,99,,5124,41,,,0,99,,5125,41,,,0,99,,5126,41,0,54,0,158,,5127,28,0,54,0
701,'65032',746,,5147,28,,,0,101,,5148,28,,,0,79,,5146,41,0,54,0,80,,5138,28,0,54,0,21,,5130,41,0,54,0,29,,5139,28,0,54,0,66,,5131,41,0,54,0,33,,5140,28,0,54,0,71,,5132,41,0,54,0,31,,5141,28,0,54,0,69,,5133,41,0,54,0,30,,5142,28,0,54,0,70,,5134,41,0,54,0,30,,5143,28,0,54,0,70,,5135,41,0,54,0,30,,5144,28,0,54,0,75,,5136,41,0,54,0,70,,5145,28,0,54,0,32,,5137,28,0,54,0,16,,5149,28,,,0,61,,5150,28,0,54,0,31,,5151,28,,,0,69,,5159,28,,,0,40,,5152,41,,,0,100,,5153,41,,,0,99,,5154,41,,,0,99,,5155,41,,,0,99,,5156,41,0,54,0,158,,5157,28,0,54,0
1100,'65030',639,,5519,19,,,0,67,,5520,19,,,0,33,,5567,19,0,22 23,0,18,,5521,19,,,0,62,,5522,19,,,0,81,,5523,19,,,0,28,,5525,19,,,0,31,,5526,19,,,0,71,,5527,19,,,0,70,,5528,19,,,0,28,,5529,19,,,0,28,,5530,19,,,0,71,,5531,19,,,0,31,,5532,19,,,0,72,,5533,19,,,0,29,,5534,19,,,0,69,,5535,19,,,0,29,,5536,19,,,0,70,,5537,19,,,0,26,,5538,19,,,0,68,,5539,19,,,0,29,,5540,19,,,0,77,,5541,19,,,0,31,,5542,19,,,0,66,,5569,19,,,0,33,,5543,19,,,0,70,,5544,19,,,0,83,,5545,19,,,0,101,,5546,19,,,0,103,,5547,19,,,0,100,,5548,19,0,57,0,90,,5570,19,0,22 23,0
1100,'65031',806,,5595,19,,,0,97,,5579,19,,,0,32,,5580,19,,,0,100,,5581,19,,,0,92,,5582,19,,,0,97,,5583,19,,,0,106,,5584,19,,,0,100,,5585,19,,,0,103,,5586,19,,,0,100,,5597,19,,,0,68,,5598,19,,,0,105,,5600,19,,,0,97,,5601,19,,,0,100,,5602,19,,,0,100,,5603,19,,,0,101,,5604,19,,,0,108,,5605,19,0,57,0
1100,'65032',806,,5622,19,,,0,97,,5606,19,,,0,32,,5607,19,,,0,100,,5608,19,,,0,92,,5609,19,,,0,97,,5610,19,,,0,106,,5611,19,,,0,100,,5612,19,,,0,103,,5613,19,,,0,100,,5624,19,,,0,68,,5625,19,,,0,105,,5627,19,,,0,97,,5628,19,,,0,100,,5629,19,,,0,100,,5630,19,,,0,101,,5631,19,,,0,108,,5632,19,0,57,0
1101,'65030',554,,5635,22,,,0,69,,5636,22,,,0,35,,5692,55,0,54,0,57,,5637,55,,,0,33,,5638,55,,,0,68,,5693,55,,,0,15,,5639,55,,,0,28,,5640,55,,,0,67,,5641,55,,,0,25,,5642,55,,,0,68,,5643,55,,,0,16,,5656,33,0,54,0,14,,5644,55,,,0,70,,5645,55,,,0,20,,5657,33,0,54,0,11,,5646,55,,,0,57,,5661,33,0,54,0,13,,5647,55,,,0,16,,5658,33,0,54,0,14,,5648,55,,,0,57,,5662,33,0,54,0,12,,5649,55,,,0,16,,5659,33,0,54,0,14,,5650,55,,,0,70,,5651,55,,,0,14,,5660,33,0,54,0,16,,5652,55,,,0,57,,5663,33,0,54,0,16,,5653,55,,,0,11,,5655,33,0,54,0,9,,5664,33,0,54,0,10,,5654,55,,,0,55,,5680,55,0,54,0,8,,5681,33,0,54,0,7,,5682,33,0,54,0,7,,5665,55,,,0,18,,5683,33,0,54,0,12,,5666,55,,,0,49,,5684,33,0,54,0,12,,5685,33,0,54,0,8,,5667,55,,,0,16,,5686,33,0,54,0,14,,5668,55,,,0,56,,5677,55,0,54,0,14,,5669,55,,,0,20,,5670,55,,,0,56,,5687,33,0,54,0,15,,5671,55,,,0,9,,5688,33,0,54,0,19,,5672,55,,,0,71,,5689,55,0,54,0,29,,5673,55,,,0,65,,5678,55,0,54,0,26,,5679,55,0,54,0,15,,5674,55,,,0,52,,5690,55,0,54,0,14,,5691,33,0,54,0,32,,5675,55,,,0,103,,5676,55,,,0,77,,5694,55,0,54,0
1101,'65031',649,,5713,22,,,0,98,,5714,22,,,0,95,,5712,55,,,0,79,,5695,33,,,0,34,,5704,55,0,54,0,66,,5696,55,,,0,34,,5705,55,0,54,0,66,,5697,55,,,0,34,,5706,55,0,54,0,66,,5698,55,,,0,34,,5707,55,0,54,0,66,,5699,55,,,0,34,,5708,55,0,54,0,66,,5700,55,,,0,34,,5709,55,0,54,0,71,,5701,55,,,0,29,,5710,55,0,54,0,73,,5702,55,,,0,72,,5711,55,0,54,0,30,,5703,55,,,0,13,,5715,55,0,54,0,15,,5716,55,,,0,69,,5717,55,0,54,0,23,,5718,55,,,0,101,,5719,55,,,0,100,,5720,55,,,0,99,,5721,55,,,0,100,,5722,55,,,0,99,,5723,55,,,0
1101,'65032',649,,5742,22,,,0,98,,5743,22,,,0,95,,5741,55,,,0,79,,5724,33,,,0,34,,5733,55,0,54,0,66,,5725,55,,,0,34,,5734,55,0,54,0,66,,5726,55,,,0,34,,5735,55,0,54,0,66,,5727,55,,,0,34,,5736,55,0,54,0,66,,5728,55,,,0,34,,5737,55,0,54,0,66,,5729,55,,,0,34,,5738,55,0,54,0,71,,5730,55,,,0,29,,5739,55,0,54,0,73,,5731,55,,,0,72,,5740,55,0,54,0,30,,5732,55,,,0,13,,5744,55,0,54,0,15,,5745,55,,,0,69,,5746,55,0,54,0,23,,5747,55,,,0,101,,5748,55,,,0,100,,5749,55,,,0,99,,5750,55,,,0,100,,5751,55,,,0,99,,5752,55,,,0
1101,'65035',1537,,5753,22,0,54,0,106,,5754,33,0,54,0
