100,'65030',852,,3974,2,,,0,98,,3975,2,,,0,99,,3976,2,,,0,100,,3977,2,,,0,99,,3978,2,,,0,100,,3979,2,,,0,268,,3991,2,,,0,29,,3992,2,,,0,71,,3993,2,,,0,28,,3994,2,,,0,177,,3995,2,,,0,101,,3996,2,,,0,92,,3997,2,,,0,95,,3998,2,0,5 6,0,101,,3999,2,0,5 6,0
100,'65031',1713,,4009,2,0,5 6,0
100,'65032',1713,,4020,2,0,5 6,0
400,'65030',629,,4459,2,,,0,16,,4454,2,,,0,11,,4499,2,0,5 6,0,65,,4458,2,0,5 6,0,37,,4457,2,,,0,73,,4462,2,,,0,73,,4496,2,0,5 6,0,97,,4460,2,0,5 6,0,122,,4500,2,0,5 6,0,182,,4497,2,0,5 6,0,37,,4472,2,,,0,70,,4473,2,,,0,15,,4498,2,0,5 6,0,14,,4474,2,,,0,16,,4501,2,0,5 6,0,55,,4461,2,,,0,16,,4492,2,0,5 6,0,14,,4475,2,,,0,59,,4493,2,0,5 6,0,5,,4476,2,,,0,4,,4485,2,0,5 6,0,25,,4477,2,,,0,18,,4478,2,,,0,52,,4494,2,0,5 6,0,10,,4479,2,,,0,17,,4486,2,0,5 6,0,14,,4495,2,,,0,57,,4502,2,0,5 6,0,35,,4484,2,,,0,66,,4483,2,,,0,32,,4482,2,,,0,68,,4481,2,,,0,36,,4480,2,,,0,65,,4487,2,0,5 6,0,20,,4488,2,,,0,21,,4489,2,0,5 6,0,69,,4490,2,0,5 6,0,102,,4491,2,0,5 6,0
400,'65031',714,,4519,2,0,5 6,0,27,,4530,2,0,5 6,0,71,,4520,2,0,5 6,0,88,,4511,2,,,0,29,,4503,2,0,5 6,0,29,,4512,2,,,0,71,,4504,2,0,5 6,0,29,,4513,2,,,0,70,,4505,2,0,5 6,0,30,,4514,2,,,0,70,,4506,2,0,5 6,0,30,,4515,2,,,0,72,,4507,2,0,5 6,0,28,,4516,2,,,0,72,,4508,2,0,5 6,0,29,,4517,2,,,0,71,,4509,2,0,5 6,0,29,,4518,2,,,0,69,,4510,2,0,5 6,0,28,,4529,2,,,0,61,,4521,2,,,0,21,,4522,2,,,0,75,,4523,2,,,0,99,,4524,2,0,5 6,0,98,,4525,2,0,5 6,0,100,,4526,2,0,5 6,0,100,,4527,2,0,5 6,0,100,,4528,2,0,5 6,0
400,'65032',714,,4547,2,0,5 6,0,27,,4558,2,0,5 6,0,71,,4548,2,0,5 6,0,88,,4539,2,,,0,29,,4531,2,0,5 6,0,29,,4540,2,,,0,71,,4532,2,0,5 6,0,29,,4541,2,,,0,70,,4533,2,0,5 6,0,30,,4542,2,,,0,70,,4534,2,0,5 6,0,30,,4543,2,,,0,72,,4535,2,0,5 6,0,28,,4544,2,,,0,72,,4536,2,0,5 6,0,29,,4545,2,,,0,71,,4537,2,0,5 6,0,29,,4546,2,,,0,69,,4538,2,0,5 6,0,28,,4557,2,,,0,61,,4549,2,,,0,21,,4550,2,,,0,75,,4551,2,,,0,99,,4552,2,0,5 6,0,98,,4553,2,0,5 6,0,100,,4554,2,0,5 6,0,100,,4555,2,0,5 6,0,100,,4556,2,0,5 6,0
1700,'65030',711,,6285,41,,,0,19,,6286,41,,,0,18,,6287,41,,,0,68,,6288,41,,,0,33,,6289,41,,,0,73,,6290,41,,,0,19,,6291,41,,,0,78,,6292,41,,,0,24,,6293,41,,,0,61,,6294,41,,,0,41,,6295,41,,,0,59,,6296,41,,,0,20,,6315,41,,,0,21,,6297,41,,,0,80,,6298,41,,,0,34,,6299,41,,,0,258,,6303,41,,,0,203,,6308,41,,,0
1700,'65035',758,,6347,41,,,0,68,,6346,41,,,0
5501,'65030',833,,7295,106,,,0,111,,7296,106,,,0,156,,7297,106,,,0,119,,7298,106,,,0,113,,7299,106,,,0,115,,7300,106,,,0,158,,7301,106,,,0,118,,7302,106,,,0,110,,7303,106,,,0
5501,'65031',921,,7312,106,,,0,110,,7311,106,,,0,110,,7310,106,,,0,112,,7309,106,,,0,150,,7308,106,,,0,110,,7307,106,,,0,107,,7305,106,,,0
5501,'65032',921,,7320,106,,,0,110,,7319,106,,,0,110,,7318,106,,,0,112,,7317,106,,,0,150,,7316,106,,,0,110,,7315,106,,,0,107,,7313,106,,,0
5700,'65030',904,,7321,2,,,0,101,,7322,2,,,0,120,,7323,2,,,0,105,,7324,2,,,0,121,,7325,2,,,0,105,,7326,2,,,0,160,,7327,2,,,0
5700,'65031',1109,,7333,2,,,0,113,,7332,2,,,0,102,,7331,2,,,0,112,,7330,2,,,0,102,,7329,2,,,0,112,,7328,2,0,56,0
5700,'65032',1109,,7339,2,,,0,113,,7338,2,,,0,102,,7337,2,,,0,112,,7336,2,,,0,102,,7335,2,,,0,112,,7334,2,0,56,0
91700,'65030',614,,7863,41,,,0
