400,'65030',842,,4462,16,,,0,771,,4493,16,0,5 6,0,5,,4476,16,,,0,4,,4485,16,0,5 6,0
1200,'65030',619,,5755,27,,,0,27,,5756,27,,,0,57,,5757,27,,,0,21,,5758,27,,,0,14,,5759,27,,,0,15,,5760,27,,,0,49,,5761,27,,,0,26,,5762,27,,,0,10,,5763,27,,,0,69,,5764,27,,,0,25,,5765,27,,,0,72,,5766,27,,,0,32,,5767,27,,,0,68,,5768,27,,,0,30,,5769,27,,,0,69,,5770,27,,,0,30,,5771,27,,,0,71,,5772,27,,,0,28,,5773,27,,,0,74,,5774,27,,,0,30,,5775,27,,,0,70,,5776,27,,,0,29,,5777,27,,,0,70,,5778,27,,,0,26,,5779,27,,,0,25,,5780,27,,,0,55,,5781,27,,,0,27,,5782,27,,,0,66,,5783,27,,,0,25,,5784,27,,,0,90,,5785,27,,,0,101,,5786,27,,,0,23,,5787,27,,,0,77,,5788,27,,,0
1200,'65031',717,,5798,27,,,0,101,,5799,27,,,0,95,,5789,27,,,0,46,,5790,27,,,0,100,,5791,27,,,0,99,,5792,27,,,0,99,,5793,27,,,0,100,,5794,27,,,0,100,,5795,27,,,0,101,,5796,27,,,0,100,,5797,27,,,0,81,,5800,27,,,0,76,,5801,27,,,0,100,,5802,27,,,0,102,,5803,27,,,0,100,,5804,27,,,0,99,,5805,27,,,0,101,,5806,27,,,0
1200,'65032',717,,5816,27,,,0,101,,5817,27,,,0,95,,5807,27,,,0,46,,5808,27,,,0,100,,5809,27,,,0,99,,5810,27,,,0,99,,5811,27,,,0,100,,5812,27,,,0,100,,5813,27,,,0,101,,5814,27,,,0,100,,5815,27,,,0,81,,5818,27,,,0,76,,5819,27,,,0,100,,5820,27,,,0,102,,5821,27,,,0,100,,5822,27,,,0,99,,5823,27,,,0,101,,5824,27,,,0
1700,'65030',827,,6288,55,,,0
1700,'65035',837,,6346,55,,,0
5700,'65030',921,,7321,33,,,0,102,,7322,33,,,0,120,,7323,33,,,0,105,,7324,33,,,0,162,,7325,33,,,0,105,,7326,33,,,0,120,,7327,33,,,0
5700,'65031',1126,,7333,33,,,0,113,,7332,33,,,0,102,,7331,33,,,0,112,,7330,33,,,0,102,,7329,33,,,0,152,,7328,33,0,56,0
5700,'65032',1126,,7339,33,,,0,113,,7338,33,,,0,102,,7337,33,,,0,112,,7336,33,,,0,102,,7335,33,,,0,152,,7334,33,0,56,0
91200,'65030',2218,,7852,30,,,0,100,,7853,30,,,0
