1201,'65030',632,,5829,16,,,0,68,,5830,16,,,0,30,,5825,16,,,0,27,,5826,16,,,0,70,,5827,16,,,0,26,,5828,16,,,0,64,,5831,16,,,0,28,,5832,16,,,0,72,,5833,16,,,0,28,,5834,16,,,0,72,,5835,16,,,0,29,,5836,16,,,0,72,,5837,16,,,0,14,,5860,16,,,0,14,,5838,16,,,0,72,,5839,16,,,0,30,,5840,16,,,0,71,,5841,16,,,0,30,,5842,16,,,0,67,,5843,16,,,0,30,,5844,16,,,0,62,,5845,16,,,0,15,,5846,16,,,0,16,,5847,16,,,0,14,,5848,16,,,0,55,,5849,16,,,0,20,,5850,16,,,0,17,,5851,16,,,0,65,,5852,16,,,0,25,,5853,16,,,0,70,,5854,16,,,0,35,,5855,16,,,0,95,,5856,16,,,0,100,,5857,16,,,0,79,,5858,16,,,0,118,,5859,16,,,0
1201,'65031',737,,5869,16,,,0,100,,5870,16,,,0,118,,5861,16,,,0,101,,5862,16,,,0,100,,5863,16,,,0,100,,5864,16,,,0,100,,5865,16,,,0,100,,5866,16,,,0,100,,5867,16,,,0,98,,5868,16,,,0,86,,5871,16,,,0,100,,5872,16,,,0,100,,5873,16,,,0,100,,5874,16,,,0,100,,5875,16,,,0
1201,'65032',737,,5884,16,,,0,100,,5885,16,,,0,118,,5876,16,,,0,101,,5877,16,,,0,100,,5878,16,,,0,100,,5879,16,,,0,100,,5880,16,,,0,100,,5881,16,,,0,100,,5882,16,,,0,98,,5883,16,,,0,86,,5886,16,,,0,100,,5887,16,,,0,100,,5888,16,,,0,100,,5889,16,,,0,100,,5890,16,,,0
1201,'65035',1618,,5891,16,,,0
5701,'65030',936,,7340,65,,,0,120,,7341,65,,,0,146,,7342,65,,,0,119,,7343,65,,,0,105,,7344,65,,,0,120,,7345,65,,,0,105,,7346,65,,,0
5701,'65031',1149,,7352,65,,,0,102,,7351,65,,,0,153,,7350,65,,,0,102,,7349,65,,,0,111,,7348,65,,,0
5701,'65032',1149,,7358,65,,,0,102,,7357,65,,,0,153,,7356,65,,,0,102,,7355,65,,,0,111,,7354,65,,,0
91201,'65030',2242,,7854,16,,,0,100,,7855,16,,,0
91201,'65031',2235,,7856,16,,,0,100,,7857,16,,,0
91201,'65032',2235,,7858,16,,,0,100,,7859,16,,,0
