1101,'65030',636,,5692,27,0,54,0,18,,5637,27,,,0,70,,5638,27,,,0,26,,5693,27,,,0,55,,5639,27,,,0,29,,5640,27,,,0,70,,5641,27,,,0,25,,5642,27,,,0,28,,5643,27,,,0,55,,5656,5,0,54,0,14,,5644,27,,,0,30,,5645,27,,,0,57,,5657,5,0,54,0,12,,5646,27,,,0,15,,5661,5,0,54,0,15,,5647,27,,,0,54,,5658,5,0,54,0,17,,5648,27,,,0,15,,5662,5,0,54,0,15,,5649,27,,,0,54,,5659,5,0,54,0,16,,5650,27,,,0,30,,5651,27,,,0,52,,5660,5,0,54,0,17,,5652,27,,,0,16,,5663,5,0,54,0,15,,5653,27,,,0,50,,5655,5,0,54,0,9,,5664,5,0,54,0,10,,5654,27,,,0,14,,5680,27,0,54,0,8,,5681,5,0,54,0,7,,5682,5,0,54,0,47,,5665,27,,,0,18,,5683,5,0,54,0,13,,5666,27,,,0,8,,5684,5,0,54,0,12,,5685,5,0,54,0,50,,5667,27,,,0,16,,5686,5,0,54,0,15,,5668,27,,,0,15,,5677,27,0,54,0,55,,5669,27,,,0,20,,5670,27,,,0,15,,5687,5,0,54,0,16,,5671,27,,,0,49,,5688,5,0,54,0,20,,5672,27,,,0,30,,5689,27,0,54,0,70,,5673,27,,,0,25,,5678,27,0,54,0,66,,5679,27,0,54,0,16,,5674,27,,,0,12,,5690,27,0,54,0,15,,5691,5,0,54,0,72,,5675,27,,,0,104,,5676,27,,,0,78,,5694,27,0,54,0
1101,'65031',824,,5712,27,,,0,78,,5695,5,,,0,34,,5704,27,0,54,0,65,,5696,27,,,0,35,,5705,27,0,54,0,65,,5697,27,,,0,34,,5706,27,0,54,0,65,,5698,27,,,0,35,,5707,27,0,54,0,65,,5699,27,,,0,35,,5708,27,0,54,0,65,,5700,27,,,0,34,,5709,27,0,54,0,70,,5701,27,,,0,30,,5710,27,0,54,0,71,,5702,27,,,0,32,,5711,27,0,54,0,68,,5703,27,,,0,14,,5715,27,0,54,0,16,,5716,27,,,0,70,,5717,27,0,54,0,24,,5718,27,,,0,102,,5719,27,,,0,100,,5720,27,,,0,100,,5721,27,,,0,100,,5722,27,,,0,100,,5723,27,,,0
1101,'65032',824,,5741,27,,,0,78,,5724,5,,,0,34,,5733,27,0,54,0,65,,5725,27,,,0,35,,5734,27,0,54,0,65,,5726,27,,,0,34,,5735,27,0,54,0,65,,5727,27,,,0,35,,5736,27,0,54,0,65,,5728,27,,,0,35,,5737,27,0,54,0,65,,5729,27,,,0,34,,5738,27,0,54,0,70,,5730,27,,,0,30,,5739,27,0,54,0,71,,5731,27,,,0,32,,5740,27,0,54,0,68,,5732,27,,,0,14,,5744,27,0,54,0,16,,5745,27,,,0,70,,5746,27,0,54,0,24,,5747,27,,,0,102,,5748,27,,,0,100,,5749,27,,,0,100,,5750,27,,,0,100,,5751,27,,,0,100,,5752,27,,,0
1101,'65035',1614,,5754,5,0,54,0
1800,'65030',705,,6413,35,,,0,19,,6412,35,,,0,17,,6411,35,,,0,68,,6410,35,,,0,33,,6409,35,,,0,74,,6408,35,,,0,19,,6425,35,,,0,78,,6414,35,,,0,24,,6421,35,,,0,21,,6415,35,,,0,81,,6422,35,,,0,19,,6416,35,,,0,60,,6438,35,,,0,21,,6423,35,,,0,80,,6417,35,,,0,34,,6424,35,,,0,66,,6418,35,,,0,26,,6420,35,,,0,81,,6419,35,,,0,26,,6437,35,,,0,58,,6426,35,,,0,37,,6427,35,,,0,57,,6428,35,,,0,27,,6429,35,,,0,19,,6430,35,,,0,64,,6431,35,,,0,44,,6432,35,,,0,71,,6433,35,,,0,27,,6434,35,,,0,157,,6435,35,,,0,93,,6436,35,,,0
1800,'65031',803,,6448,35,,,0,111,,6439,35,,,0,96,,6440,35,,,0,99,,6441,35,,,0,101,,6442,35,,,0,100,,6443,35,,,0,100,,6444,35,,,0,100,,6445,35,,,0,100,,6446,35,,,0,106,,6447,35,,,0,97,,6449,35,,,0,89,,6450,35,,,0,46,,6451,35,,,0,100,,6452,35,,,0,100,,6453,35,,,0
1800,'65032',803,,6463,35,,,0,111,,6454,35,,,0,96,,6455,35,,,0,99,,6456,35,,,0,101,,6457,35,,,0,100,,6458,35,,,0,100,,6459,35,,,0,100,,6460,35,,,0,100,,6461,35,,,0,106,,6462,35,,,0,97,,6464,35,,,0,89,,6465,35,,,0,46,,6466,35,,,0,100,,6467,35,,,0,100,,6468,35,,,0
1800,'65035',751,,6470,26,,,0,68,,6469,26,,,0
2400,'65030',632,,6687,18,,,0,71,,6688,18,,,0,31,,6689,18,,,0,24,,6690,18,,,0,52,,6691,18,,,0,28,,6692,18,,,0,75,,6693,18,,,0,31,,6694,18,,,0,71,,6713,18,,,0,31,,6695,18,,,0,71,,6696,18,,,0,31,,6697,18,,,0,71,,6698,18,,,0,31,,6699,18,,,0,71,,6700,18,,,0,31,,6701,18,,,0,71,,6702,18,,,0,31,,6703,18,,,0,72,,6704,18,,,0,33,,6705,18,,,0,76,,6706,18,,,0,75,,6707,18,,,0,39,,6708,18,,,0,74,,6709,18,,,0,35,,6710,18,,,0,75,,6711,18,,,0,75,,6712,18,,,0,35,,6714,18,,,0,80,,6715,18,,,0,32,,6686,18,,,0
2400,'65031',807,,6732,18,,,0,33,,6728,18,,,0,75,,6729,18,,,0,100,,6731,18,,,0,100,,6730,18,,,0,100,,6727,18,,,0,100,,6726,18,,,0,100,,6725,18,,,0,100,,6724,18,,,0,100,,6721,18,,,0,105,,6718,18,,,0,93,,6717,18,,,0,92,,6720,18,,,0,35,,6723,18,,,0,100,,6716,18,,,0,100,,6722,18,,,0,98,,6719,18,,,0
2400,'65032',807,,6749,18,,,0,33,,6745,18,,,0,75,,6746,18,,,0,100,,6748,18,,,0,100,,6747,18,,,0,100,,6744,18,,,0,100,,6743,18,,,0,100,,6742,18,,,0,100,,6741,18,,,0,100,,6738,18,,,0,105,,6735,18,,,0,93,,6734,18,,,0,92,,6737,18,,,0,35,,6740,18,,,0,100,,6733,18,,,0,100,,6739,18,,,0,98,,6736,18,,,0
45301,'65030',812,,7424,5,,,0,506,,7428,6,,,0,226,,7425,5,,,0,113,,7426,5,,,0,93,,7427,5,,,0,98,,7429,6,,,0
91301,'65030',2517,,7860,46,,,0
91301,'65031',2517,,7861,46,,,0
91301,'65032',2517,,7862,46,,,0
91800,'65031',2300,,7868,37,,,0
91800,'65032',2300,,7869,37,,,0
