100,'65030',638,,3969,8,,,0,85,,3970,8,,,0,19,,3971,8,,,0,71,,3972,8,,,0,28,,3973,8,,,0,78,,3974,34,,,0,30,,3981,8,,,0,69,,3975,34,,,0,31,,3982,8,,,0,69,,3976,34,,,0,28,,3983,8,,,0,73,,3977,34,,,0,29,,3984,8,,,0,70,,3978,34,,,0,30,,3985,8,,,0,70,,3979,34,,,0,30,,3986,8,,,0,69,,3980,8,,,0,23,,3987,8,,,0,64,,3988,8,,,0,29,,3989,8,,,0,22,,3991,34,,,0,68,,3992,34,,,0,25,,3993,34,,,0,65,,3994,34,,,0,37,,3990,8,,,0,97,,3995,34,,,0,100,,3996,34,,,0,96,,3997,34,,,0
100,'65031',920,,4000,8,,,0,99,,4001,8,,,0,100,,4002,8,,,0,100,,4003,8,,,0,100,,4004,8,,,0,100,,4005,8,,,0,100,,4006,8,,,0,100,,4007,8,,,0,98,,4008,8,,,0,42,,4010,8,,,0
100,'65032',920,,4011,8,,,0,99,,4012,8,,,0,100,,4013,8,,,0,100,,4014,8,,,0,100,,4015,8,,,0,100,,4016,8,,,0,100,,4017,8,,,0,100,,4018,8,,,0,98,,4019,8,,,0,42,,4021,8,,,0
400,'65030',648,,4459,29,,,0,56,,4454,29,,,0,21,,4455,8,,,0,30,,4456,8,,,0,71,,4457,29,,,0,32,,4462,32,,,0,75,,4463,8,,,0,70,,4464,8,,,0,38,,4465,8,,,0,65,,4466,8,,,0,27,,4467,8,,,0,75,,4468,8,,,0,25,,4469,8,,,0,74,,4470,8,,,0,24,,4471,8,,,0,72,,4472,29,,,0,30,,4473,29,,,0,69,,4474,29,,,0,35,,4461,29,,,0,70,,4475,29,,,0,32,,4476,32,,,0,65,,4477,29,,,0,15,,4478,29,,,0,20,,4479,29,,,0,68,,4495,29,,,0,51,,4484,29,,,0,65,,4483,29,,,0,31,,4482,29,,,0,68,,4481,29,,,0,36,,4480,29,,,0,85,,4488,29,,,0
400,'65031',919,,4511,29,,,0,99,,4512,29,,,0,100,,4513,29,,,0,100,,4514,29,,,0,100,,4515,29,,,0,100,,4516,29,,,0,101,,4517,29,,,0,100,,4518,29,,,0,97,,4529,29,,,0,21,,4521,29,,,0,20,,4522,29,,,0,75,,4523,29,,,0
400,'65032',919,,4539,29,,,0,99,,4540,29,,,0,100,,4541,29,,,0,100,,4542,29,,,0,100,,4543,29,,,0,100,,4544,29,,,0,101,,4545,29,,,0,100,,4546,29,,,0,97,,4557,29,,,0,21,,4549,29,,,0,20,,4550,29,,,0,75,,4551,29,,,0
5500,'65030',815,,7269,85,,,0,115,,7270,85,,,0,110,,7271,85,,,0,115,,7278,85,,,0,161,,7272,85,,,0,112,,7273,85,,,0,118,,7274,85,,,0,160,,7275,85,,,0,112,,7276,85,,,0
5500,'65031',902,,7284,85,,,0,111,,7286,85,,,0,111,,7285,85,,,0,110,,7283,85,,,0,113,,7282,85,,,0,110,,7281,85,,,0,153,,7280,85,,,0
5500,'65032',902,,7292,85,,,0,111,,7294,85,,,0,111,,7293,85,,,0,110,,7291,85,,,0,113,,7290,85,,,0,110,,7289,85,,,0,153,,7288,85,,,0
90400,'65030',2213,,7814,8,0,7 58,0,28,,7815,8,0,7 58,0,100,,7816,8,0,7 58,0,106,,7817,8,,,0
90400,'65031',735,,7818,8,0,7 58,0,1202,,7819,8,0,7 58,0,100,,7820,8,0,7 58,0,100,,7821,8,0,7 58,0,100,,7822,8,0,7 58,0,98,,7823,8,0,7 58,0,112,,7824,8,,,0
90400,'65032',735,,7825,8,0,7 58,0,1202,,7826,8,0,7 58,0,100,,7827,8,0,7 58,0,100,,7828,8,0,7 58,0,100,,7829,8,0,7 58,0,98,,7830,8,0,7 58,0,112,,7831,8,,,0
