800,'65030',614,,5160,1,,,1,15,,5212,1,,,1,11,,5161,1,,,1,61,,5162,1,,,1,9,9,5163,1,,,1,13,8,5164,1,,,1,13,8,5165,1,,,1,15,12,5166,1,,,1,55,58,5167,1,,,1,15,8,5168,1,,,1,24,12,5169,1,,,1,61,56,5170,1,,,1,20,15,5171,1,,,1,20,13,5172,1,,,1,59,48,5173,1,,,1,20,25,5174,1,,,1,20,27,5175,1,,,1,60,,5176,1,,,1,20,18,5177,1,,,1,19,,5178,1,,,1,59,,5179,1,,,1,21,6,5180,1,,,1,21,6,5181,1,,,1,61,57,5182,1,,,1,18,6,5183,1,,,1,20,23,5184,1,,,1,62,,5185,1,,,1,17,8,5186,1,,,1,19,21,5187,1,,,1,10,10,5188,1,,,1,54,49,5189,1,,,1,15,,5190,1,,,1,12,15,5191,1,,,1,15,,5192,1,,,1,7,32,5193,1,,,1,47,58,5194,1,,,1,10,5,5195,1,,,1,13,11,5196,1,,,1,19,15,5197,1,,,1,60,50,5198,1,,,1,15,15,5199,1,,,1,24,29,5200,1,,,1,58,50,5201,1,,,1,18,11,5202,1,,,1,23,10,5203,1,,,1,71,5,5204,1,,,1,30,25,5205,1,,,1,70,10,5206,1,,,1,30,29,5207,1,,,1,76,4,5208,1,,,1,25,6,5209,1,,,1,68,4,5210,1,,,1,100,60,5211,1,,,1
800,'65031',614,,5229,1,,,1,101,5,5230,1,,,1,29,,5231,1,,,1,68,55,5232,1,,,1,19,22,5233,1,,,1,71,45,5213,1,,,1,30,21,5214,1,,,1,69,46,5215,1,,,1,30,5,5216,1,,,1,69,58,5217,1,,,1,30,15,5218,1,,,1,70,55,5219,1,,,1,30,5,5220,1,,,1,70,84,5221,1,,,1,30,14,5222,1,,,1,29,13,5223,1,,,1,70,13,5224,1,,,1,30,13,5225,1,,,1,71,,5226,1,,,1,71,55,5227,1,,,1,29,,5228,1,,,1,70,,5234,1,,,1,32,10,5235,1,,,1,70,45,5242,1,,,1,22,23,5236,1,,,1,25,5,5243,1,,,1,63,81,5237,1,,,1,101,,5238,1,,,1,101,68,5239,1,,,1,100,4,5240,1,,,1,101,3,5241,1,,,1
800,'65032',614,,5260,1,,,1,101,5,5261,1,,,1,29,,5262,1,,,1,68,55,5263,1,,,1,19,22,5264,1,,,1,71,45,5244,1,,,1,30,21,5245,1,,,1,69,46,5246,1,,,1,30,5,5247,1,,,1,69,58,5248,1,,,1,30,15,5249,1,,,1,70,55,5250,1,,,1,30,5,5251,1,,,1,70,84,5252,1,,,1,30,14,5253,1,,,1,29,13,5254,1,,,1,70,13,5255,1,,,1,30,13,5256,1,,,1,71,,5257,1,,,1,71,55,5258,1,,,1,29,,5259,1,,,1,70,,5265,1,,,1,32,10,5266,1,,,1,70,45,5273,1,,,1,22,23,5267,1,,,1,25,5,5274,1,,,1,63,81,5268,1,,,1,101,,5269,1,,,1,101,68,5270,1,,,1,100,4,5271,1,,,1,101,3,5272,1,,,1
1400,'65030',632,,5893,1,,,0,17,,5894,1,,,0,66,,5895,1,,,0,28,4,5896,1,,,0,69,8,5897,1,,,0,24,15,5898,1,,,0,75,60,5899,1,,,0,28,9,5910,1,,,0,72,53,5900,1,,,0,28,19,5911,1,,,0,72,53,5901,1,,,0,18,,5906,1,,,0,18,7,5912,1,,,0,61,7,5902,1,,,0,21,8,5907,1,,,0,21,8,5913,1,,,0,61,,5903,1,,,0,16,,5908,1,,,0,22,,5914,1,,,0,62,,5904,1,,,0,17,6,5909,1,,,0,18,18,5915,1,,,0,64,51,5905,1,,,0,18,9,5916,1,,,0,16,11,5917,1,,,0,64,8,5918,1,,,0,24,8,5919,1,,,0,77,8,5920,1,,,0,22,10,5921,1,,,0,77,49,5922,1,,,0,25,21,5923,1,,,0,71,50,5924,1,,,0,30,8,5925,1,,,0,25,23,5926,1,,,0,69,17,5927,1,,,0,77,62,5928,1,,,0,21,6,5929,1,,,0,74,62,5930,1,,,0,19,60,5931,1,,,0,85,45,5932,1,,,0,22,3,5933,1,,,0,93,3,5934,1,,,0
1400,'65031',703,45,5944,1,,,0,97,45,5945,1,,,0,46,14,5935,1,,,0,103,17,5936,1,,,0,98,13,5937,1,,,0,100,5,5938,1,,,0,100,5,5939,1,,,0,101,5,5940,1,,,0,100,21,5941,1,,,0,99,5,5942,1,,,0,105,16,5943,1,,,0,96,5,5946,1,,,0,111,5,5947,1,,,0,100,5,5948,1,,,0,141,46,5949,1,,,0,101,43,5950,1,,,0,101,47,5951,1,,,0,116,3,5952,1,,,0
1400,'65032',703,45,5962,1,,,0,97,45,5963,1,,,0,46,14,5953,1,,,0,103,17,5954,1,,,0,98,13,5955,1,,,0,100,5,5956,1,,,0,100,5,5957,1,,,0,101,5,5958,1,,,0,100,21,5959,1,,,0,99,5,5960,1,,,0,105,16,5961,1,,,0,96,5,5964,1,,,0,111,5,5965,1,,,0,100,5,5966,1,,,0,141,46,5967,1,,,0,101,43,5968,1,,,0,101,47,5969,1,,,0,116,3,5970,1,,,0
1400,'65036',738,,5971,1,,,0
60101,'65030',629,,7495,3,4,,0,11,,7496,3,4,,0,61,,7498,3,4,,0,404,,7501,3,4,,0,24,,7502,3,4,,0,15,,7503,3,4,,0,59,,7504,3,4,,0,146,,7510,3,4,,0,57,,7511,3,4,,0,5,,7512,3,4,,0,110,,7516,3,4,,0,27,,7518,3,4,,0
60101,'65031',614,,7522,3,4,,0,916,,7530,3,4,,0,100,,7532,3,4,,0,70,,7534,3,4,,0,313,,7521,3,4,,0
60101,'65032',614,,7536,3,4,,0,916,,7544,3,4,,0,100,,7546,3,4,,0,70,,7548,3,4,,0,313,,7535,3,4,,0
