801,'65030',640,,5275,48,,,1,70,,5276,48,,,1,19,,5277,43,,,1,17,,5278,43,,,1,9,,5326,43,,,1,48,,5279,43,,,1,8,,5280,43,,,1,12,,5322,48,,,1,9,,5281,43,,,1,13,,5282,43,,,1,14,,5283,43,,,1,53,,5284,43,,,1,20,,5285,43,,,1,19,,5286,43,,,1,60,,5287,43,,,1,20,,5288,43,,,1,20,,5289,43,,,1,60,,5290,43,,,1,21,,5291,43,,,1,20,,5292,43,,,1,61,,5293,43,,,1,20,,5294,43,,,1,20,,5295,43,,,1,59,,5296,43,,,1,20,,5297,43,,,1,20,,5298,43,,,1,60,,5299,43,,,1,21,,5300,43,,,1,21,,5301,43,,,1,60,,5325,43,,,1,15,,5302,43,,,1,15,,5303,43,,,1,61,,5304,48,,,1,15,,5305,43,,,1,18,,5306,43,,,1,16,,5307,48,,,1,51,,5308,43,,,1,15,,5309,43,,,1,14,,5310,43,,,1,15,,5311,43,,,1,54,,5312,43,,,1,20,,5313,43,,,1,25,,5314,43,,,1,59,,5315,43,,,1,33,,5316,43,,,1,66,,5317,43,,,1,29,,5318,43,,,1,24,,5319,43,,,1,71,,5320,43,,,1,70,,5321,43,,,1,37,,5324,43,,,1,100,,5323,43,,,1
801,'65031',736,,5344,43,,,1,99,,5345,43,,,1,65,,5346,43,,,1,21,,5327,43,,,1,31,,5328,43,,,1,70,,5329,43,,,1,31,,5330,43,,,1,71,,5331,43,,,1,30,,5332,43,,,1,70,,5333,43,,,1,31,,5334,43,,,1,70,,5335,43,,,1,30,,5336,43,,,1,70,,5337,43,,,1,30,,5338,43,,,1,70,,5339,43,,,1,30,,5340,43,,,1,70,,5341,43,,,1,30,,5342,43,,,1,70,,5343,43,,,1,29,,5347,43,,,1,70,,5348,43,,,1,30,,5349,43,,,1,67,,5355,43,,,1,18,,5350,43,,,1,69,,5356,43,,,1,31,,5351,43,,,1,100,,5352,43,,,1,98,,5353,43,,,1,99,,5354,43,,,1
801,'65032',736,,5374,43,,,1,99,,5375,43,,,1,65,,5376,43,,,1,21,,5357,43,,,1,31,,5358,43,,,1,70,,5359,43,,,1,31,,5360,43,,,1,71,,5361,43,,,1,30,,5362,43,,,1,70,,5363,43,,,1,31,,5364,43,,,1,70,,5365,43,,,1,30,,5366,43,,,1,70,,5367,43,,,1,30,,5368,43,,,1,70,,5369,43,,,1,30,,5370,43,,,1,70,,5371,43,,,1,30,,5372,43,,,1,70,,5373,43,,,1,29,,5377,43,,,1,70,,5378,43,,,1,30,,5379,43,,,1,67,,5385,43,,,1,18,,5380,43,,,1,69,,5386,43,,,1,31,,5381,43,,,1,100,,5382,43,,,1,98,,5383,43,,,1,99,,5384,43,,,1
901,'65030',706,,5452,51,,,0,28,,5453,51,,,0,24,,5454,51,,,0,49,,5459,21,,,0,16,,5455,51,,,0,17,,5456,51,,,0,18,,5457,51,,,0,64,,5458,51,,,0,26,,5474,51,,,0,62,,5473,51,,,0,20,,5472,51,,,0,81,,5471,51,,,0,21,,5470,51,,,0,80,,5469,51,,,0,21,,5468,51,,,0,81,,5467,51,,,0,20,,5466,51,,,0,80,,5465,51,,,0,20,,5464,51,,,0,80,,5463,51,,,0,21,,5462,51,,,0,66,,5486,51,,,0,27,,5461,51,,,0,25,,5460,51,,,0,88,,5482,51,,,0,83,,5485,51,,,0,22,,5484,51,,,0,72,,5483,51,,,0
901,'65031',1036,,5487,51,,,0,100,,5488,51,,,0,99,,5494,51,,,0,101,,5493,51,,,0,100,,5492,51,,,0,99,,5491,51,,,0,105,,5490,51,,,0,97,,5489,51,,,0
901,'65032',1036,,5503,51,,,0,100,,5504,51,,,0,99,,5510,51,,,0,101,,5509,51,,,0,100,,5508,51,,,0,99,,5507,51,,,0,105,,5506,51,,,0,97,,5505,51,,,0
1100,'65030',605,,5563,20,0,22 23,0,21,,5578,20,0,22 23,0,26,,5519,41,,,0,67,,5520,41,,,0,18,,5524,20,,,0,18,,5567,41,0,22 23,0,46,,5566,20,0,22 23,0,12,,5521,41,,,0,9,,5565,20,0,22 23,0,12,,5522,41,,,0,16,,5564,20,0,22 23,0,64,,5523,41,,,0,14,,5571,20,0,22 23,0,14,,5525,41,,,0,14,,5568,20,0,22 23,0,56,,5526,41,,,0,13,,5572,20,0,22 23,0,17,,5527,41,,,0,13,,5560,20,0,22 23,0,57,,5528,41,,,0,12,,5573,20,0,22 23,0,17,,5529,41,,,0,11,,5561,20,0,22 23,0,58,,5530,41,,,0,14,,5559,20,0,22 23,0,17,,5531,41,,,0,15,,5562,20,0,22 23,0,56,,5532,41,,,0,13,,5557,20,0,22 23,0,17,,5533,41,,,0,14,,5558,20,0,22 23,0,55,,5534,41,,,0,13,,5576,20,,,0,17,,5535,41,,,0,13,,5554,20,0,22 23,0,57,,5536,41,,,0,13,,5556,20,0,22 23,0,17,,5537,41,,,0,5,,5552,20,0,22 23,0,9,,5555,20,0,22 23,0,52,,5538,41,,,0,15,,5549,20,,,0,14,,5539,41,,,0,15,,5574,20,0,22 23,0,54,,5540,41,,,0,19,,5577,20,0,22 23,0,16,,5541,41,,,0,12,,5575,20,0,22 23,0,58,,5542,41,,,0,12,,5553,20,0,22 23,0,14,,5569,41,,,0,73,,5543,41,,,0,30,,5544,41,,,0,83,,5545,41,,,0,31,,5550,20,,,0,70,,5546,41,,,0,26,,5551,20,0,57,0,77,,5547,41,,,0,100,,5548,41,0,57,0,90,,5570,41,0,22 23,0
1100,'65031',717,,5594,20,,,0,100,,5595,41,,,0,31,,5596,20,,,0,66,,5579,41,,,0,32,,5580,41,,,0,72,,5587,20,,,0,28,,5581,41,,,0,62,,5588,20,,,0,30,,5582,41,,,0,69,,5589,20,,,0,28,,5583,41,,,0,74,,5590,20,,,0,32,,5584,41,,,0,67,,5591,20,,,0,33,,5585,41,,,0,67,,5592,20,,,0,36,,5586,41,,,0,64,,5593,20,,,0,36,,5597,41,,,0,67,,5598,41,,,0,44,,5599,20,0,22 23,0,61,,5600,41,,,0,97,,5601,41,,,0,100,,5602,41,,,0,100,,5603,41,,,0,101,,5604,41,,,0,108,,5605,41,0,57,0
1100,'65032',717,,5621,20,,,0,100,,5622,41,,,0,31,,5623,20,,,0,66,,5606,41,,,0,32,,5607,41,,,0,72,,5614,20,,,0,28,,5608,41,,,0,62,,5615,20,,,0,30,,5609,41,,,0,69,,5616,20,,,0,28,,5610,41,,,0,74,,5617,20,,,0,32,,5611,41,,,0,67,,5618,20,,,0,33,,5612,41,,,0,67,,5619,20,,,0,36,,5613,41,,,0,64,,5620,20,,,0,36,,5624,41,,,0,67,,5625,41,,,0,44,,5626,20,0,22 23,0,61,,5627,41,,,0,97,,5628,41,,,0,100,,5629,41,,,0,100,,5630,41,,,0,101,,5631,41,,,0,108,,5632,41,0,57,0
1100,'65037',758,,5633,20,0,22 23,0,50,,5634,20,0,22 23,0
1301,'65030',812,,5892,27,,,0
1401,'65030',559,,5972,34,,,0,70,,6020,34,,,0,26,,5973,34,,,0,66,,5974,34,,,0,19,,5975,34,,,0,16,,5976,34,,,0,52,,5977,34,,,0,27,,5978,34,,,0,20,,6019,34,,,0,57,,5979,34,,,0,19,,5987,34,,,0,19,,6018,34,,,0,60,,5980,34,,,0,20,,5988,34,,,0,20,,5994,34,,,0,60,,5981,34,,,0,21,,5989,34,,,0,20,,5995,34,,,0,55,,5982,34,,,0,25,,5990,34,,,0,15,,5996,34,,,0,64,,5983,34,,,0,21,,5991,34,,,0,20,,5997,34,,,0,60,,5984,34,,,0,21,,5992,34,,,0,19,,5998,34,,,0,60,,5985,34,,,0,24,,5993,34,,,0,21,,5999,34,,,0,63,,5986,34,,,0,22,,6000,34,,,0,64,,6001,34,,,0,12,,6002,34,,,0,15,,6003,34,,,0,18,,6004,34,,,0,64,,6005,34,,,0,21,,6006,34,,,0,24,,6007,34,,,0,64,,6008,34,,,0,33,,6009,34,,,0,71,,6010,34,,,0,26,,6011,34,,,0,69,,6012,34,,,0,30,,6013,34,,,0,69,,6014,34,,,0,33,,6015,34,,,0,98,,6016,34,,,0,57,,6017,34,,,0
1401,'65031',750,,6029,34,,,0,100,,6030,34,,,0,98,,6021,34,,,0,90,,6022,34,,,0,100,,6023,34,,,0,101,,6024,34,,,0,100,,6025,34,,,0,100,,6026,34,,,0,100,,6027,34,,,0,100,,6028,34,,,0,117,,6031,34,,,0,101,,6032,34,,,0,97,,6033,34,,,0,100,,6034,34,,,0,97,,6035,34,,,0,97,,6036,34,,,0,101,,6037,34,,,0,60,,6038,34,,,0
1401,'65032',750,,6047,34,,,0,100,,6048,34,,,0,98,,6039,34,,,0,90,,6040,34,,,0,100,,6041,34,,,0,101,,6042,34,,,0,100,,6043,34,,,0,100,,6044,34,,,0,100,,6045,34,,,0,100,,6046,34,,,0,117,,6049,34,,,0,101,,6050,34,,,0,97,,6051,34,,,0,100,,6052,34,,,0,97,,6053,34,,,0,97,,6054,34,,,0,101,,6055,34,,,0,60,,6056,34,,,0
1601,'65030',642,,6208,14,,,0,81,,6209,14,,,0,19,,6210,14,,,0,16,,6211,14,,,0,54,,6212,14,,,0,20,,6207,14,,,0,70,,6213,14,,,0,24,,6214,14,,,0,24,,6221,14,,,0,72,,6220,14,,,0,29,,6222,14,,,0,71,,6219,14,,,0,27,,6223,14,,,0,53,,6227,14,,,0,16,,6218,14,,,0,13,,6228,14,,,0,16,,6224,14,,,0,57,,6247,14,,,0,18,,6217,14,,,0,30,,6225,14,,,0,70,,6216,14,,,0,28,,6226,14,,,0,70,,6215,14,,,0,17,,6249,14,,,0,18,,6246,14,,,0,65,,6245,14,,,0,29,,6244,14,,,0,52,,6243,14,,,0,12,,6242,14,,,0,16,,6241,14,,,0,13,,6240,14,,,0,17,,6239,14,,,0,59,,6238,14,,,0,25,,6248,14,,,0,66,,6237,14,,,0,27,,6236,14,,,0,69,,6235,14,,,0,31,,6234,14,,,0,73,,6233,14,,,0,29,,6250,14,,,0,69,,6232,14,,,0,23,,6231,14,,,0,16,,6230,14,,,0,75,,6229,14,,,0
1601,'65031',704,,6260,14,,,0,102,,6261,14,,,0,101,,6259,14,,,0,93,,6267,14,,,0,28,,6251,14,,,0,100,,6252,14,,,0,100,,6253,14,,,0,101,,6254,14,,,0,100,,6255,14,,,0,101,,6256,14,,,0,99,,6257,14,,,0,99,,6258,14,,,0,100,,6262,14,,,0,78,,6263,14,,,0,100,,6264,14,,,0,99,,6265,14,,,0,125,,6266,14,,,0
1601,'65032',704,,6277,14,,,0,102,,6278,14,,,0,101,,6276,14,,,0,93,,6284,14,,,0,28,,6268,14,,,0,100,,6269,14,,,0,100,,6270,14,,,0,101,,6271,14,,,0,100,,6272,14,,,0,101,,6273,14,,,0,99,,6274,14,,,0,99,,6275,14,,,0,100,,6279,14,,,0,78,,6280,14,,,0,100,,6281,14,,,0,99,,6282,14,,,0,125,,6283,14,,,0
2901,'65033',2422,,6961,16,,,0,30,,6960,16,,,0,70,,6959,16,,,0,30,,6958,16,,,0,70,,6957,16,,,0,30,,6956,16,,,0
