200,'65030',611,3,4076,1,,,0,29,3,4077,1,,,0,65,,4078,1,,,0,29,3,4079,1,,,0,75,3,4080,1,,,0,27,3,4109,1,,,0,15,3,4081,1,,,0,67,3,4082,1,,,0,26,3,4083,1,,,0,65,3,4084,1,,,0,28,3,4085,1,,,0,70,3,4086,1,,,0,31,3,4087,1,,,0,71,3,4088,1,,,0,30,3,4089,1,,,0,70,3,4090,1,,,0,29,,4091,1,,,0,70,3,4092,1,,,0,30,3,4093,1,,,0,70,,4094,1,,,0,34,3,4095,1,,,0,70,3,4096,1,,,0,38,3,4097,1,,,0,70,3,4098,1,,,0,27,3,4099,1,,,0,70,3,4100,1,,,0,29,3,4101,1,,,0,60,3,4102,1,,,0,31,3,4103,1,,,0,67,2,4104,1,,,0,100,2,4105,1,,,0,106,2,4106,1,,,0,98,2,4107,1,,,0,103,2,4108,1,,,0
200,'65031',707,3,4119,1,,,0,98,3,4120,1,,,0,95,43,4110,1,,,0,39,3,4111,1,,,0,100,3,4112,1,,,0,100,3,4113,1,,,0,100,3,4114,1,,,0,100,3,4115,1,,,0,100,3,4116,1,,,0,105,3,4117,1,,,0,102,3,4118,1,,,0,102,3,4121,1,,,0,68,3,4122,1,,,0,92,3,4123,1,,,0,101,3,4125,1,,,0,100,3,4126,1,,,0,100,4,4124,1,,,0,100,4,4127,1,,,0
200,'65032',707,3,4137,1,,,0,98,3,4138,1,,,0,95,43,4128,1,,,0,39,3,4129,1,,,0,100,3,4130,1,,,0,100,3,4131,1,,,0,100,3,4132,1,,,0,100,3,4133,1,,,0,100,3,4134,1,,,0,105,3,4135,1,,,0,102,3,4136,1,,,0,102,3,4139,1,,,0,68,3,4140,1,,,0,92,3,4141,1,,,0,101,3,4143,1,,,0,100,3,4144,1,,,0,100,4,4142,1,,,0,100,4,4145,1,,,0
201,'65030',654,,4146,30,4,,0,73,,4176,30,4,,0,17,,4147,30,4,,0,62,,4148,30,4,,0,42,,4149,30,4,,0,68,,4150,30,4,,0,31,,4151,30,4,,0,71,,4152,30,4,,0,30,,4153,30,4,,0,68,,4154,30,4,,0,28,,4155,30,4,,0,71,,4156,30,4,,0,31,,4157,30,4,,0,72,,4158,30,4,,0,29,,4159,30,4,,0,69,,4160,30,4,,0,29,,4161,30,4,,0,70,,4162,30,4,,0,25,,4163,30,4,,0,66,,4164,30,4,,0,29,,4165,30,4,,0,77,,4166,30,4,,0,32,,4167,30,4,,0,68,,4168,30,4,,0,33,,4169,30,4,,0,71,,4170,30,4,,0,43,,4171,30,4,,0,141,,4172,30,4,,0,103,,4173,30,4,,0,50,,4174,30,4,,0,100,,4175,30,4,,0
201,'65031',755,,4185,30,4,,0,97,,4186,30,4,,0,72,,4177,30,4,,0,100,,4178,30,4,,0,92,,4179,30,4,,0,97,,4180,30,4,,0,106,,4181,30,4,,0,100,,4182,30,4,,0,103,,4183,30,4,,0,100,,4184,30,4,,0,28,,4187,30,4,,0,103,,4188,30,4,,0,100,,4189,30,4,,0,100,,4190,30,4,,0,100,,4191,30,4,,0,99,,4192,30,4,,0,100,,4193,30,4,,0,100,,4194,30,4,,0
201,'65032',755,,4203,30,4,,0,97,,4204,30,4,,0,72,,4195,30,4,,0,100,,4196,30,4,,0,92,,4197,30,4,,0,97,,4198,30,4,,0,106,,4199,30,4,,0,100,,4200,30,4,,0,103,,4201,30,4,,0,100,,4202,30,4,,0,28,,4205,30,4,,0,103,,4206,30,4,,0,100,,4207,30,4,,0,100,,4208,30,4,,0,100,,4209,30,4,,0,99,,4210,30,4,,0,100,,4211,30,4,,0,100,,4212,30,4,,0
1100,'65030',630,,5519,1,,,0,27,3,5520,1,,,0,73,3,5567,1,0,22 23,0,18,4,5521,1,,,0,62,4,5522,1,,,0,41,3,5523,1,,,0,68,3,5525,1,,,0,31,3,5526,1,,,0,71,3,5527,1,,,0,30,3,5528,1,,,0,68,3,5529,1,,,0,28,3,5530,1,,,0,71,3,5531,1,,,0,31,3,5532,1,,,0,72,3,5533,1,,,0,29,3,5534,1,,,0,69,3,5535,1,,,0,29,3,5536,1,,,0,70,3,5537,1,,,0,25,3,5538,1,,,0,67,4,5539,1,,,0,29,4,5540,1,,,0,77,4,5541,1,,,0,31,3,5542,1,,,0,68,3,5569,1,,,0,33,3,5543,1,,,0,71,3,5544,1,,,0,83,43,5545,1,,,0,101,3,5546,1,,,0,103,3,5547,1,,,0,100,53,5548,1,0,57,0,50,3,5570,1,0,22 23,0
1100,'65031',757,2,5595,1,,,0,97,2,5579,1,,,0,72,2,5580,1,,,0,100,2,5581,1,,,0,92,2,5582,1,,,0,97,2,5583,1,,,0,106,2,5584,1,,,0,100,2,5585,1,,,0,103,2,5586,1,,,0,100,2,5597,1,,,0,28,,5598,1,,,0,106,5,5600,1,,,0,97,2,5601,1,,,0,100,2,5602,1,,,0,100,2,5603,1,,,0,101,4,5604,1,,,0,148,52,5605,1,0,57,0
1100,'65032',757,2,5622,1,,,0,97,2,5606,1,,,0,72,2,5607,1,,,0,100,2,5608,1,,,0,92,2,5609,1,,,0,97,2,5610,1,,,0,106,2,5611,1,,,0,100,2,5612,1,,,0,103,2,5613,1,,,0,100,2,5624,1,,,0,28,,5625,1,,,0,106,5,5627,1,,,0,97,2,5628,1,,,0,100,2,5629,1,,,0,100,2,5630,1,,,0,101,4,5631,1,,,0,148,52,5632,1,0,57,0
1101,'65030',608,,5635,45,4,,0,29,,5636,45,4,,0,94,,5637,78,4,,0,75,,5638,78,4,,0,27,,5693,78,4,,0,15,,5639,78,4,,0,67,,5640,78,4,,0,26,,5641,78,4,,0,65,,5642,78,4,,0,28,,5643,78,4,,0,70,,5644,78,4,,0,31,,5645,78,4,,0,71,,5646,78,4,,0,30,,5647,78,4,,0,70,,5648,78,4,,0,29,,5649,78,4,,0,70,,5650,78,4,,0,30,,5651,78,4,,0,70,,5652,78,4,,0,34,,5653,78,4,,0,70,,5654,78,4,,0,38,,5665,78,4,,0,70,,5666,78,4,,0,27,,5667,78,4,,0,70,,5668,78,4,,0,29,,5669,78,4,,0,60,,5670,78,4,,0,31,,5671,78,4,,0,68,,5672,78,4,,0,100,,5673,78,4,,0,106,,5674,78,4,,0,98,,5675,78,4,,0,103,,5676,78,4,,0
1101,'65031',704,,5713,45,4,,0,98,,5714,45,4,,0,55,,5712,78,4,,0,79,,5695,56,4,,0,100,,5696,78,4,,0,100,,5697,78,4,,0,100,,5698,78,4,,0,100,,5699,78,4,,0,100,,5700,78,4,,0,105,,5701,78,4,,0,102,,5702,78,4,,0,102,,5703,78,4,,0,68,,5716,78,4,,0,92,,5718,78,4,,0,101,,5719,78,4,,0,100,,5720,78,4,,0,99,,5721,78,4,,0,100,,5722,78,4,,0,99,,5723,78,4,,0
1101,'65032',704,,5742,45,4,,0,98,,5743,45,4,,0,55,,5741,78,4,,0,79,,5724,56,4,,0,100,,5725,78,4,,0,100,,5726,78,4,,0,100,,5727,78,4,,0,100,,5728,78,4,,0,100,,5729,78,4,,0,105,,5730,78,4,,0,102,,5731,78,4,,0,102,,5732,78,4,,0,68,,5745,78,4,,0,92,,5747,78,4,,0,101,,5748,78,4,,0,100,,5749,78,4,,0,99,,5750,78,4,,0,100,,5751,78,4,,0,99,,5752,78,4,,0
2800,'65030',715,,6923,1,0,26 3 27,0,19,5,6931,1,0,28,0,17,2,6924,1,0,26 3 27,0,58,4,6932,1,0,28,0,20,5,6925,1,0,26 3 27,0,691,,6933,1,0,28,0,21,6,6926,1,0,26 3 27,0,16,2,6935,1,0,28,0,56,2,6927,1,0,26 3 27,0,16,2,6934,1,0,28,0,21,6,6928,1,0,26 3 27,0,56,2,6936,1,0,29 30,0,14,4,6929,1,0,26 3 27,0,199,,6930,1,0,26 3 27,0
2801,'65030',729,,6937,7,4,,0,20,,6946,3,4,,0,56,,6944,7,4,,0,19,,6947,3,4,,0,19,,6943,7,4,,0,692,,6948,3,4,,0,20,,6942,7,4,,0,56,,6949,3,4,,0,16,,6941,7,4,,0,17,,6945,3,4,,0,60,,6940,7,4,,0,12,,6950,3,4,,0,18,,6939,7,4,,0,199,,6938,7,4,,0
60600,'65030',630,,7777,3,4,,0,75,,7778,3,4,,0,633,,7779,3,4,,0,170,,7776,3,4,,0
60600,'65031',1652,,7780,3,4,,0
60600,'65032',1652,,7781,3,4,,0
60601,'65030',1335,,7782,1,,,0,170,,7783,1,,,0
60601,'65031',1650,,7784,1,,,0,702,,7785,1,,,0,52,,7786,1,,,0
60601,'65032',1650,,7787,1,,,0,702,,7788,1,,,0,52,,7789,1,,,0
