1101,'65040',618,,9472,9,0,54,0,20,,9436,9,,,0,74,,9437,9,,,0,28,,9459,9,0,54,0,75,,9438,9,,,0,18,,9460,9,0,54,0,71,,9461,9,0,54,0,27,,9439,9,,,0,70,,9462,9,0,54,0,30,,9440,9,,,0,80,,9463,9,0,54,0,20,,9441,9,,,0,99,,9442,9,,,0,102,,9443,9,,,0,99,,9444,9,,,0,69,,9445,9,,,0,30,,9446,9,,,0,29,,9447,9,,,0,71,,9448,9,,,0,71,,9449,9,,,0,16,,9475,9,0,54,0,15,,9450,9,,,0,71,,9451,9,,,0,30,,9467,9,0,54,0,69,,9452,9,,,0,100,,9453,9,,,0,44,,9471,9,0,54,0,66,,9454,9,,,0,100,,9455,9,,,0,106,,9456,9,,,0,35,,9474,9,0,54,0
1101,'65041',801,,9494,9,,,0,113,,9486,9,0,54,0,30,,9478,9,,,0,70,,9487,9,0,54,0,29,,9479,9,,,0,68,,9488,9,0,54,0,30,,9480,9,,,0,70,,9489,9,0,54,0,30,,9481,9,,,0,68,,9490,9,0,54,0,29,,9482,9,,,0,70,,9491,9,0,54,0,29,,9483,9,,,0,70,,9492,9,0,54,0,31,,9484,9,,,0,70,,9493,9,0,54,0,30,,9485,9,,,0,62,,9497,9,0,54,0,24,,9498,9,,,0,29,,9499,9,0,54,0,57,,9500,9,,,0,100,,9501,9,,,0,100,,9502,9,,,0,100,,9503,9,,,0,100,,9504,9,,,0,100,,9505,9,,,0,100,,9506,9,0,54,0
1101,'65042',801,,9524,9,,,0,113,,9516,9,0,54,0,30,,9508,9,,,0,70,,9517,9,0,54,0,29,,9509,9,,,0,68,,9518,9,0,54,0,30,,9510,9,,,0,70,,9519,9,0,54,0,30,,9511,9,,,0,68,,9520,9,0,54,0,29,,9512,9,,,0,70,,9521,9,0,54,0,29,,9513,9,,,0,70,,9522,9,0,54,0,31,,9514,9,,,0,70,,9523,9,0,54,0,30,,9515,9,,,0,62,,9527,9,0,54,0,24,,9528,9,,,0,29,,9529,9,0,54,0,57,,9530,9,,,0,100,,9531,9,,,0,100,,9532,9,,,0,100,,9533,9,,,0,100,,9534,9,,,0,100,,9535,9,,,0,100,,9536,9,0,54,0
1201,'65040',642,,9621,31,,,0,99,,9622,31,,,0,66,,9623,31,,,0,16,,9624,31,,,0,19,,9625,31,,,0,71,,9626,31,,,0,33,,9627,31,,,0,72,,9628,31,,,0,30,,9629,31,,,0,70,,9630,31,,,0,30,,9631,31,,,0,71,,9632,31,,,0,28,,9633,31,,,0,71,,9634,31,,,0,22,,9635,31,,,0,77,,9636,31,,,0,31,,9637,31,,,0,71,,9638,31,,,0,29,,9639,31,,,0,68,,9640,31,,,0,33,,9641,31,,,0,64,,9642,31,,,0,16,,9643,31,,,0,30,,9644,31,,,0,73,,9645,31,,,0,23,,9646,31,,,0,67,,9647,31,,,0,24,,9648,31,,,0,73,,9649,31,,,0,27,,9650,31,,,0,84,,9651,31,,,0,25,,9652,31,,,0,188,,9653,31,,,0
1201,'65041',748,,9662,31,,,0,97,,9663,31,,,0,91,,9676,31,,,0,71,,9668,31,,,0,30,,9654,31,,,0,71,,9669,31,,,0,30,,9655,31,,,0,71,,9670,31,,,0,30,,9656,31,,,0,71,,9671,31,,,0,29,,9657,31,,,0,70,,9672,31,,,0,29,,9658,31,,,0,71,,9673,31,,,0,29,,9659,31,,,0,71,,9674,31,,,0,29,,9660,31,,,0,70,,9677,31,,,0,29,,9661,31,,,0,69,,9664,31,,,0,39,,9675,31,,,0,102,,9665,31,,,0,101,,9666,31,,,0,100,,9667,31,,,0
1201,'65042',748,,9686,31,,,0,97,,9687,31,,,0,91,,9700,31,,,0,71,,9692,31,,,0,30,,9678,31,,,0,71,,9693,31,,,0,30,,9679,31,,,0,71,,9694,31,,,0,30,,9680,31,,,0,71,,9695,31,,,0,29,,9681,31,,,0,70,,9696,31,,,0,29,,9682,31,,,0,71,,9697,31,,,0,29,,9683,31,,,0,71,,9698,31,,,0,29,,9684,31,,,0,70,,9701,31,,,0,29,,9685,31,,,0,69,,9688,31,,,0,39,,9699,31,,,0,102,,9689,31,,,0,101,,9690,31,,,0,100,,9691,31,,,0
91201,'65040',2254,,11514,35,,,0,99,,11515,35,,,0
91201,'65041',2250,,11516,35,,,0,96,,11517,35,,,0
91201,'65042',2250,,11518,35,,,0,96,,11519,35,,,0
91301,'65040',2504,,11520,27,,,0
91301,'65041',2504,,11521,27,,,0
91301,'65042',2504,,11522,27,,,0
