800,'65040',619,,9013,11,,,1,27,,9014,11,,,1,55,,9065,11,,,1,16,,9015,11,,,1,15,,9016,11,,,1,15,,9017,11,,,1,54,,9018,11,,,1,15,,9019,11,,,1,10,,9020,11,,,1,17,,9021,11,,,1,60,,9022,11,,,1,22,,9023,11,,,1,20,,9024,11,,,1,58,,9025,11,,,1,20,,9026,11,,,1,21,,9027,11,,,1,60,,9028,11,,,1,19,,9029,11,,,1,20,,9030,11,,,1,60,,9031,11,,,1,19,,9032,11,,,1,20,,9033,11,,,1,61,,9034,11,,,1,20,,9035,11,,,1,19,,9036,11,,,1,62,,9037,11,,,1,11,,9038,11,,,1,13,,9039,11,,,1,22,,9040,11,,,1,54,,9041,11,,,1,10,,9042,11,,,1,15,,9043,11,,,1,15,,9044,11,,,1,10,,9045,11,,,1,55,,9046,11,,,1,10,,9047,11,,,1,9,,9048,11,,,1,16,,9049,11,,,1,13,,9050,11,,,1,57,,9051,11,,,1,14,,9052,11,,,1,20,,9053,11,,,1,61,,9054,11,,,1,21,,9055,11,,,1,18,,9056,11,,,1,70,,9057,11,,,1,30,,9058,11,,,1,71,,9059,11,,,1,31,,9060,11,,,1,81,,9061,11,,,1,21,,9062,11,,,1,67,,9063,11,,,1,101,,9064,11,,,1
800,'65041',618,,9082,11,,,1,99,,9083,11,,,1,29,,9084,11,,,1,68,,9085,11,,,1,24,,9086,11,,,1,68,,9066,11,,,1,31,,9067,11,,,1,69,,9068,11,,,1,30,,9069,11,,,1,70,,9070,11,,,1,30,,9071,11,,,1,69,,9072,11,,,1,29,,9073,11,,,1,71,,9074,11,,,1,30,,9075,11,,,1,70,,9076,11,,,1,30,,9077,11,,,1,70,,9078,11,,,1,30,,9079,11,,,1,70,,9080,11,,,1,30,,9081,11,,,1,70,,9087,11,,,1,32,,9088,11,,,1,71,,9094,11,,,1,33,,9089,11,,,1,77,,9095,11,,,1,101,,9090,11,,,1,100,,9091,11,,,1,101,,9092,11,,,1,100,,9093,11,,,1
800,'65042',618,,9112,11,,,1,99,,9113,11,,,1,29,,9114,11,,,1,68,,9115,11,,,1,24,,9116,11,,,1,68,,9096,11,,,1,31,,9097,11,,,1,69,,9098,11,,,1,30,,9099,11,,,1,70,,9100,11,,,1,30,,9101,11,,,1,69,,9102,11,,,1,29,,9103,11,,,1,71,,9104,11,,,1,30,,9105,11,,,1,70,,9106,11,,,1,30,,9107,11,,,1,70,,9108,11,,,1,30,,9109,11,,,1,70,,9110,11,,,1,30,,9111,11,,,1,70,,9117,11,,,1,32,,9118,11,,,1,71,,9124,11,,,1,33,,9119,11,,,1,77,,9125,11,,,1,101,,9120,11,,,1,100,,9121,11,,,1,101,,9122,11,,,1,100,,9123,11,,,1
1101,'65040',549,,9457,11,,,0,70,,9458,11,,,0,30,,9472,44,0,54,0,60,,9436,44,,,0,34,,9437,44,,,0,70,,9459,44,0,54,0,36,,9438,44,,,0,58,,9460,44,0,54,0,31,,9461,44,0,54,0,67,,9439,44,,,0,30,,9462,44,0,54,0,70,,9440,44,,,0,40,,9463,44,0,54,0,61,,9441,44,,,0,39,,9473,22,0,54,0,60,,9442,44,,,0,39,,9464,22,0,54,0,63,,9443,44,,,0,30,,9465,22,0,54,0,69,,9444,44,,,0,30,,9445,44,,,0,71,,9446,44,,,0,14,,9466,22,0,54,0,16,,9447,44,,,0,71,,9448,44,,,0,31,,9449,44,,,0,15,,9475,44,0,54,0,54,,9450,44,,,0,29,,9451,44,,,0,70,,9467,44,0,54,0,29,,9452,44,,,0,70,,9476,22,0,54,0,30,,9453,44,,,0,70,,9468,22,0,54,0,15,,9471,44,0,54,0,26,,9454,44,,,0,10,,9469,22,0,54,0,53,,9470,22,0,54,0,33,,9455,44,,,0,104,,9456,44,,,0,75,,9474,44,0,54,0
1101,'65041',643,,9495,11,,,0,87,,9496,11,,,0,102,,9494,44,,,0,69,,9477,22,,,0,45,,9486,44,0,54,0,70,,9478,44,,,0,30,,9487,44,0,54,0,70,,9479,44,,,0,29,,9488,44,0,54,0,70,,9480,44,,,0,30,,9489,44,0,54,0,70,,9481,44,,,0,30,,9490,44,0,54,0,70,,9482,44,,,0,30,,9491,44,0,54,0,70,,9483,44,,,0,30,,9492,44,0,54,0,70,,9484,44,,,0,30,,9493,44,0,54,0,70,,9485,44,,,0,22,,9497,44,0,54,0,64,,9498,44,,,0,27,,9499,44,0,54,0,16,,9500,44,,,0,100,,9501,44,,,0,100,,9502,44,,,0,99,,9503,44,,,0,98,,9504,44,,,0,99,,9505,44,,,0,100,,9506,44,0,54,0
1101,'65042',643,,9525,11,,,0,87,,9526,11,,,0,102,,9524,44,,,0,69,,9507,22,,,0,45,,9516,44,0,54,0,70,,9508,44,,,0,30,,9517,44,0,54,0,70,,9509,44,,,0,29,,9518,44,0,54,0,70,,9510,44,,,0,30,,9519,44,0,54,0,70,,9511,44,,,0,30,,9520,44,0,54,0,70,,9512,44,,,0,30,,9521,44,0,54,0,70,,9513,44,,,0,30,,9522,44,0,54,0,70,,9514,44,,,0,30,,9523,44,0,54,0,70,,9515,44,,,0,22,,9527,44,0,54,0,64,,9528,44,,,0,27,,9529,44,0,54,0,16,,9530,44,,,0,100,,9531,44,,,0,100,,9532,44,,,0,99,,9533,44,,,0,98,,9534,44,,,0,99,,9535,44,,,0,100,,9536,44,0,54,0
1400,'65040',634,,9702,11,,,0,74,,9703,11,,,0,16,,9704,11,,,0,29,,9705,11,,,0,67,,9706,11,,,0,32,,9707,11,,,0,62,,9708,11,,,0,39,,9709,11,,,0,62,,9710,11,,,0,19,,9711,11,,,0,80,,9712,11,,,0,20,,9713,11,,,0,20,,9714,11,,,0,61,,9715,11,,,0,32,,9716,11,,,0,62,,9717,11,,,0,26,,9718,11,,,0,20,,9719,11,,,0,81,,9739,11,,,0,68,,9720,11,,,0,32,,9721,11,,,0,66,,9722,11,,,0,12,,9723,11,,,0,37,,9724,11,,,0,70,,9725,11,,,0,20,,9726,11,,,0,75,,9727,11,,,0,24,,9728,11,,,0,66,,9729,11,,,0,27,,9730,11,,,0,70,,9731,11,,,0,30,,9732,11,,,0,67,,9733,11,,,0,23,,9734,11,,,0,82,,9735,11,,,0,97,,9736,11,,,0,29,,9737,11,,,0,92,,9738,11,,,0
1400,'65041',702,,9748,11,,,0,101,,9749,11,,,0,50,,9740,11,,,0,99,,9741,11,,,0,100,,9742,11,,,0,100,,9743,11,,,0,103,,9744,11,,,0,99,,9757,11,,,0,100,,9745,11,,,0,100,,9746,11,,,0,101,,9747,11,,,0,102,,9750,11,,,0,148,,9751,11,,,0,102,,9752,11,,,0,101,,9753,11,,,0,98,,9754,11,,,0,100,,9755,11,,,0,118,,9756,11,,,0
1400,'65042',702,,9766,11,,,0,101,,9767,11,,,0,50,,9758,11,,,0,99,,9759,11,,,0,100,,9760,11,,,0,100,,9761,11,,,0,103,,9762,11,,,0,99,,9775,11,,,0,100,,9763,11,,,0,100,,9764,11,,,0,101,,9765,11,,,0,102,,9768,11,,,0,148,,9769,11,,,0,102,,9770,11,,,0,101,,9771,11,,,0,98,,9772,11,,,0,100,,9773,11,,,0,118,,9774,11,,,0
5500,'65040',730,,10946,39,,,2,124,,10952,39,,,2,152,,10948,39,,,2,115,,10955,39,,,2,118,,10949,39,,,2,114,,10953,39,,,2,158,,10950,39,,,2,116,,10954,39,,,2,123,,10947,39,,,2,150,,10951,39,0,5 6 2 66,2
5500,'65041',833,,10961,39,,,2,111,,10963,39,,,2,110,,10962,39,,,2,150,,10960,39,,,2,113,,10959,39,,,2,110,,10958,39,,,2,110,,10957,39,,,2,107,,10956,39,0,5 6 2 66,2
5500,'65042',833,,10969,39,,,2,111,,10971,39,,,2,110,,10970,39,,,2,150,,10968,39,,,2,113,,10967,39,,,2,110,,10966,39,,,2,110,,10965,39,,,2,107,,10964,39,0,5 6 2 66,2
91900,'65040',605,,11539,25,,,0
