900,'65030',708,,5387,18,,,0,15,,5388,18,,,0,85,,5389,18,,,0,30,,5390,18,,,0,65,,5395,18,,,0,20,,5394,18,,,0,80,,5396,18,,,0,20,,5402,18,,,0,79,,5397,18,,,0,20,,5403,18,,,0,78,,5398,18,,,0,20,,5404,18,,,0,80,,5399,18,,,0,22,,5405,18,,,0,80,,5400,18,,,0,20,,5406,18,,,0,25,,5420,18,,,0,63,,5401,18,,,0,21,,5407,18,,,0,25,,5408,18,,,0,66,,5409,18,,,0,20,,5410,18,,,0,65,,5411,18,,,0,29,,5412,18,,,0,76,,5415,18,,,0,25,,5413,18,,,0,77,,5414,18,,,0
900,'65031',1033,,5422,18,,,0,98,,5423,18,,,0,101,,5424,18,,,0,99,,5425,18,,,0,98,,5426,18,,,0,105,,5427,18,,,0,97,,5428,18,,,0
900,'65032',1033,,5437,18,,,0,98,,5438,18,,,0,101,,5439,18,,,0,99,,5440,18,,,0,98,,5441,18,,,0,105,,5442,18,,,0,97,,5443,18,,,0
1201,'65030',630,,5829,12,,,0,28,,5830,12,,,0,70,,5825,12,,,0,26,,5826,12,,,0,70,,5827,12,,,0,27,,5828,12,,,0,64,,5831,12,,,0,28,,5832,12,,,0,72,,5833,12,,,0,28,,5834,12,,,0,72,,5835,12,,,0,29,,5836,12,,,0,72,,5837,12,,,0,14,,5860,12,,,0,14,,5838,12,,,0,72,,5839,12,,,0,30,,5840,12,,,0,71,,5841,12,,,0,30,,5842,12,,,0,67,,5843,12,,,0,29,,5844,12,,,0,61,,5845,12,,,0,15,,5846,12,,,0,16,,5847,12,,,0,14,,5848,12,,,0,55,,5849,12,,,0,21,,5850,12,,,0,18,,5851,12,,,0,65,,5852,12,,,0,25,,5853,12,,,0,70,,5854,12,,,0,35,,5855,12,,,0,95,,5856,12,,,0,100,,5857,12,,,0,79,,5858,12,,,0,118,,5859,12,,,0
1201,'65031',735,,5869,12,,,0,100,,5870,12,,,0,118,,5861,12,,,0,101,,5862,12,,,0,100,,5863,12,,,0,100,,5864,12,,,0,100,,5865,12,,,0,99,,5866,12,,,0,101,,5867,12,,,0,98,,5868,12,,,0,86,,5871,12,,,0,100,,5872,12,,,0,100,,5873,12,,,0,100,,5874,12,,,0,100,,5875,12,,,0
1201,'65032',735,,5884,12,,,0,100,,5885,12,,,0,118,,5876,12,,,0,101,,5877,12,,,0,100,,5878,12,,,0,100,,5879,12,,,0,100,,5880,12,,,0,99,,5881,12,,,0,101,,5882,12,,,0,98,,5883,12,,,0,86,,5886,12,,,0,100,,5887,12,,,0,100,,5888,12,,,0,100,,5889,12,,,0,100,,5890,12,,,0
1201,'65035',1614,,5891,12,,,0
91201,'65030',2240,,7854,12,,,0,100,,7855,12,,,0
91201,'65031',2233,,7856,12,,,0,100,,7857,12,,,0
91201,'65032',2233,,7858,12,,,0,100,,7859,12,,,0
