701,'65030',707,,5051,2,0,15 1 16,0,18,,5052,2,0,15 1 16,0,82,,5053,2,0,15 1 16,0,20,,5054,2,,,0,17,,5055,2,0,15 1 16,0,57,,5056,2,0,15 1 16,0,20,,5057,2,0,15 1 16,0,36,,5058,2,,,0,63,,5064,2,0,15 1 16,0,39,,5059,2,0,15 1 16,0,60,,5065,2,0,15 1 16,0,35,,5060,2,,,0,64,,5066,2,0,15 1 16,0,36,,5061,2,,,0,64,,5067,7,0,15 1 16,0,34,,5062,2,,,0,65,,5068,2,0,15 1 16,0,39,,5063,7,0,15 1 16,0,58,,5069,2,0,15 1 16,0,26,,5078,2,,,0,71,,5079,2,,,0,15,,5080,7,0,15 1 16,0,16,,5081,2,,,0,71,,5082,2,,,0,22,,5083,2,,,0,21,,5084,7,0,15 1 16,0,63,,5085,2,0,15 1 16,0,17,,5086,2,0,15 1 16,0,21,,5087,2,0,15 1 16,0,60,,5088,2,0,15 1 16,0,30,,5089,2,,,0,73,,5090,2,0,15 1 16,0,23,,5091,2,,,0,74,,5092,2,0,15 1 16,0,29,,5093,2,0,15 1 16,0,73,,5098,2,,,0,100,,5099,2,0,15 1 16,0,87,,5095,2,0,12 13 1 14,0
701,'65031',856,,5116,2,0,15 1 16,0,99,,5100,2,0,15 1 16,0,95,,5101,2,0,15 1 16,0,103,,5102,2,0,15 1 16,0,98,,5103,2,0,15 1 16,0,100,,5104,2,0,15 1 16,0,100,,5105,2,0,15 1 16,0,106,,5106,2,0,15 1 16,0,356,,5122,2,,,0,101,,5123,2,,,0,101,,5124,2,,,0,100,,5125,2,,,0,100,,5126,2,0,15 1 16,0,91,,5128,2,0,12 13 1 14,0
701,'65032',856,,5146,2,0,15 1 16,0,99,,5130,2,0,15 1 16,0,95,,5131,2,0,15 1 16,0,103,,5132,2,0,15 1 16,0,98,,5133,2,0,15 1 16,0,100,,5134,2,0,15 1 16,0,100,,5135,2,0,15 1 16,0,106,,5136,2,0,15 1 16,0,356,,5152,2,,,0,101,,5153,2,,,0,101,,5154,2,,,0,100,,5155,2,,,0,100,,5156,2,0,15 1 16,0,91,,5158,2,0,12 13 1 14,0
801,'65030',612,,5275,7,,,1,29,,5276,7,,,1,18,,5277,2,,,1,53,,5278,2,,,1,8,,5326,2,,,1,8,,5279,2,,,1,7,,5280,2,,,1,11,,5322,7,,,1,9,,5281,2,,,1,53,,5282,2,,,1,15,,5283,2,,,1,16,,5284,2,,,1,62,,5285,2,,,1,19,,5286,2,,,1,20,,5287,2,,,1,60,,5288,2,,,1,20,,5289,2,,,1,20,,5290,2,,,1,60,,5291,2,,,1,19,,5292,2,,,1,20,,5293,2,,,1,19,,5294,2,,,1,61,,5295,2,,,1,20,,5296,2,,,1,61,,5297,2,,,1,20,,5298,2,,,1,20,,5299,2,,,1,60,,5300,2,,,1,20,,5301,2,,,1,19,,5325,2,,,1,15,,5302,2,,,1,54,,5303,2,,,1,20,,5304,7,,,1,12,,5305,2,,,1,14,,5306,2,,,1,56,,5307,7,,,1,15,,5308,2,,,1,17,,5309,2,,,1,16,,5310,2,,,1,57,,5311,2,,,1,15,,5312,2,,,1,21,,5313,2,,,1,65,,5314,2,,,1,20,,5315,2,,,1,73,,5316,2,,,1,26,,5317,2,,,1,71,,5318,2,,,1,25,,5319,2,,,1,71,,5320,2,,,1,31,,5321,2,,,1,77,,5324,2,,,1,100,,5323,2,,,1
801,'65031',710,,5344,2,,,1,97,,5345,2,,,1,25,,5346,2,,,1,21,,5327,2,,,1,70,,5328,2,,,1,30,,5329,2,,,1,69,,5330,2,,,1,30,,5331,2,,,1,69,,5332,2,,,1,30,,5333,2,,,1,70,,5334,2,,,1,30,,5335,2,,,1,70,,5336,2,,,1,30,,5337,2,,,1,70,,5338,2,,,1,30,,5339,2,,,1,70,,5340,2,,,1,30,,5341,2,,,1,70,,5342,2,,,1,31,,5343,2,,,1,71,,5347,2,,,1,30,,5348,2,,,1,70,,5349,2,,,1,28,,5355,2,,,1,58,,5350,2,,,1,29,,5356,2,,,1,71,,5351,2,,,1,100,,5352,2,,,1,100,,5353,2,,,1,100,,5354,2,,,1
801,'65032',710,,5374,2,,,1,97,,5375,2,,,1,25,,5376,2,,,1,21,,5357,2,,,1,70,,5358,2,,,1,30,,5359,2,,,1,69,,5360,2,,,1,30,,5361,2,,,1,69,,5362,2,,,1,30,,5363,2,,,1,70,,5364,2,,,1,30,,5365,2,,,1,70,,5366,2,,,1,30,,5367,2,,,1,70,,5368,2,,,1,30,,5369,2,,,1,70,,5370,2,,,1,30,,5371,2,,,1,70,,5372,2,,,1,31,,5373,2,,,1,71,,5377,2,,,1,30,,5378,2,,,1,70,,5379,2,,,1,28,,5385,2,,,1,58,,5380,2,,,1,29,,5386,2,,,1,71,,5381,2,,,1,100,,5382,2,,,1,100,,5383,2,,,1,100,,5384,2,,,1
2201,'65030',701,,6638,2,,,0,41,,6639,2,,,0,81,,6640,2,,,0,693,,6641,2,,,0,95,,6642,2,,,0,41,,6643,2,,,0,81,,6644,2,,,0,80,,6645,2,,,0,40,,6637,2,0,42 43,0
40101,'65030',1517,,7364,2,,,0,29,,7365,2,,,0,71,,7366,2,,,0,29,,7367,2,,,0,70,,7368,2,,,0
45301,'65030',754,,7424,2,,,0,498,,7428,2,,,0,275,,7425,2,,,0,112,,7426,2,,,0,94,,7427,2,,,0,90,,7429,2,,,0
45401,'65030',1513,,7436,7,,,0,30,,7437,7,,,0,68,,7438,7,,,0,39,,7439,7,,,0,63,,7440,7,,,0
90801,'65030',2425,,7849,7,,,0
90801,'65031',2425,,7850,7,,,0
90801,'65032',2425,,7851,7,,,0
