300,'65030',607,,4213,13,,,0,15,,4269,13,,,0,15,,4214,13,,,0,14,,4215,13,,,0,53,,4216,13,,,0,10,,4217,13,,,0,9,,4218,13,,,0,5,,4219,13,,,0,7,,4220,13,,,0,8,,4221,13,,,0,10,,4222,13,,,0,58,,4223,13,,,0,17,,4224,13,,,0,16,,4270,13,,,0,15,,4225,13,,,0,60,,4226,13,,,0,20,,4227,13,,,0,20,,4228,13,,,0,60,,4229,13,,,0,20,,4230,13,,,0,19,,4231,13,,,0,60,,4232,13,,,0,20,,4233,13,,,0,20,,4234,13,,,0,59,,4235,13,,,0,20,,4236,13,,,0,20,,4237,13,,,0,60,,4238,13,,,0,20,,4239,13,,,0,20,,4240,13,,,0,60,,4241,13,,,0,15,,4242,13,,,0,14,,4243,13,,,0,54,,4245,13,,,0,15,,4251,13,,,0,9,,4246,13,,,0,10,,4247,13,,,0,9,,4248,13,,,0,10,,4249,13,,,0,50,,4250,13,,,0,19,,4252,13,,,0,14,,4253,13,,,0,15,,4254,13,,,0,55,,4255,13,,,0,24,,4256,13,,,0,23,,4257,13,,,0,60,,4258,13,,,0,21,,4259,13,,,0,25,,4260,13,,,0,71,,4261,13,,,0,70,,4262,13,,,0,31,,4267,13,,,0,25,,4263,13,,,0,60,,4264,13,,,0,21,,4265,13,,,0,78,,4266,13,,,0,32,,4244,13,,,0
300,'65031',707,,4287,13,,,0,24,,4288,13,,,0,73,,4289,13,,,0,23,,4300,13,,,0,23,,4271,13,,,0,68,,4272,13,,,0,30,,4273,13,,,0,69,,4274,13,,,0,30,,4275,13,,,0,69,,4276,13,,,0,30,,4277,13,,,0,70,,4278,13,,,0,30,,4279,13,,,0,70,,4280,13,,,0,29,,4281,13,,,0,69,,4282,13,,,0,30,,4283,13,,,0,70,,4284,13,,,0,31,,4285,13,,,0,70,,4286,13,,,0,28,,4290,13,,,0,62,,4291,13,,,0,18,,4292,13,,,0,30,,4293,13,,,0,75,,4294,13,,,0,75,,4295,13,,,0,32,,4301,13,,,0,71,,4296,13,,,0,100,,4297,13,,,0,101,,4298,13,,,0,101,,4299,13,,,0
300,'65032',707,,4318,13,,,0,24,,4319,13,,,0,73,,4320,13,,,0,23,,4331,13,,,0,23,,4302,13,,,0,68,,4303,13,,,0,30,,4304,13,,,0,69,,4305,13,,,0,30,,4306,13,,,0,69,,4307,13,,,0,30,,4308,13,,,0,70,,4309,13,,,0,30,,4310,13,,,0,70,,4311,13,,,0,29,,4312,13,,,0,69,,4313,13,,,0,30,,4314,13,,,0,70,,4315,13,,,0,31,,4316,13,,,0,70,,4317,13,,,0,28,,4321,13,,,0,62,,4322,13,,,0,18,,4323,13,,,0,30,,4324,13,,,0,75,,4325,13,,,0,75,,4326,13,,,0,32,,4332,13,,,0,71,,4327,13,,,0,100,,4328,13,,,0,101,,4329,13,,,0,101,,4330,13,,,0
1700,'65030',658,,6285,35,,,0,59,,6286,35,,,0,17,,6287,35,,,0,68,,6288,35,,,0,33,,6289,35,,,0,74,,6290,35,,,0,19,,6291,35,,,0,78,,6292,35,,,0,24,,6293,35,,,0,21,,6294,35,,,0,81,,6295,35,,,0,19,,6296,35,,,0,60,,6315,35,,,0,21,,6297,35,,,0,80,,6298,35,,,0,34,,6299,35,,,0,66,,6300,35,0,22 23,0,26,,6301,35,0,22 23,0,81,,6302,35,0,22 23,0,26,,6314,35,0,22 23,0,58,,6303,35,,,0,37,,6304,35,0,22 23,0,17,,6305,35,0,22 23,0,67,,6306,35,0,22 23,0,19,,6307,35,0,22 23,0,64,,6308,35,,,0,44,,6309,35,0,22 23,0,71,,6310,35,0,22 23,0,27,,6311,35,0,22 23,0,157,,6312,35,0,22 23,0,53,,6313,35,0,22 23,0
1700,'65031',756,,6325,35,0,22 23,0,151,,6316,35,0,22 23,0,96,,6317,35,0,22 23,0,99,,6318,35,0,22 23,0,101,,6319,35,0,22 23,0,100,,6320,35,0,22 23,0,100,,6321,35,0,22 23,0,100,,6322,35,0,22 23,0,100,,6323,35,0,22 23,0,107,,6324,35,0,22 23,0,97,,6326,35,0,22 23,0,49,,6327,35,0,22 23,0,86,,6328,35,0,22 23,0,100,,6329,35,0,22 23,0,100,,6330,35,0,22 23,0
1700,'65032',756,,6340,35,0,22 23,0,151,,6331,35,0,22 23,0,96,,6332,35,0,22 23,0,99,,6333,35,0,22 23,0,101,,6334,35,0,22 23,0,100,,6335,35,0,22 23,0,100,,6336,35,0,22 23,0,100,,6337,35,0,22 23,0,100,,6338,35,0,22 23,0,107,,6339,35,0,22 23,0,97,,6341,35,0,22 23,0,49,,6342,35,0,22 23,0,86,,6343,35,0,22 23,0,100,,6344,35,0,22 23,0,100,,6345,35,0,22 23,0
1700,'65035',744,,6347,35,,,0,68,,6346,35,,,0
1800,'65030',658,,6413,32,,,0,59,,6412,32,,,0,17,,6411,32,,,0,68,,6410,32,,,0,33,,6409,32,,,0,74,,6408,32,,,0,19,,6425,32,,,0,78,,6414,32,,,0,24,,6421,32,,,0,21,,6415,32,,,0,81,,6422,32,,,0,19,,6416,32,,,0,60,,6438,32,,,0,21,,6423,32,,,0,80,,6417,32,,,0,34,,6424,32,,,0,66,,6418,32,,,0,26,,6420,32,,,0,81,,6419,32,,,0,26,,6437,32,,,0,58,,6426,32,,,0,37,,6427,32,,,0,17,,6428,32,,,0,67,,6429,32,,,0,19,,6430,32,,,0,64,,6431,32,,,0,44,,6432,32,,,0,71,,6433,32,,,0,27,,6434,32,,,0,157,,6435,32,,,0,53,,6436,32,,,0
1800,'65031',756,,6448,32,,,0,151,,6439,32,,,0,96,,6440,32,,,0,99,,6441,32,,,0,101,,6442,32,,,0,100,,6443,32,,,0,100,,6444,32,,,0,100,,6445,32,,,0,100,,6446,32,,,0,107,,6447,32,,,0,97,,6449,32,,,0,49,,6450,32,,,0,86,,6451,32,,,0,100,,6452,32,,,0,100,,6453,32,,,0
1800,'65032',756,,6463,32,,,0,151,,6454,32,,,0,96,,6455,32,,,0,99,,6456,32,,,0,101,,6457,32,,,0,100,,6458,32,,,0,100,,6459,32,,,0,100,,6460,32,,,0,100,,6461,32,,,0,107,,6462,32,,,0,97,,6464,32,,,0,49,,6465,32,,,0,86,,6466,32,,,0,100,,6467,32,,,0,100,,6468,32,,,0
1800,'65035',744,,6470,23,,,0,68,,6469,23,,,0
90300,'65030',2316,,7807,20,,,0,107,,7808,20,,,0
90300,'65031',2424,,7811,20,,,0
90300,'65032',2424,,7813,20,,,0
91301,'65030',2513,,7860,43,,,0
91301,'65031',2513,,7861,43,,,0
91301,'65032',2513,,7862,43,,,0
91700,'65030',602,,7863,35,,,0,1703,,7864,35,0,22 23,0
91700,'65031',659,,7865,35,0,22 23,0
91700,'65032',659,,7866,35,0,22 23,0
91800,'65031',2253,,7868,34,,,0
91800,'65032',2253,,7869,34,,,0
