700,'65030',613,,4944,14,,,0,16,,4945,14,0,5 6,0,19,,4946,14,,,0,59,,4947,14,,,0,15,,4948,14,0,5 6,0,5,,4949,22,,,0,7,,4950,14,,,0,6,,4951,22,0,5 6,0,8,,4952,14,,,0,6,,4953,14,0,5 6,0,51,,4954,22,,,0,21,,4955,14,,,0,17,,4956,14,0,5 6,0,16,,4963,14,,,0,67,,4970,14,,,0,17,,4957,14,0,5 6,0,60,,4964,14,,,0,22,,4971,14,,,0,19,,4958,14,0,5 6,0,59,,4965,14,,,0,22,,4972,14,,,0,18,,4959,14,0,5 6,0,60,,4966,14,,,0,22,,4973,22,,,0,20,,4960,14,0,5 6,0,58,,4967,14,,,0,21,,4974,22,,,0,20,,4961,14,0,5 6,0,59,,4968,14,,,0,21,,4975,14,,,0,18,,4962,14,,,0,60,,4969,14,,,0,23,,4976,22,,,0,20,,4977,14,,,0,73,,4978,14,,,0,25,,4979,22,,,0,75,,4980,14,,,0,30,,4981,22,,,0,65,,4982,22,,,0,20,,4983,22,,,0,68,,4984,14,,,0,35,,4985,14,,,0,66,,4986,14,,,0,34,,4987,22,,,0,65,,4988,14,,,0,36,,4989,22,,,0,76,,4990,14,,,0,101,,4991,22,,,0
700,'65031',615,,5009,14,0,5 6,0,97,,5010,14,,,0,98,,5011,22,,,0,34,,5000,14,0,5 6,0,70,,4992,22,,,0,21,,5001,14,0,5 6,0,70,,4993,14,,,0,31,,5002,14,0,5 6,0,69,,4994,14,,,0,26,,5003,14,0,5 6,0,74,,4995,14,,,0,30,,5004,14,0,5 6,0,70,,4996,14,,,0,30,,5005,14,0,5 6,0,70,,4997,14,,,0,30,,5006,14,0,5 6,0,70,,4998,14,,,0,30,,5007,14,0,5 6,0,70,,4999,14,0,5 6,0,35,,5008,14,0,5 6,0,70,,5012,14,0,5 6,0,32,,5013,14,0,5 6,0,68,,5014,22,,,0,102,,5015,22,,,0,100,,5016,22,,,0,101,,5017,22,,,0,100,,5018,22,,,0,99,,5019,22,,,0
700,'65032',615,,5037,14,0,5 6,0,97,,5038,14,,,0,98,,5039,22,,,0,34,,5028,14,0,5 6,0,70,,5020,22,,,0,21,,5029,14,0,5 6,0,70,,5021,14,,,0,31,,5030,14,0,5 6,0,69,,5022,14,,,0,26,,5031,14,0,5 6,0,74,,5023,14,,,0,30,,5032,14,0,5 6,0,70,,5024,14,,,0,30,,5033,14,0,5 6,0,70,,5025,14,,,0,30,,5034,14,0,5 6,0,70,,5026,14,,,0,30,,5035,14,0,5 6,0,70,,5027,14,0,5 6,0,35,,5036,14,0,5 6,0,70,,5040,14,0,5 6,0,32,,5041,14,0,5 6,0,68,,5042,22,,,0,102,,5043,22,,,0,100,,5044,22,,,0,101,,5045,22,,,0,100,,5046,22,,,0,99,,5047,22,,,0
1100,'65030',600,,5563,13,0,22 23,0,21,,5578,13,0,22 23,0,27,,5519,34,,,0,67,,5520,34,,,0,16,,5524,13,,,0,17,,5567,34,0,22 23,0,6,,5566,13,0,22 23,0,54,,5521,34,,,0,7,,5565,13,0,22 23,0,14,,5522,34,,,0,15,,5564,13,0,22 23,0,65,,5523,34,,,0,13,,5571,13,0,22 23,0,15,,5525,34,,,0,13,,5568,13,0,22 23,0,57,,5526,34,,,0,12,,5572,13,0,22 23,0,19,,5527,34,,,0,12,,5560,13,0,22 23,0,58,,5528,34,,,0,11,,5573,13,0,22 23,0,17,,5529,34,,,0,10,,5561,13,0,22 23,0,59,,5530,34,,,0,13,,5559,13,0,22 23,0,18,,5531,34,,,0,14,,5562,13,0,22 23,0,57,,5532,34,,,0,13,,5557,13,0,22 23,0,18,,5533,34,,,0,13,,5558,13,0,22 23,0,56,,5534,34,,,0,12,,5576,13,,,0,17,,5535,34,,,0,12,,5554,13,0,22 23,0,58,,5536,34,,,0,12,,5556,13,0,22 23,0,18,,5537,34,,,0,4,,5552,13,0,22 23,0,9,,5555,13,0,22 23,0,53,,5538,34,,,0,13,,5549,13,,,0,15,,5539,34,,,0,14,,5574,13,0,22 23,0,15,,5540,34,,,0,59,,5577,13,0,22 23,0,17,,5541,34,,,0,11,,5575,13,0,22 23,0,60,,5542,34,,,0,11,,5553,13,0,22 23,0,15,,5569,34,,,0,73,,5543,34,,,0,30,,5544,34,,,0,83,,5545,34,,,0,30,,5550,13,,,0,71,,5546,34,,,0,25,,5551,13,0,57,0,78,,5547,34,,,0,100,,5548,34,0,57,0,90,,5570,34,0,22 23,0
1100,'65031',712,,5594,13,,,0,101,,5595,34,,,0,30,,5596,13,,,0,67,,5579,34,,,0,32,,5580,34,,,0,71,,5587,13,,,0,29,,5581,34,,,0,61,,5588,13,,,0,31,,5582,34,,,0,68,,5589,13,,,0,29,,5583,34,,,0,73,,5590,13,,,0,33,,5584,34,,,0,66,,5591,13,,,0,34,,5585,34,,,0,66,,5592,13,,,0,37,,5586,34,,,0,63,,5593,13,,,0,37,,5597,34,,,0,67,,5598,34,,,0,43,,5599,13,0,22 23,0,62,,5600,34,,,0,97,,5601,34,,,0,100,,5602,34,,,0,100,,5603,34,,,0,101,,5604,34,,,0,108,,5605,34,0,57,0
1100,'65032',712,,5621,13,,,0,101,,5622,34,,,0,30,,5623,13,,,0,67,,5606,34,,,0,32,,5607,34,,,0,71,,5614,13,,,0,29,,5608,34,,,0,61,,5615,13,,,0,31,,5609,34,,,0,68,,5616,13,,,0,29,,5610,34,,,0,73,,5617,13,,,0,33,,5611,34,,,0,66,,5618,13,,,0,34,,5612,34,,,0,66,,5619,13,,,0,37,,5613,34,,,0,63,,5620,13,,,0,37,,5624,34,,,0,67,,5625,34,,,0,43,,5626,13,0,22 23,0,62,,5627,34,,,0,97,,5628,34,,,0,100,,5629,34,,,0,100,,5630,34,,,0,101,,5631,34,,,0,108,,5632,34,0,57,0
1100,'65037',751,,5633,13,0,22 23,0,50,,5634,13,0,22 23,0
5501,'65030',802,,7295,73,,,0,115,,7296,73,,,0,116,,7297,73,,,0,117,,7298,73,,,0,154,,7299,73,,,0,115,,7300,73,,,0,115,,7301,73,,,0,117,,7302,73,,,0,156,,7303,73,,,0
5501,'65031',854,,7312,73,,,0,150,,7311,73,,,0,110,,7310,73,,,0,111,,7309,73,,,0,110,,7308,73,,,0,110,,7307,73,,,0,109,,7305,73,,,0
5501,'65032',854,,7320,73,,,0,150,,7319,73,,,0,110,,7318,73,,,0,111,,7317,73,,,0,110,,7316,73,,,0,110,,7315,73,,,0,109,,7313,73,,,0
