1600,'65030',611,,6136,1,,,0,41,,6135,1,,,0,58,,6134,1,,,0,14,6,6133,1,,,0,14,9,6132,1,,,0,18,8,6131,1,,,0,72,9,6130,1,,,0,28,13,6129,1,,,0,64,11,6143,1,,,0,32,11,6137,1,,,0,69,6,6144,1,,,0,31,9,6138,1,,,0,66,13,6145,1,,,0,12,4,6149,1,,,0,15,6,6139,1,,,0,13,11,6150,1,,,0,56,9,6146,1,,,0,17,9,6169,1,,,0,19,10,6140,1,,,0,71,68,6147,1,,,0,30,10,6141,1,,,0,68,18,6148,1,,,0,29,6,6142,1,,,0,56,52,6171,1,,,0,16,,6168,1,,,0,24,11,6151,1,,,0,64,,6152,1,,,0,12,16,6153,1,,,0,15,8,6154,1,,,0,20,16,6155,1,,,0,55,52,6156,1,,,0,17,16,6157,1,,,0,20,11,6158,1,,,0,66,7,6170,1,,,0,26,14,6159,1,,,0,68,51,6160,1,,,0,29,6,6161,1,,,0,71,4,6162,1,,,0,33,32,6163,1,,,0,69,53,6172,1,,,0,29,18,6164,1,,,0,63,57,6165,1,,,0,16,4,6166,1,,,0,35,7,6167,1,,,0
1600,'65031',641,,6188,1,,,0,101,,6182,1,,,0,99,20,6181,1,,,0,92,13,6189,1,,,0,67,45,6173,1,,,0,100,55,6174,1,,,0,100,,6175,1,,,0,101,48,6176,1,,,0,100,47,6177,1,,,0,101,47,6178,1,,,0,99,45,6179,1,,,0,99,45,6180,1,,,0,101,47,6183,1,,,0,39,21,6184,1,,,0,100,3,6185,1,,,0,100,4,6186,1,,,0,166,52,6187,1,,,0
1600,'65032',641,,6205,1,,,0,101,,6199,1,,,0,99,20,6198,1,,,0,92,13,6206,1,,,0,67,45,6190,1,,,0,100,55,6191,1,,,0,100,,6192,1,,,0,101,48,6193,1,,,0,100,47,6194,1,,,0,101,47,6195,1,,,0,99,45,6196,1,,,0,99,45,6197,1,,,0,101,47,6200,1,,,0,39,21,6201,1,,,0,100,3,6202,1,,,0,100,4,6203,1,,,0,166,52,6204,1,,,0
1801,'65030',641,6,6475,1,,,0,67,49,6474,1,,,0,31,8,6473,1,,,0,77,11,6472,1,,,0,20,15,6471,1,,,0,77,10,6479,1,,,0,26,16,6483,1,,,0,61,53,6476,1,,,0,41,21,6484,1,,,0,60,57,6477,1,,,0,20,6,6501,1,,,0,21,13,6485,1,,,0,80,,6478,1,,,0,32,,6486,1,,,0,68,67,6480,1,,,0,24,20,6487,1,,,0,81,,6481,1,,,0,21,8,6488,1,,,0,62,7,6482,1,,,0,32,15,6489,1,,,0,17,10,6490,1,,,0,64,70,6491,1,,,0,21,16,6492,1,,,0,69,10,6493,1,,,0,28,15,6494,1,,,0,59,62,6495,1,,,0,32,11,6496,1,,,0,26,16,6497,1,,,0,66,9,6498,1,,,0,91,9,6499,1,,,0,96,4,6500,1,,,0
1801,'65031',820,,6510,1,,,0,95,8,6502,1,,,0,99,55,6503,1,,,0,101,58,6504,1,,,0,100,62,6505,1,,,0,100,57,6506,1,,,0,100,,6507,1,,,0,100,13,6508,1,,,0,100,,6509,1,,,0,104,17,6511,1,,,0,90,5,6512,1,,,0,45,19,6513,1,,,0,100,15,6514,1,,,0,100,41,6515,1,,,0
1801,'65032',820,,6524,1,,,0,95,8,6516,1,,,0,99,55,6517,1,,,0,101,58,6518,1,,,0,100,62,6519,1,,,0,100,57,6520,1,,,0,100,,6521,1,,,0,100,13,6522,1,,,0,100,,6523,1,,,0,104,17,6525,1,,,0,90,5,6526,1,,,0,45,19,6527,1,,,0,100,15,6528,1,,,0,100,41,6529,1,,,0
60101,'65030',611,,7494,3,4,,0,41,,7497,3,4,,0,58,,7499,3,4,,0,512,,7505,3,4,,0,32,,7507,3,4,,0,173,,7513,3,4,,0
60101,'65031',742,,7525,3,4,,0,78,,7526,3,4,,0,380,,7527,3,4,,0,215,,7528,3,4,,0,200,,7531,3,4,,0
60101,'65032',742,,7539,3,4,,0,78,,7540,3,4,,0,380,,7541,3,4,,0,215,,7542,3,4,,0,200,,7545,3,4,,0
91801,'65030',608,3,7870,1,,,0,1602,10,7871,1,,,0,34,8,7872,1,,,0
91801,'65031',2145,10,7874,1,,,0,98,7,7875,1,,,0,103,3,7873,1,,,0
91801,'65032',2145,10,7877,1,,,0,98,7,7878,1,,,0,103,3,7876,1,,,0
