700,'65030',613,,4944,13,,,0,16,,4945,13,0,5 6,0,19,,4946,13,,,0,59,,4947,13,,,0,15,,4948,13,0,5 6,0,5,,4949,21,,,0,7,,4950,13,,,0,6,,4951,21,0,5 6,0,8,,4952,13,,,0,6,,4953,13,0,5 6,0,51,,4954,21,,,0,21,,4955,13,,,0,17,,4956,13,0,5 6,0,16,,4963,13,,,0,67,,4970,13,,,0,17,,4957,13,0,5 6,0,60,,4964,13,,,0,22,,4971,13,,,0,19,,4958,13,0,5 6,0,59,,4965,13,,,0,22,,4972,13,,,0,18,,4959,13,0,5 6,0,60,,4966,13,,,0,22,,4973,21,,,0,20,,4960,13,0,5 6,0,58,,4967,13,,,0,21,,4974,21,,,0,20,,4961,13,0,5 6,0,59,,4968,13,,,0,21,,4975,13,,,0,18,,4962,13,,,0,60,,4969,13,,,0,23,,4976,21,,,0,20,,4977,13,,,0,72,,4978,13,,,0,25,,4979,21,,,0,75,,4980,13,,,0,31,,4981,21,,,0,65,,4982,21,,,0,20,,4983,21,,,0,68,,4984,13,,,0,35,,4985,13,,,0,66,,4986,13,,,0,34,,4987,21,,,0,65,,4988,13,,,0,36,,4989,21,,,0,76,,4990,13,,,0,101,,4991,21,,,0
700,'65031',614,,5009,13,0,5 6,0,98,,5010,13,,,0,98,,5011,21,,,0,34,,5000,13,0,5 6,0,70,,4992,21,,,0,21,,5001,13,0,5 6,0,70,,4993,13,,,0,31,,5002,13,0,5 6,0,69,,4994,13,,,0,26,,5003,13,0,5 6,0,74,,4995,13,,,0,30,,5004,13,0,5 6,0,70,,4996,13,,,0,30,,5005,13,0,5 6,0,70,,4997,13,,,0,30,,5006,13,0,5 6,0,70,,4998,13,,,0,30,,5007,13,0,5 6,0,70,,4999,13,0,5 6,0,35,,5008,13,0,5 6,0,70,,5012,13,0,5 6,0,32,,5013,13,0,5 6,0,68,,5014,21,,,0,102,,5015,21,,,0,100,,5016,21,,,0,101,,5017,21,,,0,100,,5018,21,,,0,99,,5019,21,,,0
700,'65032',614,,5037,13,0,5 6,0,98,,5038,13,,,0,98,,5039,21,,,0,34,,5028,13,0,5 6,0,70,,5020,21,,,0,21,,5029,13,0,5 6,0,70,,5021,13,,,0,31,,5030,13,0,5 6,0,69,,5022,13,,,0,26,,5031,13,0,5 6,0,74,,5023,13,,,0,30,,5032,13,0,5 6,0,70,,5024,13,,,0,30,,5033,13,0,5 6,0,70,,5025,13,,,0,30,,5034,13,0,5 6,0,70,,5026,13,,,0,30,,5035,13,0,5 6,0,70,,5027,13,0,5 6,0,35,,5036,13,0,5 6,0,70,,5040,13,0,5 6,0,32,,5041,13,0,5 6,0,68,,5042,21,,,0,102,,5043,21,,,0,100,,5044,21,,,0,101,,5045,21,,,0,100,,5046,21,,,0,99,,5047,21,,,0
1100,'65030',559,,5563,12,0,22 23,0,61,,5578,12,0,22 23,0,28,,5519,33,,,0,67,,5520,33,,,0,16,,5524,12,,,0,17,,5567,33,0,22 23,0,6,,5566,12,0,22 23,0,54,,5521,33,,,0,7,,5565,12,0,22 23,0,14,,5522,33,,,0,15,,5564,12,0,22 23,0,65,,5523,33,,,0,13,,5571,12,0,22 23,0,15,,5525,33,,,0,13,,5568,12,0,22 23,0,57,,5526,33,,,0,12,,5572,12,0,22 23,0,19,,5527,33,,,0,12,,5560,12,0,22 23,0,58,,5528,33,,,0,11,,5573,12,0,22 23,0,17,,5529,33,,,0,10,,5561,12,0,22 23,0,59,,5530,33,,,0,13,,5559,12,0,22 23,0,18,,5531,33,,,0,14,,5562,12,0,22 23,0,57,,5532,33,,,0,13,,5557,12,0,22 23,0,18,,5533,33,,,0,13,,5558,12,0,22 23,0,56,,5534,33,,,0,12,,5576,12,,,0,17,,5535,33,,,0,12,,5554,12,0,22 23,0,58,,5536,33,,,0,12,,5556,12,0,22 23,0,18,,5537,33,,,0,4,,5552,12,0,22 23,0,9,,5555,12,0,22 23,0,53,,5538,33,,,0,13,,5549,12,,,0,15,,5539,33,,,0,14,,5574,12,0,22 23,0,15,,5540,33,,,0,59,,5577,12,0,22 23,0,17,,5541,33,,,0,11,,5575,12,0,22 23,0,60,,5542,33,,,0,11,,5553,12,0,22 23,0,15,,5569,33,,,0,73,,5543,33,,,0,30,,5544,33,,,0,83,,5545,33,,,0,30,,5550,12,,,0,71,,5546,33,,,0,25,,5551,12,0,24 1 25,0,78,,5547,33,,,0,100,,5548,33,0,24 1 25,0,90,,5570,33,0,22 23,0
1100,'65031',711,,5594,12,,,0,102,,5595,33,,,0,29,,5596,12,,,0,68,,5579,33,,,0,32,,5580,33,,,0,70,,5587,12,,,0,30,,5581,33,,,0,60,,5588,12,,,0,32,,5582,33,,,0,67,,5589,12,,,0,30,,5583,33,,,0,72,,5590,12,,,0,34,,5584,33,,,0,65,,5591,12,,,0,35,,5585,33,,,0,65,,5592,12,,,0,38,,5586,33,,,0,62,,5593,12,,,0,38,,5597,33,,,0,67,,5598,33,,,0,42,,5599,12,0,22 23,0,63,,5600,33,,,0,97,,5601,33,,,0,100,,5602,33,,,0,100,,5603,33,,,0,101,,5604,33,,,0,108,,5605,33,0,24 1 25,0
1100,'65032',711,,5621,12,,,0,102,,5622,33,,,0,29,,5623,12,,,0,68,,5606,33,,,0,32,,5607,33,,,0,70,,5614,12,,,0,30,,5608,33,,,0,60,,5615,12,,,0,32,,5609,33,,,0,67,,5616,12,,,0,30,,5610,33,,,0,72,,5617,12,,,0,34,,5611,33,,,0,65,,5618,12,,,0,35,,5612,33,,,0,65,,5619,12,,,0,38,,5613,33,,,0,62,,5620,12,,,0,38,,5624,33,,,0,67,,5625,33,,,0,42,,5626,12,0,22 23,0,63,,5627,33,,,0,97,,5628,33,,,0,100,,5629,33,,,0,100,,5630,33,,,0,101,,5631,33,,,0,108,,5632,33,0,24 1 25,0
1100,'65037',751,,5633,12,0,22 23,0,50,,5634,12,0,22 23,0
5501,'65030',801,,7295,72,,,0,115,,7296,72,,,0,116,,7297,72,,,0,117,,7298,72,,,0,154,,7299,72,,,0,115,,7300,72,,,0,115,,7301,72,,,0,117,,7302,72,,,0,156,,7303,72,,,0
5501,'65031',853,,7312,72,,,0,150,,7311,72,,,0,110,,7310,72,,,0,111,,7309,72,,,0,110,,7308,72,,,0,110,,7307,72,,,0,109,,7305,72,,,0
5501,'65032',853,,7320,72,,,0,150,,7319,72,,,0,110,,7318,72,,,0,111,,7317,72,,,0,110,,7316,72,,,0,110,,7315,72,,,0,109,,7313,72,,,0
