200,'65030',630,,4076,31,,,0,29,,4077,31,,,0,66,,4078,31,,,0,33,,4079,31,,,0,75,,4080,31,,,0,24,,4109,31,,,0,55,,4081,31,,,0,26,,4082,31,,,0,67,,4083,31,,,0,25,,4084,31,,,0,28,,4085,31,,,0,70,,4086,31,,,0,72,,4087,31,,,0,31,,4088,31,,,0,70,,4089,31,,,0,30,,4090,31,,,0,69,,4091,31,,,0,30,,4092,31,,,0,71,,4093,31,,,0,30,,4094,31,,,0,77,,4095,31,,,0,35,,4096,31,,,0,75,,4097,31,,,0,28,,4098,31,,,0,65,,4099,31,,,0,30,,4100,31,,,0,66,,4101,31,,,0,20,,4102,31,,,0,31,,4103,31,,,0,67,,4104,31,,,0,100,,4105,31,,,0,104,,4106,31,,,0,98,,4107,31,,,0,102,,4108,31,,,0
200,'65031',724,,4119,31,,,0,100,,4120,31,,,0,96,,4110,31,,,0,80,,4111,31,,,0,100,,4112,31,,,0,100,,4113,31,,,0,100,,4114,31,,,0,101,,4115,31,,,0,100,,4116,31,,,0,105,,4117,31,,,0,101,,4118,31,,,0,102,,4121,31,,,0,28,,4122,31,,,0,91,,4123,31,,,0,100,,4125,31,,,0,100,,4126,31,,,0,100,,4124,31,,,0,100,,4127,31,,,0
200,'65032',724,,4137,31,,,0,100,,4138,31,,,0,96,,4128,31,,,0,80,,4129,31,,,0,100,,4130,31,,,0,100,,4131,31,,,0,100,,4132,31,,,0,101,,4133,31,,,0,100,,4134,31,,,0,105,,4135,31,,,0,101,,4136,31,,,0,102,,4139,31,,,0,28,,4140,31,,,0,91,,4141,31,,,0,100,,4143,31,,,0,100,,4144,31,,,0,100,,4142,31,,,0,100,,4145,31,,,0
301,'65030',552,,4333,21,,,0,65,,4334,21,,,0,13,,4335,21,,,0,17,,4336,21,,,0,54,,4337,21,,,0,16,,4338,21,,,0,14,,4339,21,,,0,10,,4340,21,,,0,9,,4341,21,,,0,50,,4342,21,,,0,10,,4343,21,,,0,11,,4344,21,,,0,10,,4345,21,,,0,16,,4346,21,,,0,55,,4347,21,,,0,15,,4348,21,,,0,20,,4349,21,,,0,20,,4350,21,,,0,60,,4351,21,,,0,20,,4352,21,,,0,20,,4353,21,,,0,60,,4354,21,,,0,19,,4355,21,,,0,20,,4356,21,,,0,60,,4388,21,,,0,20,,4357,21,,,0,20,,4358,21,,,0,60,,4359,21,,,0,20,,4360,21,,,0,20,,4361,21,,,0,60,,4362,21,,,0,20,,4363,21,,,0,20,,4364,21,,,0,60,,4365,21,,,0,14,,4366,21,,,0,15,,4367,21,,,0,10,,4368,21,,,0,50,,4369,21,,,0,10,,4370,21,,,0,10,,4371,21,,,0,10,,4372,21,,,0,10,,4373,21,,,0,55,,4374,21,,,0,16,,4375,21,,,0,15,,4376,21,,,0,20,,4377,21,,,0,61,,4378,21,,,0,20,,4379,21,,,0,25,,4380,21,,,0,71,,4381,21,,,0,25,,4382,21,,,0,70,,4383,21,,,0,30,,4384,21,,,0,70,,4389,21,,,0,30,,4385,21,,,0,65,,4386,21,,,0,100,,4387,21,,,0
301,'65031',626,,4407,21,,,0,30,,4408,21,,,0,70,,4409,21,,,0,30,,4410,21,,,0,66,,4411,21,,,0,27,,4406,21,,,0,71,,4390,21,,,0,27,,4391,21,,,0,69,,4392,21,,,0,30,,4393,21,,,0,70,,4394,21,,,0,30,,4395,21,,,0,70,,4396,21,,,0,30,,4397,21,,,0,70,,4398,21,,,0,30,,4399,21,,,0,70,,4400,21,,,0,30,,4401,21,,,0,70,,4402,21,,,0,30,,4403,21,,,0,70,,4404,21,,,0,30,,4405,21,,,0,71,,4412,21,,,0,24,,4413,21,,,0,81,,4414,21,,,0,31,,4420,21,,,0,70,,4415,21,,,0,31,,4421,21,,,0,72,,4416,21,,,0,97,,4417,21,,,0,100,,4418,21,,,0,100,,4419,21,,,0
301,'65032',626,,4439,21,,,0,30,,4440,21,,,0,70,,4441,21,,,0,30,,4442,21,,,0,66,,4443,21,,,0,27,,4438,21,,,0,71,,4422,21,,,0,27,,4423,21,,,0,69,,4424,21,,,0,30,,4425,21,,,0,70,,4426,21,,,0,30,,4427,21,,,0,70,,4428,21,,,0,30,,4429,21,,,0,70,,4430,21,,,0,30,,4431,21,,,0,70,,4432,21,,,0,30,,4433,21,,,0,70,,4434,21,,,0,30,,4435,21,,,0,70,,4436,21,,,0,30,,4437,21,,,0,71,,4444,21,,,0,24,,4445,21,,,0,81,,4446,21,,,0,31,,4452,21,,,0,70,,4447,21,,,0,31,,4453,21,,,0,72,,4448,21,,,0,97,,4449,21,,,0,100,,4450,21,,,0,100,,4451,21,,,0
400,'65030',640,,4459,21,,,0,16,,4454,21,,,0,52,,4499,21,0,5 6,0,28,,4458,21,0,5 6,0,80,,4457,21,,,0,34,,4462,24,,,0,67,,4496,21,0,5 6,0,96,,4460,21,0,5 6,0,122,,4500,21,0,5 6,0,183,,4497,21,0,5 6,0,37,,4472,21,,,0,70,,4473,21,,,0,15,,4498,21,0,5 6,0,14,,4474,21,,,0,57,,4501,21,0,5 6,0,15,,4461,21,,,0,16,,4492,21,0,5 6,0,14,,4475,21,,,0,67,,4493,24,0,5 6,0,5,,4476,24,,,0,4,,4485,24,0,5 6,0,21,,4477,21,,,0,56,,4478,21,,,0,12,,4494,21,0,5 6,0,10,,4479,21,,,0,17,,4486,21,0,5 6,0,52,,4495,21,,,0,16,,4502,21,0,5 6,0,35,,4484,21,,,0,65,,4483,21,,,0,31,,4482,21,,,0,68,,4481,21,,,0,36,,4480,21,,,0,65,,4487,21,0,5 6,0,20,,4488,21,,,0,21,,4489,21,0,5 6,0,69,,4490,21,0,5 6,0,102,,4491,21,0,5 6,0
400,'65031',724,,4519,21,0,5 6,0,27,,4530,21,0,5 6,0,72,,4520,21,0,5 6,0,89,,4511,21,,,0,29,,4503,21,0,5 6,0,70,,4512,21,,,0,31,,4504,21,0,5 6,0,69,,4513,21,,,0,30,,4505,21,0,5 6,0,70,,4514,21,,,0,30,,4506,21,0,5 6,0,70,,4515,21,,,0,32,,4507,21,0,5 6,0,68,,4516,21,,,0,32,,4508,21,0,5 6,0,69,,4517,21,,,0,31,,4509,21,0,5 6,0,69,,4518,21,,,0,29,,4510,21,0,5 6,0,68,,4529,21,,,0,21,,4521,21,,,0,20,,4522,21,,,0,75,,4523,21,,,0,98,,4524,21,0,5 6,0,98,,4525,21,0,5 6,0,100,,4526,21,0,5 6,0,99,,4527,21,0,5 6,0,100,,4528,21,0,5 6,0
400,'65032',724,,4547,21,0,5 6,0,27,,4558,21,0,5 6,0,72,,4548,21,0,5 6,0,89,,4539,21,,,0,29,,4531,21,0,5 6,0,70,,4540,21,,,0,31,,4532,21,0,5 6,0,69,,4541,21,,,0,30,,4533,21,0,5 6,0,70,,4542,21,,,0,30,,4534,21,0,5 6,0,70,,4543,21,,,0,32,,4535,21,0,5 6,0,68,,4544,21,,,0,32,,4536,21,0,5 6,0,69,,4545,21,,,0,31,,4537,21,0,5 6,0,69,,4546,21,,,0,29,,4538,21,0,5 6,0,68,,4557,21,,,0,21,,4549,21,,,0,20,,4550,21,,,0,75,,4551,21,,,0,98,,4552,21,0,5 6,0,98,,4553,21,0,5 6,0,100,,4554,21,0,5 6,0,99,,4555,21,0,5 6,0,100,,4556,21,0,5 6,0
501,'65030',627,,4727,19,,,0,74,,4728,19,,,0,27,,4729,19,,,0,73,,4730,19,,,0,25,,4731,19,,,0,31,,4732,19,,,0,68,,4733,19,,,0,34,,4734,19,,,0,70,,4735,19,,,0,71,,4736,19,,,0,29,,4737,19,,,0,28,,4738,19,,,0,72,,4739,19,,,0,30,,4740,19,,,0,65,,4741,19,,,0,35,,4742,19,,,0,68,,4743,19,,,0,74,,4744,19,,,0,31,,4745,19,,,0,69,,4746,19,,,0,29,,4747,19,,,0,75,,4748,19,,,0,27,,4749,19,,,0,68,,4750,19,,,0,29,,4751,19,,,0,25,,4755,19,,,0,101,,4754,19,,,0,102,,4753,19,,,0,155,,4752,19,,,0,107,,4756,19,,,0
501,'65031',720,,4764,19,,,0,100,,4765,19,,,0,39,,4766,19,,,0,157,,4757,19,,,0,99,,4758,19,,,0,100,,4759,19,,,0,101,,4760,19,,,0,101,,4761,19,,,0,100,,4762,19,,,0,99,,4763,19,,,0,100,,4768,19,,,0,112,,4769,19,,,0,27,,4770,19,,,0,165,,4771,19,,,0,100,,4772,19,,,0,100,,4773,19,,,0,100,,4767,19,,,0
501,'65032',720,,4781,19,,,0,100,,4782,19,,,0,39,,4783,19,,,0,157,,4774,19,,,0,99,,4775,19,,,0,100,,4776,19,,,0,101,,4777,19,,,0,101,,4778,19,,,0,100,,4779,19,,,0,99,,4780,19,,,0,100,,4785,19,,,0,112,,4786,19,,,0,27,,4787,19,,,0,165,,4788,19,,,0,100,,4789,19,,,0,100,,4790,19,,,0,100,,4784,19,,,0
701,'65030',717,,5051,13,0,54,0,21,,5052,13,0,54,0,82,,5053,13,0,54,0,17,,5054,13,,,0,17,,5055,13,0,54,0,57,,5056,13,0,54,0,20,,5057,13,0,54,0,76,,5058,13,,,0,23,,5064,13,0,54,0,79,,5059,13,0,54,0,20,,5065,13,0,54,0,75,,5060,13,,,0,24,,5066,13,0,54,0,76,,5061,13,,,0,24,,5067,18,0,54,0,74,,5062,13,,,0,25,,5068,13,0,54,0,80,,5063,18,0,54,0,18,,5069,13,0,54,0,27,,5078,13,,,0,72,,5079,13,,,0,15,,5080,18,0,54,0,15,,5081,13,,,0,70,,5082,13,,,0,22,,5083,13,,,0,61,,5084,18,0,54,0,23,,5085,13,0,54,0,17,,5086,13,0,54,0,61,,5087,13,0,54,0,20,,5088,13,0,54,0,30,,5089,13,,,0,73,,5090,13,0,54,0,23,,5091,13,,,0,74,,5092,13,0,54,0,29,,5093,13,0,54,0,73,,5098,13,,,0,100,,5099,13,0,54,0
701,'65031',905,,5116,13,0,54,0,99,,5100,13,0,54,0,55,,5101,13,0,54,0,143,,5102,13,0,54,0,99,,5103,13,0,54,0,100,,5104,13,0,54,0,100,,5105,13,0,54,0,106,,5106,13,0,54,0,315,,5122,13,,,0,101,,5123,13,,,0,100,,5124,13,,,0,100,,5125,13,,,0,100,,5126,13,0,54,0
701,'65032',905,,5146,13,0,54,0,99,,5130,13,0,54,0,55,,5131,13,0,54,0,143,,5132,13,0,54,0,99,,5133,13,0,54,0,100,,5134,13,0,54,0,100,,5135,13,0,54,0,106,,5136,13,0,54,0,315,,5152,13,,,0,101,,5153,13,,,0,100,,5154,13,,,0,100,,5155,13,,,0,100,,5156,13,0,54,0
900,'65030',715,,5387,25,,,0,15,,5388,25,,,0,89,,5389,25,,,0,27,,5390,25,,,0,64,,5395,25,,,0,20,,5394,25,,,0,80,,5396,25,,,0,20,,5402,25,,,0,80,,5397,25,,,0,20,,5403,25,,,0,79,,5398,25,,,0,20,,5404,25,,,0,80,,5399,25,,,0,21,,5405,25,,,0,80,,5400,25,,,0,20,,5406,25,,,0,25,,5420,25,,,0,63,,5401,25,,,0,21,,5407,25,,,0,65,,5408,25,,,0,29,,5409,25,,,0,20,,5410,25,,,0,65,,5411,25,,,0,26,,5412,25,,,0,76,,5415,25,,,0,25,,5413,25,,,0,77,,5414,25,,,0
900,'65031',1039,,5422,25,,,0,98,,5423,25,,,0,101,,5424,25,,,0,99,,5425,25,,,0,98,,5426,25,,,0,105,,5427,25,,,0,97,,5428,25,,,0
900,'65032',1039,,5437,25,,,0,98,,5438,25,,,0,101,,5439,25,,,0,99,,5440,25,,,0,98,,5441,25,,,0,105,,5442,25,,,0,97,,5443,25,,,0
1700,'65030',724,,6285,60,,,0,25,,6286,60,,,0,58,,6287,60,,,0,28,,6288,63,,,0,69,,6289,60,,,0,31,,6290,60,,,0,19,,6291,60,,,0,78,,6292,60,,,0,24,,6293,60,,,0,61,,6294,60,,,0,41,,6295,60,,,0,60,,6296,60,,,0,20,,6315,60,,,0,21,,6297,60,,,0,80,,6298,60,,,0,74,,6299,60,,,0,223,,6303,60,,,0,197,,6308,60,,,0
1700,'65035',817,,6347,60,,,0,28,,6346,63,,,0
2001,'65030',652,,6609,6,,,0,65,,6608,6,,,0,32,,6607,6,,,0,69,,6606,6,,,0,34,,6605,6,,,0,371,,6604,6,,,0,30,,6603,6,,,0,304,,6602,6,,,0,70,,6601,6,,,0,30,,6600,6,,,0,68,,6599,6,,,0,28,,6598,6,,,0,71,,6597,6,,,0
5101,'65030',701,,7192,25,,,0,23,,7193,25,,,0,85,,7194,25,,,0,16,,7195,25,,,0,80,,7197,25,,,0,27,,7196,25,,,0,68,,7198,25,,,0,29,,7199,25,,,0,30,,7200,25,,,0,73,,7201,25,,,0,68,,7202,25,,,0,30,,7203,25,,,0,27,,7204,25,,,0,72,,7205,25,,,0,30,,7206,25,,,0,73,,7207,25,,,0,68,,7208,25,,,0,39,,7209,25,,,0,65,,7210,25,,,0,30,,7211,25,,,0,68,,7212,25,,,0,26,,7213,25,,,0,23,,7214,25,,,0,69,,7215,25,,,0,95,,7216,25,,,0,85,,7220,25,,,0,47,,7219,25,,,0,96,,7218,25,,,0,80,,7217,25,,,0
5101,'65031',821,,7235,25,,,0,96,,7233,25,,,0,92,,7232,25,,,0,100,,7234,25,,,0,100,,7231,25,,,0,100,,7230,25,,,0,100,,7229,25,,,0,100,,7228,25,,,0,100,,7227,25,,,0,100,,7226,25,,,0,110,,7221,25,,,0,100,,7222,25,,,0,100,,7223,25,,,0,100,,7224,25,,,0,100,,7225,25,,,0
5101,'65032',821,,7250,25,,,0,96,,7248,25,,,0,92,,7247,25,,,0,100,,7249,25,,,0,100,,7246,25,,,0,100,,7245,25,,,0,100,,7244,25,,,0,100,,7243,25,,,0,100,,7242,25,,,0,100,,7241,25,,,0,110,,7236,25,,,0,100,,7237,25,,,0,100,,7238,25,,,0,100,,7239,25,,,0,100,,7240,25,,,0
5500,'65030',803,,7269,77,,,0,118,,7270,77,,,0,110,,7271,77,,,0,115,,7278,77,,,0,161,,7272,77,,,0,112,,7273,77,,,0,118,,7274,77,,,0,119,,7275,77,,,0,153,,7276,77,,,0,109,,7277,77,0,5 6,0
5500,'65031',854,,7284,77,,,0,151,,7286,77,,,0,111,,7285,77,,,0,110,,7283,77,,,0,113,,7282,77,,,0,110,,7281,77,,,0,153,,7280,77,,,0,105,,7279,77,0,5 6,0
5500,'65032',854,,7292,77,,,0,151,,7294,77,,,0,111,,7293,77,,,0,110,,7291,77,,,0,113,,7290,77,,,0,110,,7289,77,,,0,153,,7288,77,,,0,105,,7287,77,0,5 6,0
91700,'65030',624,,7863,60,,,0
