701,'65030',634,,5048,17,0,54,0,82,,5049,17,0,54,0,16,,5051,30,0,54,0,27,,5052,30,0,54,0,67,,5050,17,0,54,0,16,,5053,30,0,54,0,12,,5054,30,,,0,57,,5055,30,0,54,0,17,,5056,30,0,54,0,20,,5057,30,0,54,0,58,,5070,17,0,54,0,18,,5058,30,,,0,23,,5064,30,0,54,0,58,,5071,17,0,54,0,22,,5059,30,0,54,0,20,,5065,30,0,54,0,57,,5072,17,0,54,0,19,,5060,30,,,0,24,,5066,30,0,54,0,59,,5073,17,0,54,0,18,,5061,30,,,0,23,,5067,35,0,54,0,58,,5074,17,0,54,0,16,,5062,30,,,0,25,,5068,30,0,54,0,58,,5075,17,0,54,0,24,,5063,35,0,54,0,18,,5069,30,0,54,0,13,,5076,17,0,54,0,47,,5077,17,0,54,0,7,,5078,30,,,0,16,,5096,17,0,54,0,17,,5079,30,,,0,55,,5080,35,0,54,0,15,,5081,30,,,0,14,,5097,17,0,54,0,14,,5082,30,,,0,61,,5083,30,,,0,18,,5084,35,0,54,0,23,,5085,30,0,54,0,57,,5086,30,0,54,0,21,,5087,30,0,54,0,23,,5088,30,0,54,0,67,,5089,30,,,0,32,,5090,30,0,54,0,63,,5091,30,,,0,34,,5092,30,0,54,0,68,,5093,30,0,54,0,35,,5098,30,,,0,100,,5099,30,0,54,0,154,,5094,17,0,54,0
701,'65031',740,,5117,17,,,0,101,,5118,17,,,0,79,,5116,30,0,54,0,80,,5108,17,0,54,0,21,,5100,30,0,54,0,29,,5109,17,0,54,0,66,,5101,30,0,54,0,32,,5110,17,0,54,0,71,,5102,30,0,54,0,31,,5111,17,0,54,0,69,,5103,30,0,54,0,30,,5112,17,0,54,0,70,,5104,30,0,54,0,30,,5113,17,0,54,0,70,,5105,30,0,54,0,30,,5114,17,0,54,0,75,,5106,30,0,54,0,30,,5115,17,0,54,0,72,,5107,17,0,54,0,16,,5119,17,,,0,61,,5120,17,0,54,0,31,,5121,17,,,0,69,,5129,17,,,0,40,,5122,30,,,0,100,,5123,30,,,0,99,,5124,30,,,0,100,,5125,30,,,0,99,,5126,30,0,54,0,159,,5127,17,0,54,0
701,'65032',740,,5147,17,,,0,101,,5148,17,,,0,79,,5146,30,0,54,0,80,,5138,17,0,54,0,21,,5130,30,0,54,0,29,,5139,17,0,54,0,66,,5131,30,0,54,0,32,,5140,17,0,54,0,71,,5132,30,0,54,0,31,,5141,17,0,54,0,69,,5133,30,0,54,0,30,,5142,17,0,54,0,70,,5134,30,0,54,0,30,,5143,17,0,54,0,70,,5135,30,0,54,0,30,,5144,17,0,54,0,75,,5136,30,0,54,0,30,,5145,17,0,54,0,72,,5137,17,0,54,0,16,,5149,17,,,0,61,,5150,17,0,54,0,31,,5151,17,,,0,69,,5159,17,,,0,40,,5152,30,,,0,100,,5153,30,,,0,99,,5154,30,,,0,100,,5155,30,,,0,99,,5156,30,0,54,0,159,,5157,17,0,54,0
1101,'65030',550,,5635,14,,,0,69,,5636,14,,,0,34,,5692,47,0,54,0,58,,5637,47,,,0,32,,5638,47,,,0,68,,5693,47,,,0,15,,5639,47,,,0,29,,5640,47,,,0,67,,5641,47,,,0,25,,5642,47,,,0,68,,5643,47,,,0,15,,5656,25,0,54,0,15,,5644,47,,,0,70,,5645,47,,,0,18,,5657,25,0,54,0,13,,5646,47,,,0,55,,5661,25,0,54,0,15,,5647,47,,,0,14,,5658,25,0,54,0,16,,5648,47,,,0,55,,5662,25,0,54,0,14,,5649,47,,,0,14,,5659,25,0,54,0,16,,5650,47,,,0,70,,5651,47,,,0,12,,5660,25,0,54,0,17,,5652,47,,,0,56,,5663,25,0,54,0,17,,5653,47,,,0,10,,5655,25,0,54,0,9,,5664,25,0,54,0,11,,5654,47,,,0,54,,5680,47,0,54,0,8,,5681,25,0,54,0,7,,5682,25,0,54,0,8,,5665,47,,,0,17,,5683,25,0,54,0,13,,5666,47,,,0,48,,5684,25,0,54,0,12,,5685,25,0,54,0,9,,5667,47,,,0,15,,5686,25,0,54,0,15,,5668,47,,,0,55,,5677,47,0,54,0,15,,5669,47,,,0,20,,5670,47,,,0,15,,5687,25,0,54,0,56,,5671,47,,,0,8,,5688,25,0,54,0,20,,5672,47,,,0,70,,5689,47,0,54,0,30,,5673,47,,,0,65,,5678,47,0,54,0,26,,5679,47,0,54,0,15,,5674,47,,,0,52,,5690,47,0,54,0,14,,5691,25,0,54,0,32,,5675,47,,,0,103,,5676,47,,,0,77,,5694,47,0,54,0
1101,'65031',646,,5713,14,,,0,98,,5714,14,,,0,95,,5712,47,,,0,79,,5695,25,,,0,34,,5704,47,0,54,0,65,,5696,47,,,0,35,,5705,47,0,54,0,65,,5697,47,,,0,35,,5706,47,0,54,0,65,,5698,47,,,0,35,,5707,47,0,54,0,65,,5699,47,,,0,35,,5708,47,0,54,0,65,,5700,47,,,0,34,,5709,47,0,54,0,70,,5701,47,,,0,30,,5710,47,0,54,0,71,,5702,47,,,0,32,,5711,47,0,54,0,69,,5703,47,,,0,14,,5715,47,0,54,0,15,,5716,47,,,0,70,,5717,47,0,54,0,24,,5718,47,,,0,101,,5719,47,,,0,100,,5720,47,,,0,99,,5721,47,,,0,100,,5722,47,,,0,100,,5723,47,,,0
1101,'65032',646,,5742,14,,,0,98,,5743,14,,,0,95,,5741,47,,,0,79,,5724,25,,,0,34,,5733,47,0,54,0,65,,5725,47,,,0,35,,5734,47,0,54,0,65,,5726,47,,,0,35,,5735,47,0,54,0,65,,5727,47,,,0,35,,5736,47,0,54,0,65,,5728,47,,,0,35,,5737,47,0,54,0,65,,5729,47,,,0,34,,5738,47,0,54,0,70,,5730,47,,,0,30,,5739,47,0,54,0,71,,5731,47,,,0,32,,5740,47,0,54,0,69,,5732,47,,,0,14,,5744,47,0,54,0,15,,5745,47,,,0,70,,5746,47,0,54,0,24,,5747,47,,,0,101,,5748,47,,,0,100,,5749,47,,,0,99,,5750,47,,,0,100,,5751,47,,,0,100,,5752,47,,,0
1101,'65035',1531,,5753,14,0,54,0,106,,5754,25,0,54,0
5500,'65030',740,,7269,45,,,0,161,,7270,45,,,0,111,,7271,45,,,0,115,,7278,45,,,0,120,,7272,45,,,0,112,,7273,45,,,0,156,,7274,45,,,0,118,,7275,45,,,0,117,,7276,45,,,0,109,,7277,45,0,5 6,0
5500,'65031',837,,7284,45,,,0,111,,7286,45,,,0,110,,7285,45,,,0,150,,7283,45,,,0,113,,7282,45,,,0,110,,7281,45,,,0,110,,7280,45,,,0,107,,7279,45,0,5 6,0
5500,'65032',837,,7292,45,,,0,111,,7294,45,,,0,110,,7293,45,,,0,150,,7291,45,,,0,113,,7290,45,,,0,110,,7289,45,,,0,110,,7288,45,,,0,107,,7287,45,0,5 6,0
