101,'65040',702,,7964,29,,,0,20,,7965,29,,,0,22,,7966,29,,,0,189,,7967,29,,,0,100,,7968,29,,,0,100,,7969,29,,,0,99,,7970,29,,,0,100,,7971,29,,,0,100,,7972,29,,,0,176,,7973,29,,,0,142,,7976,29,,,0,261,,7975,29,,,0,105,,7974,29,,,0,122,,7987,6,,,0,100,,7988,6,,,0
301,'65040',556,,8244,27,,,0,68,,8245,27,,,0,16,,8246,27,,,0,64,,8247,27,,,0,15,,8251,27,,,0,15,,8248,27,,,0,15,,8249,27,,,0,55,,8250,27,,,0,17,,8252,27,,,0,13,,8260,27,,,0,21,,8253,27,,,0,60,,8254,27,,,0,19,,8255,27,,,0,21,,8256,27,,,0,59,,8257,27,,,0,22,,8258,27,,,0,20,,8259,27,,,0,59,,8261,27,,,0,20,,8262,27,,,0,21,,8263,27,,,0,60,,8264,27,,,0,20,,8265,27,,,0,21,,8266,27,,,0,60,,8267,27,,,0,20,,8268,27,,,0,20,,8269,27,,,0,59,,8270,27,,,0,21,,8271,27,,,0,19,,8272,27,,,0,53,,8294,27,,,0,16,,8273,27,,,0,17,,8274,27,,,0,12,,8275,27,,,0,56,,8276,27,,,0,14,,8277,27,,,0,15,,8278,27,,,0,15,,8279,27,,,0,55,,8293,27,,,0,15,,8280,27,,,0,16,,8281,27,,,0,19,,8282,27,,,0,56,,8283,27,,,0,29,,8284,27,,,0,15,,8285,27,,,0,70,,8286,27,,,0,30,,8287,27,,,0,70,,8288,27,,,0,73,,8289,27,,,0,27,,8290,27,,,0,30,,8295,27,,,0,65,,8291,27,,,0,100,,8292,27,,,0
301,'65041',628,,8313,27,,,0,30,,8314,27,,,0,72,,8315,27,,,0,29,,8316,27,,,0,69,,8317,27,,,0,25,,8312,27,,,0,70,,8296,27,,,0,30,,8297,27,,,0,70,,8298,27,,,0,30,,8299,27,,,0,70,,8300,27,,,0,30,,8301,27,,,0,70,,8302,27,,,0,30,,8303,27,,,0,70,,8304,27,,,0,30,,8305,27,,,0,70,,8306,27,,,0,31,,8307,27,,,0,69,,8308,27,,,0,32,,8309,27,,,0,70,,8310,27,,,0,30,,8311,27,,,0,70,,8318,27,,,0,30,,8319,27,,,0,71,,8320,27,,,0,33,,8326,27,,,0,70,,8321,27,,,0,30,,8327,27,,,0,70,,8322,27,,,0,100,,8323,27,,,0,100,,8324,27,,,0,100,,8325,27,,,0
301,'65042',628,,8345,27,,,0,30,,8346,27,,,0,72,,8347,27,,,0,29,,8348,27,,,0,69,,8349,27,,,0,25,,8344,27,,,0,70,,8328,27,,,0,30,,8329,27,,,0,70,,8330,27,,,0,30,,8331,27,,,0,70,,8332,27,,,0,30,,8333,27,,,0,70,,8334,27,,,0,30,,8335,27,,,0,70,,8336,27,,,0,30,,8337,27,,,0,70,,8338,27,,,0,31,,8339,27,,,0,69,,8340,27,,,0,32,,8341,27,,,0,70,,8342,27,,,0,30,,8343,27,,,0,70,,8350,27,,,0,30,,8351,27,,,0,71,,8352,27,,,0,33,,8358,27,,,0,70,,8353,27,,,0,30,,8359,27,,,0,70,,8354,27,,,0,100,,8355,27,,,0,100,,8356,27,,,0,100,,8357,27,,,0
701,'65040',628,,8907,6,0,54,0,79,,8908,6,0,54,0,16,,8916,19,0,54,0,23,,8917,19,0,54,0,57,,8918,19,,,0,20,,8919,19,,,0,20,,8920,19,0,54,0,66,,8921,19,0,54,0,26,,8922,19,0,54,0,15,,8923,19,0,54,0,63,,8924,19,,,0,25,,8925,19,0,54,0,15,,8909,6,,,0,67,,8926,19,0,54,0,23,,8927,19,0,54,0,9,,8910,6,,,0,69,,8928,19,0,54,0,21,,8929,19,0,54,0,9,,8911,6,,,0,69,,8930,19,0,54,0,21,,8931,19,0,54,0,12,,8912,6,,,0,62,,8932,19,0,54,0,21,,8933,19,0,54,0,19,,8913,6,0,54,0,55,,8934,19,0,54,0,18,,8935,19,0,54,0,30,,8936,19,,,0,55,,8937,19,,,0,15,,8938,19,0,54,0,29,,8939,19,0,54,0,56,,8914,6,,,0,16,,8940,19,0,54,0,74,,8941,19,0,54,0,28,,8942,19,0,54,0,71,,8943,19,0,54,0,36,,8944,19,0,54,0,65,,8945,19,0,54,0,31,,8946,19,0,54,0,68,,8947,19,,,0,30,,8948,19,0,54,0,70,,8949,19,0,54,0,36,,8950,19,,,0,100,,8952,19,0,54,0,115,,8915,6,0,54,0
701,'65041',730,,8970,6,,,0,76,,8981,19,0,54,0,31,,8980,6,0,54,0,70,,8969,19,0,54,0,28,,8961,6,0,54,0,70,,8953,19,0,54,0,29,,8962,6,0,54,0,70,,8954,19,0,54,0,29,,8963,6,0,54,0,70,,8955,19,0,54,0,30,,8964,6,0,54,0,70,,8956,19,0,54,0,30,,8965,6,0,54,0,70,,8957,19,0,54,0,30,,8966,6,0,54,0,70,,8958,19,0,54,0,30,,8967,6,0,54,0,70,,8959,19,0,54,0,30,,8968,6,0,54,0,70,,8960,6,0,54,0,30,,8971,6,,,0,71,,8972,6,0,54,0,38,,8979,6,0,54,0,89,,8982,19,,,0,102,,8973,19,,,0,100,,8974,19,,,0,100,,8975,19,,,0,100,,8976,19,0,54,0,120,,8977,6,0,54,0
701,'65042',730,,9000,6,,,0,76,,9011,19,0,54,0,31,,9010,6,0,54,0,70,,8999,19,0,54,0,28,,8991,6,0,54,0,70,,8983,19,0,54,0,29,,8992,6,0,54,0,70,,8984,19,0,54,0,29,,8993,6,0,54,0,70,,8985,19,0,54,0,30,,8994,6,0,54,0,70,,8986,19,0,54,0,30,,8995,6,0,54,0,70,,8987,19,0,54,0,30,,8996,6,0,54,0,70,,8988,19,0,54,0,30,,8997,6,0,54,0,70,,8989,19,0,54,0,30,,8998,6,0,54,0,70,,8990,6,0,54,0,30,,9001,6,,,0,71,,9002,6,0,54,0,38,,9009,6,0,54,0,89,,9012,19,,,0,102,,9003,19,,,0,100,,9004,19,,,0,100,,9005,19,,,0,100,,9006,19,0,54,0,120,,9007,6,0,54,0
1201,'65040',625,,9621,6,,,0,99,,9622,6,,,0,25,,9623,6,,,0,55,,9624,6,,,0,19,,9625,6,,,0,31,,9626,6,,,0,73,,9627,6,,,0,32,,9628,6,,,0,70,,9629,6,,,0,30,,9630,6,,,0,70,,9631,6,,,0,71,,9632,6,,,0,29,,9633,6,,,0,71,,9634,6,,,0,21,,9635,6,,,0,37,,9636,6,,,0,71,,9637,6,,,0,30,,9638,6,,,0,69,,9639,6,,,0,28,,9640,6,,,0,73,,9641,6,,,0,24,,9642,6,,,0,56,,9643,6,,,0,31,,9644,6,,,0,73,,9645,6,,,0,25,,9646,6,,,0,67,,9647,6,,,0,24,,9648,6,,,0,73,,9649,6,,,0,27,,9650,6,,,0,85,,9651,6,,,0,25,,9652,6,,,0,188,,9653,6,,,0
1201,'65041',733,,9662,6,,,0,96,,9663,6,,,0,91,,9676,6,,,0,30,,9668,6,,,0,70,,9654,6,,,0,30,,9669,6,,,0,70,,9655,6,,,0,30,,9670,6,,,0,70,,9656,6,,,0,31,,9671,6,,,0,69,,9657,6,,,0,31,,9672,6,,,0,69,,9658,6,,,0,31,,9673,6,,,0,69,,9659,6,,,0,31,,9674,6,,,0,69,,9660,6,,,0,30,,9677,6,,,0,70,,9661,6,,,0,29,,9664,6,,,0,79,,9675,6,,,0,103,,9665,6,,,0,101,,9666,6,,,0,100,,9667,6,,,0
1201,'65042',733,,9686,6,,,0,96,,9687,6,,,0,91,,9700,6,,,0,30,,9692,6,,,0,70,,9678,6,,,0,30,,9693,6,,,0,70,,9679,6,,,0,30,,9694,6,,,0,70,,9680,6,,,0,31,,9695,6,,,0,69,,9681,6,,,0,31,,9696,6,,,0,69,,9682,6,,,0,31,,9697,6,,,0,69,,9683,6,,,0,31,,9698,6,,,0,69,,9684,6,,,0,30,,9701,6,,,0,70,,9685,6,,,0,29,,9688,6,,,0,79,,9699,6,,,0,103,,9689,6,,,0,101,,9690,6,,,0,100,,9691,6,,,0
1401,'65040',541,,9776,6,,,0,98,,9777,6,,,0,87,,9778,6,,,0,11,,9812,6,,,0,14,,9779,6,,,0,68,,9780,6,,,0,25,,9781,6,,,0,57,,9782,6,,,0,18,,9783,6,,,0,35,,9784,6,,,0,65,,9785,6,,,0,39,,9786,6,,,0,61,,9787,6,,,0,36,,9788,6,,,0,63,,9789,6,,,0,36,,9790,6,,,0,65,,9791,6,,,0,37,,9792,6,,,0,57,,9793,6,,,0,20,,9813,6,,,0,20,,9794,6,,,0,65,,9795,6,,,0,25,,9796,6,,,0,66,,9797,6,,,0,30,,9798,6,,,0,71,,9799,6,,,0,14,,9800,6,,,0,21,,9801,6,,,0,74,,9802,6,,,0,22,,9803,6,,,0,84,,9804,6,,,0,81,,9805,6,,,0,23,,9806,6,,,0,77,,9807,6,,,0,33,,9808,6,,,0,98,,9809,6,,,0,100,,9810,6,,,0,17,,9811,6,,,0
1401,'65041',733,,9821,6,,,0,95,,9822,6,,,0,96,,9814,6,,,0,28,,9815,6,,,0,100,,9816,6,,,0,99,,9817,6,,,0,99,,9830,6,,,0,98,,9818,6,,,0,100,,9819,6,,,0,101,,9820,6,,,0,100,,9832,6,,,0,99,,9831,6,,,0,79,,9823,6,,,0,105,,9824,6,,,0,101,,9825,6,,,0,100,,9826,6,,,0,100,,9827,6,,,0,100,,9828,6,,,0,21,,9829,6,,,0
1401,'65042',733,,9840,6,,,0,95,,9841,6,,,0,96,,9833,6,,,0,28,,9834,6,,,0,100,,9835,6,,,0,99,,9836,6,,,0,99,,9849,6,,,0,98,,9837,6,,,0,100,,9838,6,,,0,101,,9839,6,,,0,100,,9851,6,,,0,99,,9850,6,,,0,79,,9842,6,,,0,105,,9843,6,,,0,101,,9844,6,,,0,100,,9845,6,,,0,100,,9846,6,,,0,100,,9847,6,,,0,21,,9848,6,,,0
1901,'65040',553,,10299,6,0,10 55,0,87,,10298,6,,,0,74,,10297,6,,,0,20,,10296,6,,,0,98,,10295,6,,,0,101,,10294,6,,,0,103,,10293,6,,,0,100,,10292,6,,,0,96,,10291,6,,,0,100,,10290,6,,,0,97,,10289,6,,,0,81,,10288,6,,,0,40,,10287,6,,,0,70,,10286,6,,,0,34,,10285,6,,,0,69,,10284,6,,,0,85,,10283,6,,,0
91201,'65040',2237,,11514,6,,,0,100,,11515,6,,,0
91201,'65041',2232,,11516,6,,,0,97,,11517,6,,,0
91201,'65042',2232,,11518,6,,,0,97,,11519,6,,,0
91301,'65040',2453,,11520,6,,,0
91301,'65041',2453,,11521,6,,,0
91301,'65042',2453,,11522,6,,,0
