1700,'65030',640,,6285,2,,,0,18,,6286,2,,,0,56,,6287,2,,,0,27,,6288,2,,,0,73,,6289,2,,,0,38,,6290,2,,,0,59,,6291,2,,,0,38,,6292,2,,,0,64,,6293,2,,,0,21,,6294,2,,,0,81,,6295,2,,,0,19,,6296,2,,,0,19,,6315,2,,,0,61,,6297,2,,,0,41,,6298,2,,,0,74,,6299,2,,,0,26,,6300,2,0,22 23,0,66,,6301,2,0,22 23,0,81,,6302,2,0,22 23,0,26,,6314,2,0,22 23,0,18,,6303,2,,,0,75,,6304,2,0,22 23,0,17,,6305,2,0,22 23,0,67,,6306,2,0,22 23,0,20,,6307,2,0,22 23,0,25,,6308,2,,,0,84,,6309,2,0,22 23,0,71,,6310,2,0,22 23,0,27,,6311,2,0,22 23,0,117,,6312,2,0,22 23,0,94,,6313,2,0,22 23,0
1700,'65031',739,,6325,2,0,22 23,0,111,,6316,2,0,22 23,0,96,,6317,2,0,22 23,0,99,,6318,2,0,22 23,0,101,,6319,2,0,22 23,0,100,,6320,2,0,22 23,0,100,,6321,2,0,22 23,0,100,,6322,2,0,22 23,0,100,,6323,2,0,22 23,0,107,,6324,2,0,22 23,0,97,,6326,2,0,22 23,0,89,,6327,2,0,22 23,0,86,,6328,2,0,22 23,0,100,,6329,2,0,22 23,0,100,,6330,2,0,22 23,0
1700,'65032',739,,6340,2,0,22 23,0,111,,6331,2,0,22 23,0,96,,6332,2,0,22 23,0,99,,6333,2,0,22 23,0,101,,6334,2,0,22 23,0,100,,6335,2,0,22 23,0,100,,6336,2,0,22 23,0,100,,6337,2,0,22 23,0,100,,6338,2,0,22 23,0,107,,6339,2,0,22 23,0,97,,6341,2,0,22 23,0,89,,6342,2,0,22 23,0,86,,6343,2,0,22 23,0,100,,6344,2,0,22 23,0,100,,6345,2,0,22 23,0
1700,'65035',724,,6347,2,,,0,27,,6346,2,,,0
2401,'65030',651,,6750,17,,,0,71,,6751,17,,,0,35,,6752,17,,,0,69,,6753,17,,,0,75,,6754,17,,,0,31,,6755,17,,,0,71,,6756,17,,,0,31,,6757,17,,,0,71,,6758,17,,,0,31,,6759,17,,,0,71,,6760,17,,,0,31,,6761,17,,,0,71,,6762,17,,,0,31,,6763,17,,,0,71,,6764,17,,,0,31,,6765,17,,,0,71,,6778,17,,,0,33,,6767,17,,,0,76,,6768,17,,,0,35,,6769,17,,,0,80,,6770,17,,,0,74,,6771,17,,,0,35,,6772,17,,,0,75,,6773,17,,,0,35,,6774,17,,,0,75,,6775,17,,,0,80,,6776,17,,,0,32,,6777,17,,,0,81,,6766,17,,,0
2401,'65031',828,,6795,17,,,0,73,,6791,17,,,0,58,,6792,17,,,0,100,,6794,17,,,0,100,,6793,17,,,0,100,,6790,17,,,0,100,,6789,17,,,0,100,,6788,17,,,0,100,,6783,17,,,0,100,,6781,17,,,0,142,,6784,17,,,0,52,,6786,17,,,0,73,,6787,17,,,0,100,,6785,17,,,0,100,,6782,17,,,0,100,,6779,17,,,0,82,,6780,17,,,0
2401,'65032',828,,6812,17,,,0,73,,6808,17,,,0,58,,6809,17,,,0,100,,6811,17,,,0,100,,6810,17,,,0,100,,6807,17,,,0,100,,6806,17,,,0,100,,6805,17,,,0,100,,6800,17,,,0,100,,6798,17,,,0,142,,6801,17,,,0,52,,6803,17,,,0,73,,6804,17,,,0,100,,6802,17,,,0,100,,6799,17,,,0,100,,6796,17,,,0,82,,6797,17,,,0
2700,'65030',700,,6900,7,,,0,54,,6901,7,,,0,98,,6902,7,,,0,366,,6903,7,,,0,87,,6904,7,,,0,229,,6905,7,,,0,97,,6906,7,,,0,87,,6907,7,,,0,87,,6908,7,,,0,47,,6909,7,,,0,87,,6910,7,0,44 3 45,0
91700,'65030',542,,7863,2,,,0,1703,,7864,2,0,22 23,0
91700,'65031',639,,7865,2,0,22 23,0
91700,'65032',639,,7866,2,0,22 23,0
91800,'65031',2234,,7868,2,,,0
91800,'65032',2234,,7869,2,,,0
