1201,'65030',643,,5829,33,,,0,68,,5830,33,,,0,30,,5825,33,,,0,69,,5826,33,,,0,29,,5827,33,,,0,66,,5828,33,,,0,23,,5831,33,,,0,28,,5832,33,,,0,72,,5833,33,,,0,28,,5834,33,,,0,72,,5835,33,,,0,30,,5836,33,,,0,72,,5837,33,,,0,14,,5860,33,,,0,14,,5838,33,,,0,71,,5839,33,,,0,30,,5840,33,,,0,71,,5841,33,,,0,71,,5842,33,,,0,27,,5843,33,,,0,31,,5844,33,,,0,64,,5845,33,,,0,15,,5846,33,,,0,16,,5847,33,,,0,52,,5848,33,,,0,15,,5849,33,,,0,19,,5850,33,,,0,16,,5851,33,,,0,65,,5852,33,,,0,25,,5853,33,,,0,69,,5854,33,,,0,35,,5855,33,,,0,95,,5856,33,,,0,100,,5857,33,,,0,79,,5858,33,,,0,118,,5859,33,,,0
1201,'65031',747,,5869,33,,,0,101,,5870,33,,,0,158,,5861,33,,,0,101,,5862,33,,,0,100,,5863,33,,,0,100,,5864,33,,,0,100,,5865,33,,,0,100,,5866,33,,,0,100,,5867,33,,,0,97,,5868,33,,,0,46,,5871,33,,,0,100,,5872,33,,,0,100,,5873,33,,,0,100,,5874,33,,,0,100,,5875,33,,,0
1201,'65032',747,,5884,33,,,0,101,,5885,33,,,0,158,,5876,33,,,0,101,,5877,33,,,0,100,,5878,33,,,0,100,,5879,33,,,0,100,,5880,33,,,0,100,,5881,33,,,0,100,,5882,33,,,0,97,,5883,33,,,0,46,,5886,33,,,0,100,,5887,33,,,0,100,,5888,33,,,0,100,,5889,33,,,0,100,,5890,33,,,0
1201,'65035',1633,,5891,33,,,0
91201,'65030',2255,,7854,37,,,0,100,,7855,37,,,0
91201,'65031',2248,,7856,37,,,0,100,,7857,37,,,0
91201,'65032',2248,,7858,37,,,0,100,,7859,37,,,0
91301,'65030',2504,,7860,29,,,0
91301,'65031',2504,,7861,29,,,0
91301,'65032',2504,,7862,29,,,0
