901,'65040',618,,9312,14,0,5 6 2 71,0,41,,9289,14,,,0,63,,9290,14,,,0,30,,9291,14,,,0,70,,9302,14,0,5 6 2 71,0,85,,9292,14,,,0,100,,9293,14,,,0,100,,9294,14,,,0,100,,9295,14,,,0,31,,9296,14,,,0,101,,9297,14,,,0,100,,9298,14,,,0,70,,9299,14,,,0,28,,9300,14,,,0,71,,9311,14,0,5 6 2 71,0,32,,9310,14,0,5 6 2 71,0,71,,9301,14,,,0,25,,9309,14,0,5 6 2 71,0,71,,9308,14,0,5 6 2 71,0,98,,9307,14,0,5 6 2 71,0,45,,9306,14,0,5 6 2 71,0,100,,9305,14,0,5 6 2 71,0,64,,9304,14,0,5 6 2 71,0,90,,9303,14,0,5 6 2 71,0
901,'65041',810,,9322,14,0,5 6 2 71,0,94,,9321,14,0,5 6 2 71,0,99,,9313,14,,,0,101,,9314,14,,,0,101,,9320,14,,,0,100,,9319,14,,,0,100,,9318,14,,,0,100,,9317,14,,,0,101,,9316,14,,,0,100,,9315,14,,,0,113,,9323,14,0,5 6 2 71,0,94,,9324,14,0,5 6 2 71,0,88,,9325,14,0,5 6 2 71,0,100,,9326,14,0,5 6 2 71,0,100,,9327,14,0,5 6 2 71,0
901,'65042',810,,9338,14,0,5 6 2 71,0,94,,9337,14,0,5 6 2 71,0,99,,9329,14,,,0,101,,9330,14,,,0,101,,9336,14,,,0,100,,9335,14,,,0,100,,9334,14,,,0,100,,9333,14,,,0,101,,9332,14,,,0,100,,9331,14,,,0,113,,9339,14,0,5 6 2 71,0,94,,9340,14,0,5 6 2 71,0,88,,9341,14,0,5 6 2 71,0,100,,9342,14,0,5 6 2 71,0,100,,9343,14,0,5 6 2 71,0
2200,'65040',633,,10344,11,,,2,85,,10345,11,,,2,41,,10346,11,,,2,81,,10347,11,,,2,693,,10348,11,,,2,95,,10351,11,,,2,81,,10349,11,,,2,41,,10350,11,,,2,80,,10352,11,0,42 43,2
2301,'65040',629,,10385,9,,,2,27,,10380,9,,,2,58,,10381,9,,,2,18,,10384,9,,,2,17,,10379,9,,,2,57,,10382,9,,,2,17,,10383,9,,,2,17,,10386,9,,,2,692,,10389,9,,,2,24,,10387,9,,,2,59,,10388,9,,,2,19,,10390,9,,,2,20,,10392,9,,,2,60,,10395,9,,,2,24,,10391,9,,,2,63,,10393,9,,,2,19,,10394,9,,,2,21,,10396,9,,,2
5700,'65040',950,,11002,76,,,2,103,,11000,76,,,2,163,,11001,76,,,2,105,,10998,76,,,2,120,,11003,76,,,2,105,,10999,76,,,2,160,,11004,76,,,2
5700,'65041',1156,,11010,76,,,2,153,,11009,76,,,2,102,,11008,76,,,2,112,,11007,76,,,2,102,,11006,76,,,2
5700,'65042',1156,,11016,76,,,2,153,,11015,76,,,2,102,,11014,76,,,2,112,,11013,76,,,2,102,,11012,76,,,2
5701,'65040',902,,11020,24,,,2,123,,11022,24,,,2,103,,11018,24,,,2,123,,11021,24,,,2,105,,11019,24,,,2,160,,11023,24,,,2,105,,11017,24,,,2
5701,'65041',1125,,11029,24,,,2,102,,11028,24,,,2,113,,11027,24,,,2,102,,11026,24,,,2,111,,11025,24,,,2,153,,11024,24,0,56,2
5701,'65042',1125,,11035,24,,,2,102,,11034,24,,,2,113,,11033,24,,,2,102,,11032,24,,,2,111,,11031,24,,,2,153,,11030,24,0,56,2
60800,'65040',557,,11449,4,4,,0,68,,11450,4,4,,0,103,,11451,4,4,,0,297,,11452,4,4,,0,30,,11453,4,4,,0,368,,11454,4,4,,0,97,,11455,4,4,,0,15,,11456,4,4,,0,20,,11457,4,4,,0
90400,'65040',2503,,11477,39,,,0
90400,'65041',2504,,11478,39,,,0
90400,'65042',2504,,11485,39,,,0
2400080001,'65040',600,,11573,1,,,1,25,,11571,1,,,1,30,15,11570,1,,,1,55,4,11576,1,,,1,18,,11591,1,,,1,17,12,11572,1,,,1,60,5,11580,1,,,1,30,13,11578,1,,,1,20,9,11581,1,,,1,72,4,11579,1,,,1,28,12,11577,1,,,1,70,,11574,1,,,1,30,,11575,1,,,1,70,11,11586,1,,,1,30,10,11583,1,,,1,70,9,11588,1,,,1,30,9,11592,1,,,1,70,9,11587,1,,,1,30,9,11589,1,,,1,68,,11590,1,,,1,32,8,11593,1,,,1,65,,11582,1,,,1,15,,11594,1,,,1,20,,11584,1,,,1,60,4,11585,1,,,1,20,4,11596,1,,,1,20,5,11598,1,,,1,60,5,11595,1,,,1,20,5,11597,1,,,1,65,51,11599,1,,,1
