100,'65030',635,,3969,2,,,0,85,,3970,2,,,0,19,,3971,2,,,0,70,,3972,2,,,0,29,,3973,2,,,0,78,,3974,28,,,0,30,,3981,2,,,0,69,,3975,28,,,0,31,,3982,2,,,0,69,,3976,28,,,0,28,,3983,2,,,0,73,,3977,28,,,0,29,,3984,2,,,0,70,,3978,28,,,0,30,,3985,2,,,0,70,,3979,28,,,0,30,,3986,2,,,0,69,,3980,2,,,0,23,,3987,2,,,0,63,,3988,2,,,0,29,,3989,2,,,0,23,,3991,28,,,0,68,,3992,28,,,0,25,,3993,28,,,0,65,,3994,28,,,0,37,,3990,2,,,0,97,,3995,28,,,0,100,,3996,28,,,0,96,,3997,28,,,0
100,'65031',917,,4000,2,,,0,99,,4001,2,,,0,100,,4002,2,,,0,100,,4003,2,,,0,100,,4004,2,,,0,100,,4005,2,,,0,100,,4006,2,,,0,100,,4007,2,,,0,98,,4008,2,,,0,42,,4010,2,,,0
100,'65032',917,,4011,2,,,0,99,,4012,2,,,0,100,,4013,2,,,0,100,,4014,2,,,0,100,,4015,2,,,0,100,,4016,2,,,0,100,,4017,2,,,0,100,,4018,2,,,0,98,,4019,2,,,0,42,,4021,2,,,0
101,'65030',659,,4022,25,,,0,55,,4027,25,,,0,35,,4023,25,,,0,263,,4029,25,,,0,100,,4036,25,,,0,98,,4037,25,,,0,102,,4038,25,,,0,100,,4039,25,,,0,130,,4035,25,,,0,64,,4041,25,,,0,142,,4045,25,,,0,163,,4049,25,,,0,96,,4048,25,,,0,100,,4047,25,,,0,129,,4052,2,,,0,100,,4053,2,,,0
301,'65030',556,,4333,23,,,0,65,,4334,23,,,0,15,,4335,23,,,0,15,,4336,23,,,0,54,,4337,23,,,0,16,,4338,23,,,0,14,,4339,23,,,0,10,,4340,23,,,0,10,,4341,23,,,0,50,,4342,23,,,0,10,,4343,23,,,0,10,,4344,23,,,0,10,,4345,23,,,0,16,,4346,23,,,0,55,,4347,23,,,0,15,,4348,23,,,0,20,,4349,23,,,0,60,,4350,23,,,0,20,,4351,23,,,0,20,,4352,23,,,0,60,,4353,23,,,0,20,,4354,23,,,0,19,,4355,23,,,0,60,,4356,23,,,0,20,,4388,23,,,0,20,,4357,23,,,0,60,,4358,23,,,0,20,,4359,23,,,0,20,,4360,23,,,0,60,,4361,23,,,0,20,,4362,23,,,0,20,,4363,23,,,0,60,,4364,23,,,0,21,,4365,23,,,0,14,,4366,23,,,0,15,,4367,23,,,0,50,,4368,23,,,0,10,,4369,23,,,0,10,,4370,23,,,0,10,,4371,23,,,0,10,,4372,23,,,0,10,,4373,23,,,0,55,,4374,23,,,0,16,,4375,23,,,0,15,,4376,23,,,0,20,,4377,23,,,0,60,,4378,23,,,0,20,,4379,23,,,0,65,,4380,23,,,0,31,,4381,23,,,0,25,,4382,23,,,0,70,,4383,23,,,0,30,,4384,23,,,0,70,,4389,23,,,0,30,,4385,23,,,0,65,,4386,23,,,0,100,,4387,23,,,0
301,'65031',630,,4407,23,,,0,70,,4408,23,,,0,30,,4409,23,,,0,70,,4410,23,,,0,26,,4411,23,,,0,27,,4406,23,,,0,71,,4390,23,,,0,27,,4391,23,,,0,69,,4392,23,,,0,30,,4393,23,,,0,70,,4394,23,,,0,30,,4395,23,,,0,70,,4396,23,,,0,30,,4397,23,,,0,70,,4398,23,,,0,30,,4399,23,,,0,70,,4400,23,,,0,30,,4401,23,,,0,70,,4402,23,,,0,30,,4403,23,,,0,70,,4404,23,,,0,30,,4405,23,,,0,71,,4412,23,,,0,24,,4413,23,,,0,81,,4414,23,,,0,31,,4420,23,,,0,70,,4415,23,,,0,31,,4421,23,,,0,72,,4416,23,,,0,97,,4417,23,,,0,100,,4418,23,,,0,100,,4419,23,,,0
301,'65032',630,,4439,23,,,0,70,,4440,23,,,0,30,,4441,23,,,0,70,,4442,23,,,0,26,,4443,23,,,0,27,,4438,23,,,0,71,,4422,23,,,0,27,,4423,23,,,0,69,,4424,23,,,0,30,,4425,23,,,0,70,,4426,23,,,0,30,,4427,23,,,0,70,,4428,23,,,0,30,,4429,23,,,0,70,,4430,23,,,0,30,,4431,23,,,0,70,,4432,23,,,0,30,,4433,23,,,0,70,,4434,23,,,0,30,,4435,23,,,0,70,,4436,23,,,0,30,,4437,23,,,0,71,,4444,23,,,0,24,,4445,23,,,0,81,,4446,23,,,0,31,,4452,23,,,0,70,,4447,23,,,0,31,,4453,23,,,0,72,,4448,23,,,0,97,,4449,23,,,0,100,,4450,23,,,0,100,,4451,23,,,0
400,'65030',645,,4459,23,,,0,56,,4454,23,,,0,21,,4455,2,,,0,30,,4456,2,,,0,71,,4457,23,,,0,32,,4462,26,,,0,75,,4463,2,,,0,70,,4464,2,,,0,38,,4465,2,,,0,65,,4466,2,,,0,27,,4467,2,,,0,75,,4468,2,,,0,25,,4469,2,,,0,74,,4470,2,,,0,24,,4471,2,,,0,72,,4472,23,,,0,30,,4473,23,,,0,29,,4474,23,,,0,74,,4461,23,,,0,70,,4475,23,,,0,32,,4476,26,,,0,65,,4477,23,,,0,15,,4478,23,,,0,21,,4479,23,,,0,68,,4495,23,,,0,51,,4484,23,,,0,65,,4483,23,,,0,31,,4482,23,,,0,68,,4481,23,,,0,36,,4480,23,,,0,85,,4488,23,,,0
400,'65031',916,,4511,23,,,0,99,,4512,23,,,0,100,,4513,23,,,0,100,,4514,23,,,0,100,,4515,23,,,0,100,,4516,23,,,0,101,,4517,23,,,0,100,,4518,23,,,0,97,,4529,23,,,0,21,,4521,23,,,0,20,,4522,23,,,0,75,,4523,23,,,0
400,'65032',916,,4539,23,,,0,99,,4540,23,,,0,100,,4541,23,,,0,100,,4542,23,,,0,100,,4543,23,,,0,100,,4544,23,,,0,101,,4545,23,,,0,100,,4546,23,,,0,97,,4557,23,,,0,21,,4549,23,,,0,20,,4550,23,,,0,75,,4551,23,,,0
701,'65030',625,,5048,2,0,54,0,81,,5049,2,0,54,0,15,,5051,15,0,54,0,21,,5052,15,0,54,0,67,,5050,2,0,54,0,16,,5053,15,0,54,0,16,,5054,15,,,0,17,,5055,15,0,54,0,57,,5056,15,0,54,0,20,,5057,15,0,54,0,18,,5070,2,0,54,0,58,,5058,15,,,0,23,,5064,15,0,54,0,18,,5071,2,0,54,0,61,,5059,15,0,54,0,20,,5065,15,0,54,0,16,,5072,2,0,54,0,59,,5060,15,,,0,24,,5066,15,0,54,0,19,,5073,2,0,54,0,58,,5061,15,,,0,23,,5067,20,0,54,0,18,,5074,2,0,54,0,56,,5062,15,,,0,25,,5068,15,0,54,0,17,,5075,2,0,54,0,64,,5063,20,0,54,0,18,,5069,15,0,54,0,13,,5076,2,0,54,0,7,,5077,2,0,54,0,7,,5078,15,,,0,56,,5096,2,0,54,0,17,,5079,15,,,0,15,,5080,20,0,54,0,55,,5081,15,,,0,15,,5097,2,0,54,0,14,,5082,15,,,0,22,,5083,15,,,0,60,,5084,20,0,54,0,23,,5085,15,0,54,0,17,,5086,15,0,54,0,61,,5087,15,0,54,0,23,,5088,15,0,54,0,67,,5089,15,,,0,33,,5090,15,0,54,0,23,,5091,15,,,0,74,,5092,15,0,54,0,69,,5093,15,0,54,0,35,,5098,15,,,0,100,,5099,15,0,54,0,115,,5094,2,0,54,0
701,'65031',731,,5117,2,,,0,100,,5118,2,,,0,78,,5116,15,0,54,0,39,,5108,2,0,54,0,60,,5100,15,0,54,0,29,,5109,2,0,54,0,66,,5101,15,0,54,0,32,,5110,2,0,54,0,71,,5102,15,0,54,0,30,,5111,2,0,54,0,69,,5103,15,0,54,0,30,,5112,2,0,54,0,70,,5104,15,0,54,0,30,,5113,2,0,54,0,70,,5105,15,0,54,0,30,,5114,2,0,54,0,76,,5106,15,0,54,0,30,,5115,2,0,54,0,72,,5107,2,0,54,0,16,,5119,2,,,0,21,,5120,2,0,54,0,71,,5121,2,,,0,29,,5129,2,,,0,80,,5122,15,,,0,101,,5123,15,,,0,100,,5124,15,,,0,100,,5125,15,,,0,100,,5126,15,0,54,0,120,,5127,2,0,54,0
701,'65032',731,,5147,2,,,0,100,,5148,2,,,0,78,,5146,15,0,54,0,39,,5138,2,0,54,0,60,,5130,15,0,54,0,29,,5139,2,0,54,0,66,,5131,15,0,54,0,32,,5140,2,0,54,0,71,,5132,15,0,54,0,30,,5141,2,0,54,0,69,,5133,15,0,54,0,30,,5142,2,0,54,0,70,,5134,15,0,54,0,30,,5143,2,0,54,0,70,,5135,15,0,54,0,30,,5144,2,0,54,0,76,,5136,15,0,54,0,30,,5145,2,0,54,0,72,,5137,2,0,54,0,16,,5149,2,,,0,21,,5150,2,0,54,0,71,,5151,2,,,0,29,,5159,2,,,0,80,,5152,15,,,0,101,,5153,15,,,0,100,,5154,15,,,0,100,,5155,15,,,0,100,,5156,15,0,54,0,120,,5157,2,0,54,0
900,'65030',640,,5391,2,,,0,60,,5392,2,,,0,20,,5387,27,,,0,15,,5388,27,,,0,65,,5393,2,,,0,25,,5389,27,,,0,27,,5390,27,,,0,63,,5395,27,,,0,20,,5394,27,,,0,80,,5396,27,,,0,20,,5402,27,,,0,80,,5397,27,,,0,20,,5403,27,,,0,80,,5398,27,,,0,20,,5404,27,,,0,80,,5399,27,,,0,20,,5405,27,,,0,80,,5400,27,,,0,20,,5406,27,,,0,65,,5420,27,,,0,24,,5401,27,,,0,21,,5407,27,,,0,65,,5408,27,,,0,30,,5409,27,,,0,60,,5410,27,,,0,25,,5411,27,,,0,25,,5412,27,,,0,75,,5415,27,,,0,25,,5413,27,,,0,77,,5414,27,,,0,100,,5416,2,,,0,75,,5417,2,,,0,43,,5418,2,,,0,102,,5419,2,0,7 58,0
900,'65031',839,,5429,2,,,0,106,,5421,2,,,0,99,,5422,27,,,0,98,,5423,27,,,0,101,,5424,27,,,0,99,,5425,27,,,0,98,,5426,27,,,0,105,,5427,27,,,0,97,,5428,27,,,0,113,,5430,2,,,0,95,,5431,2,,,0,90,,5432,2,,,0,100,,5433,2,,,0,100,,5434,2,,,0,95,,5435,2,,,0
900,'65032',839,,5444,2,,,0,106,,5436,2,,,0,99,,5437,27,,,0,98,,5438,27,,,0,101,,5439,27,,,0,99,,5440,27,,,0,98,,5441,27,,,0,105,,5442,27,,,0,97,,5443,27,,,0,113,,5445,2,,,0,95,,5446,2,,,0,90,,5447,2,,,0,100,,5448,2,,,0,100,,5449,2,,,0,95,,5450,2,,,0
1201,'65030',623,,5829,2,,,0,28,,5830,2,,,0,70,,5825,2,,,0,24,,5826,2,,,0,70,,5827,2,,,0,28,,5828,2,,,0,65,,5831,2,,,0,28,,5832,2,,,0,72,,5833,2,,,0,28,,5834,2,,,0,72,,5835,2,,,0,28,,5836,2,,,0,72,,5837,2,,,0,14,,5860,2,,,0,14,,5838,2,,,0,72,,5839,2,,,0,30,,5840,2,,,0,70,,5841,2,,,0,30,,5842,2,,,0,67,,5843,2,,,0,29,,5844,2,,,0,21,,5845,2,,,0,55,,5846,2,,,0,16,,5847,2,,,0,14,,5848,2,,,0,15,,5849,2,,,0,61,,5850,2,,,0,19,,5851,2,,,0,65,,5852,2,,,0,26,,5853,2,,,0,31,,5854,2,,,0,75,,5855,2,,,0,95,,5856,2,,,0,100,,5857,2,,,0,80,,5858,2,,,0,118,,5859,2,,,0
1201,'65031',730,,5869,2,,,0,99,,5870,2,,,0,118,,5861,2,,,0,100,,5862,2,,,0,100,,5863,2,,,0,100,,5864,2,,,0,100,,5865,2,,,0,99,,5866,2,,,0,101,,5867,2,,,0,98,,5868,2,,,0,86,,5871,2,,,0,100,,5872,2,,,0,101,,5873,2,,,0,100,,5874,2,,,0,100,,5875,2,,,0
1201,'65032',730,,5884,2,,,0,99,,5885,2,,,0,118,,5876,2,,,0,100,,5877,2,,,0,100,,5878,2,,,0,100,,5879,2,,,0,100,,5880,2,,,0,99,,5881,2,,,0,101,,5882,2,,,0,98,,5883,2,,,0,86,,5886,2,,,0,100,,5887,2,,,0,101,,5888,2,,,0,100,,5889,2,,,0,100,,5890,2,,,0
1201,'65035',1605,,5891,2,,,0
1401,'65030',542,,5972,2,,,0,70,,6020,2,,,0,25,,5973,2,,,0,65,,5974,2,,,0,14,,5975,2,,,0,13,,5976,2,,,0,12,,5977,2,,,0,65,,5978,2,,,0,22,,6019,2,,,0,19,,5979,2,,,0,61,,5987,2,,,0,20,,6018,2,,,0,20,,5980,2,,,0,60,,5988,2,,,0,20,,5994,2,,,0,20,,5981,2,,,0,60,,5989,2,,,0,20,,5995,2,,,0,15,,5982,2,,,0,63,,5990,2,,,0,16,,5996,2,,,0,24,,5983,2,,,0,62,,5991,2,,,0,20,,5997,2,,,0,20,,5984,2,,,0,61,,5992,2,,,0,19,,5998,2,,,0,19,,5985,2,,,0,62,,5993,2,,,0,20,,5999,2,,,0,20,,5986,2,,,0,61,,6000,2,,,0,26,,6001,2,,,0,15,,6002,2,,,0,55,,6003,2,,,0,20,,6004,2,,,0,24,,6005,2,,,0,61,,6006,2,,,0,25,,6007,2,,,0,65,,6008,2,,,0,34,,6009,2,,,0,71,,6010,2,,,0,26,,6011,2,,,0,69,,6012,2,,,0,31,,6013,2,,,0,69,,6014,2,,,0,34,,6015,2,,,0,100,,6016,2,,,0,17,,6017,2,,,0
1401,'65031',732,,6029,2,,,0,99,,6030,2,,,0,96,,6021,2,,,0,89,,6022,2,,,0,100,,6023,2,,,0,100,,6024,2,,,0,100,,6025,2,,,0,100,,6026,2,,,0,100,,6027,2,,,0,100,,6028,2,,,0,117,,6031,2,,,0,101,,6032,2,,,0,97,,6033,2,,,0,101,,6034,2,,,0,99,,6035,2,,,0,98,,6036,2,,,0,102,,6037,2,,,0,21,,6038,2,,,0
1401,'65032',732,,6047,2,,,0,99,,6048,2,,,0,96,,6039,2,,,0,89,,6040,2,,,0,100,,6041,2,,,0,100,,6042,2,,,0,100,,6043,2,,,0,100,,6044,2,,,0,100,,6045,2,,,0,100,,6046,2,,,0,117,,6049,2,,,0,101,,6050,2,,,0,97,,6051,2,,,0,101,,6052,2,,,0,99,,6053,2,,,0,98,,6054,2,,,0,102,,6055,2,,,0,21,,6056,2,,,0
1901,'65030',551,,6556,2,0,10 55,0,84,,6557,2,,,0,77,,6558,2,,,0,12,,6559,2,,,0,31,,6560,2,,,0,71,,6561,2,,,0,75,,6562,2,,,0,30,,6563,2,,,0,70,,6564,2,,,0,30,,6565,2,,,0,70,,6566,2,,,0,30,,6567,2,,,0,72,,6568,2,,,0,28,,6569,2,,,0,72,,6570,2,,,0,29,,6571,2,,,0,69,,6572,2,,,0,30,,6573,2,,,0,28,,6574,2,,,0,71,,6575,2,,,0,20,,6576,2,,,0,64,,6577,2,,,0,26,,6578,2,,,0,72,,6579,2,,,0,29,,6580,2,,,0,70,,6581,2,,,0,29,,6582,2,,,0
5500,'65030',813,,7269,79,,,0,115,,7270,79,,,0,110,,7271,79,,,0,115,,7278,79,,,0,161,,7272,79,,,0,112,,7273,79,,,0,118,,7274,79,,,0,160,,7275,79,,,0,112,,7276,79,,,0
5500,'65031',900,,7284,79,,,0,111,,7286,79,,,0,111,,7285,79,,,0,110,,7283,79,,,0,113,,7282,79,,,0,110,,7281,79,,,0,153,,7280,79,,,0
5500,'65032',900,,7292,79,,,0,111,,7294,79,,,0,111,,7293,79,,,0,110,,7291,79,,,0,113,,7290,79,,,0,110,,7289,79,,,0,153,,7288,79,,,0
90400,'65030',2210,,7814,2,0,7 58,0,28,,7815,2,0,7 58,0,100,,7816,2,0,7 58,0,106,,7817,2,,,0
90400,'65031',732,,7818,2,0,7 58,0,1202,,7819,2,0,7 58,0,100,,7820,2,0,7 58,0,100,,7821,2,0,7 58,0,100,,7822,2,0,7 58,0,98,,7823,2,0,7 58,0,112,,7824,2,,,0
90400,'65032',732,,7825,2,0,7 58,0,1202,,7826,2,0,7 58,0,100,,7827,2,0,7 58,0,100,,7828,2,0,7 58,0,100,,7829,2,0,7 58,0,98,,7830,2,0,7 58,0,112,,7831,2,,,0
91201,'65030',2235,,7854,2,,,0,100,,7855,2,,,0
91201,'65031',2228,,7856,2,,,0,100,,7857,2,,,0
91201,'65032',2228,,7858,2,,,0,100,,7859,2,,,0
91301,'65030',2451,,7860,2,,,0
91301,'65031',2451,,7861,2,,,0
91301,'65032',2451,,7862,2,,,0
