1201,'65030',633,,5829,18,,,0,68,,5830,18,,,0,30,,5825,18,,,0,27,,5826,18,,,0,70,,5827,18,,,0,26,,5828,18,,,0,64,,5831,18,,,0,28,,5832,18,,,0,72,,5833,18,,,0,28,,5834,18,,,0,72,,5835,18,,,0,29,,5836,18,,,0,72,,5837,18,,,0,14,,5860,18,,,0,14,,5838,18,,,0,72,,5839,18,,,0,30,,5840,18,,,0,71,,5841,18,,,0,30,,5842,18,,,0,67,,5843,18,,,0,30,,5844,18,,,0,62,,5845,18,,,0,15,,5846,18,,,0,16,,5847,18,,,0,14,,5848,18,,,0,55,,5849,18,,,0,20,,5850,18,,,0,17,,5851,18,,,0,65,,5852,18,,,0,25,,5853,18,,,0,69,,5854,18,,,0,35,,5855,18,,,0,95,,5856,18,,,0,100,,5857,18,,,0,79,,5858,18,,,0,118,,5859,18,,,0
1201,'65031',738,,5869,18,,,0,100,,5870,18,,,0,118,,5861,18,,,0,101,,5862,18,,,0,100,,5863,18,,,0,100,,5864,18,,,0,100,,5865,18,,,0,100,,5866,18,,,0,100,,5867,18,,,0,98,,5868,18,,,0,86,,5871,18,,,0,100,,5872,18,,,0,100,,5873,18,,,0,100,,5874,18,,,0,100,,5875,18,,,0
1201,'65032',738,,5884,18,,,0,100,,5885,18,,,0,118,,5876,18,,,0,101,,5877,18,,,0,100,,5878,18,,,0,100,,5879,18,,,0,100,,5880,18,,,0,100,,5881,18,,,0,100,,5882,18,,,0,98,,5883,18,,,0,86,,5886,18,,,0,100,,5887,18,,,0,100,,5888,18,,,0,100,,5889,18,,,0,100,,5890,18,,,0
1201,'65035',1619,,5891,18,,,0
5701,'65030',936,,7340,67,,,0,120,,7341,67,,,0,146,,7342,67,,,0,119,,7343,67,,,0,105,,7344,67,,,0,120,,7345,67,,,0,105,,7346,67,,,0
5701,'65031',1149,,7352,67,,,0,102,,7351,67,,,0,153,,7350,67,,,0,102,,7349,67,,,0,111,,7348,67,,,0
5701,'65032',1149,,7358,67,,,0,102,,7357,67,,,0,153,,7356,67,,,0,102,,7355,67,,,0,111,,7354,67,,,0
91201,'65030',2243,,7854,18,,,0,100,,7855,18,,,0
91201,'65031',2236,,7856,18,,,0,100,,7857,18,,,0
91201,'65032',2236,,7858,18,,,0,100,,7859,18,,,0
