201,'65030',635,,4146,3,,,0,72,,4176,3,,,0,15,,4147,3,,,0,17,,4148,3,,,0,85,,4149,3,,,0,32,,4150,3,,,0,71,,4151,3,,,0,31,,4152,3,,,0,69,,4153,3,,,0,28,,4154,3,,,0,68,,4155,3,,,0,31,,4156,3,,,0,71,,4157,3,,,0,31,,4158,3,,,0,69,,4159,3,,,0,29,,4160,3,,,0,68,,4161,3,,,0,30,,4162,3,,,0,64,,4163,3,,,0,24,,4164,3,,,0,66,,4165,3,,,0,38,,4166,3,,,0,77,,4167,3,,,0,30,,4168,3,,,0,74,,4169,3,,,0,32,,4170,3,,,0,83,,4171,3,,,0,101,,4172,3,,,0,103,,4173,3,,,0,91,,4174,3,,,0,100,,4175,3,,,0
201,'65031',736,,4185,3,,,0,97,,4186,3,,,0,72,,4177,3,,,0,100,,4178,3,,,0,52,,4179,3,,,0,97,,4180,3,,,0,105,,4181,3,,,0,100,,4182,3,,,0,141,,4183,3,,,0,101,,4184,3,,,0,28,,4187,3,,,0,103,,4188,3,,,0,101,,4189,3,,,0,100,,4190,3,,,0,100,,4191,3,,,0,100,,4192,3,,,0,100,,4193,3,,,0,100,,4194,3,,,0
201,'65032',736,,4203,3,,,0,97,,4204,3,,,0,72,,4195,3,,,0,100,,4196,3,,,0,52,,4197,3,,,0,97,,4198,3,,,0,105,,4199,3,,,0,100,,4200,3,,,0,141,,4201,3,,,0,101,,4202,3,,,0,28,,4205,3,,,0,103,,4206,3,,,0,101,,4207,3,,,0,100,,4208,3,,,0,100,,4209,3,,,0,100,,4210,3,,,0,100,,4211,3,,,0,100,,4212,3,,,0
401,'65030',636,,4564,3,,,0,64,,4559,35,,,0,11,,4566,3,,,0,11,,4560,35,,,0,16,,4561,35,,,0,68,,4562,35,,,0,17,,4567,3,,,0,13,,4563,35,,,0,7,,4565,3,,,0,61,,4600,35,,,0,52,,4602,3,,,0,54,,4569,35,,,0,30,,4570,35,,,0,18,,4568,3,,,0,60,,4571,35,,,0,25,,4572,35,,,0,12,,4604,3,,,0,55,,4573,35,,,0,17,,4605,3,,,0,22,,4607,3,,,0,61,,4575,35,,,0,40,,4603,3,,,0,58,,4577,35,,,0,103,,4579,35,,,0,40,,4606,3,,,0,58,,4593,3,,,0,22,,4594,3,,,0,15,,4592,35,,,0,62,,4598,3,,,0,48,,4588,35,,,0,59,,4587,35,,,0,26,,4599,35,,,0,92,,4586,35,,,0,25,,4585,35,,,0,70,,4584,35,,,0,27,,4583,35,,,0,75,,4582,35,,,0,22,,4595,3,,,0,84,,4596,3,,,0,101,,4597,3,,,0
401,'65031',706,,4625,3,,,0,26,,4626,3,,,0,74,,4627,3,,,0,23,,4623,35,,,0,77,,4624,3,,,0,47,,4615,35,,,0,70,,4608,3,,,0,29,,4616,35,,,0,70,,4609,3,,,0,30,,4617,35,,,0,70,,4610,3,,,0,30,,4618,35,,,0,71,,4611,3,,,0,29,,4619,35,,,0,72,,4612,3,,,0,28,,4620,35,,,0,72,,4613,3,,,0,28,,4621,35,,,0,71,,4614,3,,,0,29,,4622,35,,,0,74,,4631,3,,,0,23,,4637,35,,,0,61,,4628,35,,,0,20,,4629,35,,,0,102,,4632,3,,,0,100,,4633,3,,,0,100,,4634,3,,,0,100,,4635,3,,,0,100,,4636,3,,,0
401,'65032',706,,4655,3,,,0,26,,4656,3,,,0,74,,4657,3,,,0,23,,4653,35,,,0,77,,4654,3,,,0,47,,4645,35,,,0,70,,4638,3,,,0,29,,4646,35,,,0,70,,4639,3,,,0,30,,4647,35,,,0,70,,4640,3,,,0,30,,4648,35,,,0,71,,4641,3,,,0,29,,4649,35,,,0,72,,4642,3,,,0,28,,4650,35,,,0,72,,4643,3,,,0,28,,4651,35,,,0,71,,4644,3,,,0,29,,4652,35,,,0,74,,4661,3,,,0,23,,4667,35,,,0,61,,4658,35,,,0,20,,4659,35,,,0,102,,4662,3,,,0,100,,4663,3,,,0,100,,4664,3,,,0,100,,4665,3,,,0,100,,4666,3,,,0
401,'65035',759,,4668,35,,,0
901,'65030',651,,5452,33,,,0,68,,5453,33,,,0,21,,5454,33,,,0,9,,5459,3,,,0,56,,5455,33,,,0,17,,5456,33,,,0,20,,5457,33,,,0,64,,5458,33,,,0,27,,5474,33,,,0,22,,5473,33,,,0,60,,5472,33,,,0,40,,5471,33,,,0,61,,5470,33,,,0,40,,5469,33,,,0,61,,5468,33,,,0,41,,5467,33,,,0,60,,5466,33,,,0,40,,5465,33,,,0,60,,5464,33,,,0,39,,5463,33,,,0,60,,5462,33,,,0,26,,5486,33,,,0,64,,5461,33,,,0,23,,5460,33,,,0,96,,5482,33,,,0,83,,5485,33,,,0,22,,5484,33,,,0,73,,5483,33,,,0
901,'65031',1021,,5487,33,,,0,99,,5488,33,,,0,99,,5494,33,,,0,101,,5493,33,,,0,100,,5492,33,,,0,99,,5491,33,,,0,105,,5490,33,,,0,97,,5489,33,,,0
901,'65032',1021,,5503,33,,,0,99,,5504,33,,,0,99,,5510,33,,,0,101,,5509,33,,,0,100,,5508,33,,,0,99,,5507,33,,,0,105,,5506,33,,,0,97,,5505,33,,,0
1701,'65030',626,,6348,3,,,0,27,,6349,3,,,0,104,,6351,3,,,0,57,,6352,3,,,0,109,,6354,3,,,0,21,,6355,3,,,0,80,,6356,3,,,0,305,,6362,3,,,0,101,,6364,3,,,0,22,,6377,3,,,0,74,,6365,3,,,0,16,,6366,3,,,0,60,,6367,3,,,0,16,,6368,3,,,0,35,,6369,3,,,0,70,,6371,3,,,0,18,,6370,3,,,0,168,,6374,3,,,0
2000,'65030',655,,6583,3,,,0,68,,6584,3,,,0,29,,6585,3,,,0,77,,6586,3,,,0,371,,6587,3,,,0,30,,6588,3,,,0,301,,6589,3,,,0,70,,6590,3,,,0,30,,6591,3,,,0,69,,6592,3,,,0,30,,6593,3,,,0,71,,6594,3,,,0,29,,6595,3,,,0
5100,'65030',636,,7132,3,,,0,82,,7133,3,,,0,15,,7134,3,,,0,84,,7136,3,,,0,25,,7135,3,,,0,70,,7137,3,,,0,29,,7138,3,,,0,71,,7139,3,,,0,29,,7140,3,,,0,73,,7141,3,,,0,30,,7142,3,,,0,67,,7143,3,,,0,32,,7144,3,,,0,68,,7145,3,,,0,32,,7146,3,,,0,68,,7147,3,,,0,32,,7148,3,,,0,69,,7149,3,,,0,29,,7150,3,,,0,70,,7151,3,,,0,26,,7152,3,,,0,65,,7153,3,,,0,30,,7154,3,,,0,70,,7155,3,,,0,29,,7156,3,,,0,85,,7157,3,,,0,87,,7158,3,,,0,97,,7159,3,,,0,40,,7160,3,,,0,97,,7161,3,,,0
5100,'65031',834,,7173,3,,,0,92,,7175,3,,,0,99,,7174,3,,,0,100,,7176,3,,,0,100,,7172,3,,,0,100,,7171,3,,,0,100,,7170,3,,,0,100,,7169,3,,,0,100,,7168,3,,,0,110,,7167,3,,,0,100,,7162,3,,,0,100,,7164,3,,,0,100,,7165,3,,,0,100,,7166,3,,,0,100,,7163,3,,,0
5100,'65032',834,,7188,3,,,0,92,,7190,3,,,0,99,,7189,3,,,0,100,,7191,3,,,0,100,,7187,3,,,0,100,,7186,3,,,0,100,,7185,3,,,0,100,,7184,3,,,0,100,,7183,3,,,0,110,,7182,3,,,0,100,,7177,3,,,0,100,,7179,3,,,0,100,,7180,3,,,0,100,,7181,3,,,0,100,,7178,3,,,0
5501,'65030',743,,7295,43,,,0,159,,7296,43,,,0,116,,7297,43,,,0,115,,7298,43,,,0,115,,7299,43,,,0,155,,7300,43,,,0,115,,7301,43,,,0,115,,7302,43,,,0,118,,7303,43,,,0
5501,'65031',840,,7312,43,,,0,110,,7311,43,,,0,150,,7310,43,,,0,110,,7309,43,,,0,110,,7308,43,,,0,110,,7307,43,,,0,109,,7305,43,,,0
5501,'65032',840,,7320,43,,,0,110,,7319,43,,,0,150,,7318,43,,,0,110,,7317,43,,,0,110,,7316,43,,,0,110,,7315,43,,,0,109,,7313,43,,,0
