101,'65030',712,,4022,47,,,0,17,,4027,47,,,0,77,,4023,47,,,0,223,,4029,47,,,0,100,,4036,47,,,0,99,,4037,47,,,0,102,,4038,47,,,0,101,,4039,47,,,0,172,,4035,47,,,0,24,,4041,47,,,0,177,,4045,47,,,0,120,,4049,47,,,0,95,,4048,47,,,0,100,,4047,47,,,0,128,,4052,24,,,0,100,,4053,24,,,0
301,'65030',608,,4333,45,,,0,26,,4334,45,,,0,15,,4335,45,,,0,55,,4336,45,,,0,15,,4337,45,,,0,17,,4338,45,,,0,17,,4339,45,,,0,50,,4340,45,,,0,10,,4341,45,,,0,10,,4342,45,,,0,10,,4343,45,,,0,10,,4344,45,,,0,10,,4345,45,,,0,55,,4346,45,,,0,14,,4347,45,,,0,15,,4348,45,,,0,20,,4349,45,,,0,60,,4350,45,,,0,20,,4351,45,,,0,20,,4352,45,,,0,61,,4353,45,,,0,21,,4354,45,,,0,20,,4355,45,,,0,60,,4356,45,,,0,20,,4388,45,,,0,20,,4357,45,,,0,60,,4358,45,,,0,20,,4359,45,,,0,20,,4360,45,,,0,60,,4361,45,,,0,21,,4362,45,,,0,60,,4363,45,,,0,20,,4364,45,,,0,21,,4365,45,,,0,14,,4366,45,,,0,56,,4367,45,,,0,11,,4368,45,,,0,10,,4369,45,,,0,10,,4370,45,,,0,10,,4371,45,,,0,50,,4372,45,,,0,10,,4373,45,,,0,15,,4374,45,,,0,13,,4375,45,,,0,12,,4376,45,,,0,59,,4377,45,,,0,19,,4378,45,,,0,20,,4379,45,,,0,65,,4380,45,,,0,31,,4381,45,,,0,64,,4382,45,,,0,30,,4383,45,,,0,70,,4384,45,,,0,29,,4389,45,,,0,70,,4385,45,,,0,25,,4386,45,,,0,100,,4387,45,,,0
301,'65031',642,,4407,45,,,0,70,,4408,45,,,0,31,,4409,45,,,0,70,,4410,45,,,0,27,,4411,45,,,0,67,,4406,45,,,0,31,,4390,45,,,0,68,,4391,45,,,0,30,,4392,45,,,0,71,,4393,45,,,0,30,,4394,45,,,0,70,,4395,45,,,0,30,,4396,45,,,0,70,,4397,45,,,0,30,,4398,45,,,0,70,,4399,45,,,0,30,,4400,45,,,0,70,,4401,45,,,0,30,,4402,45,,,0,70,,4403,45,,,0,30,,4404,45,,,0,70,,4405,45,,,0,29,,4412,45,,,0,64,,4413,45,,,0,41,,4414,45,,,0,71,,4420,45,,,0,29,,4415,45,,,0,71,,4421,45,,,0,32,,4416,45,,,0,96,,4417,45,,,0,99,,4418,45,,,0,100,,4419,45,,,0
301,'65032',642,,4439,45,,,0,70,,4440,45,,,0,31,,4441,45,,,0,70,,4442,45,,,0,27,,4443,45,,,0,67,,4438,45,,,0,31,,4422,45,,,0,68,,4423,45,,,0,30,,4424,45,,,0,71,,4425,45,,,0,30,,4426,45,,,0,70,,4427,45,,,0,30,,4428,45,,,0,70,,4429,45,,,0,30,,4430,45,,,0,70,,4431,45,,,0,30,,4432,45,,,0,70,,4433,45,,,0,30,,4434,45,,,0,70,,4435,45,,,0,30,,4436,45,,,0,70,,4437,45,,,0,29,,4444,45,,,0,64,,4445,45,,,0,41,,4446,45,,,0,71,,4452,45,,,0,29,,4447,45,,,0,71,,4453,45,,,0,32,,4448,45,,,0,96,,4449,45,,,0,99,,4450,45,,,0,100,,4451,45,,,0
5501,'65030',817,,7295,96,,,0,112,,7296,96,,,0,116,,7297,96,,,0,158,,7298,96,,,0,114,,7299,96,,,0,115,,7300,96,,,0,115,,7301,96,,,0,162,,7302,96,,,0,110,,7303,96,,,0
5501,'65031',908,,7312,96,,,0,110,,7311,96,,,0,110,,7310,96,,,0,112,,7309,96,,,0,110,,7308,96,,,0,150,,7307,96,,,0,108,,7305,96,,,0
5501,'65032',908,,7320,96,,,0,110,,7319,96,,,0,110,,7318,96,,,0,112,,7317,96,,,0,110,,7316,96,,,0,150,,7315,96,,,0,108,,7313,96,,,0
5701,'65030',950,,7340,89,,,0,160,,7341,89,,,0,106,,7342,89,,,0,119,,7343,89,,,0,105,,7344,89,,,0,160,,7345,89,,,0,105,,7346,89,,,0
5701,'65031',1202,,7352,89,,,0,102,,7351,89,,,0,113,,7350,89,,,0,102,,7349,89,,,0,111,,7348,89,,,0
5701,'65032',1202,,7358,89,,,0,102,,7357,89,,,0,113,,7356,89,,,0,102,,7355,89,,,0,111,,7354,89,,,0
90700,'65030',638,,7848,35,,,0
91301,'65030',2500,,7860,24,,,0
91301,'65031',2500,,7861,24,,,0
91301,'65032',2500,,7862,24,,,0
2400080001,'65030',628,,7917,10,,,1,30,,7916,10,,,1,72,,7915,10,,,1,72,,7914,10,,,1,30,,7913,10,,,1,70,,7912,10,,,1,29,,7911,10,,,1,100,,7910,10,,,1,96,,7909,10,,,1,103,,7908,10,,,1,100,,7907,10,,,1,103,,7906,10,,,1,101,,7905,10,,,1,69,,7904,10,,,1,28,,7903,10,,,1,74,,7902,10,,,1,29,,7901,10,,,1,68,,7900,10,,,1,27,,7899,10,,,1
