701,'65040',709,,8916,3,0,54,0,23,,8917,3,0,54,0,17,,8918,3,,,0,60,,8919,3,,,0,20,,8920,3,0,54,0,26,,8921,3,0,54,0,66,,8922,3,0,54,0,16,,8923,3,0,54,0,63,,8924,3,,,0,25,,8925,3,0,54,0,82,,8926,3,0,54,0,23,,8927,3,0,54,0,78,,8928,3,0,54,0,21,,8929,3,0,54,0,78,,8930,3,0,54,0,21,,8931,3,0,54,0,74,,8932,3,0,54,0,21,,8933,3,0,54,0,32,,8934,3,0,54,0,58,,8935,3,0,54,0,30,,8936,3,,,0,15,,8937,3,,,0,55,,8938,3,0,54,0,29,,8939,3,0,54,0,73,,8940,3,0,54,0,35,,8941,3,0,54,0,68,,8942,3,0,54,0,31,,8943,3,0,54,0,76,,8944,3,0,54,0,25,,8945,3,0,54,0,71,,8946,3,0,54,0,28,,8947,3,,,0,71,,8948,3,0,54,0,30,,8949,3,0,54,0,74,,8950,3,,,0,100,,8952,3,0,54,0,84,,8951,3,0,12 59,0
701,'65041',755,,8981,3,0,54,0,101,,8969,3,0,54,0,97,,8953,3,0,54,0,98,,8954,3,0,54,0,99,,8955,3,0,54,0,100,,8956,3,0,54,0,99,,8957,3,0,54,0,100,,8958,3,0,54,0,101,,8959,3,0,54,0,364,,8982,3,,,0,103,,8973,3,,,0,100,,8974,3,,,0,100,,8975,3,,,0,100,,8976,3,0,54,0,91,,8978,3,0,12 59,0
701,'65042',755,,9011,3,0,54,0,101,,8999,3,0,54,0,97,,8983,3,0,54,0,98,,8984,3,0,54,0,99,,8985,3,0,54,0,100,,8986,3,0,54,0,99,,8987,3,0,54,0,100,,8988,3,0,54,0,101,,8989,3,0,54,0,364,,9012,3,,,0,103,,9003,3,,,0,100,,9004,3,,,0,100,,9005,3,,,0,100,,9006,3,0,54,0,91,,9008,3,0,12 59,0
801,'65040',614,,9126,8,,,1,28,,9127,8,,,1,16,,9128,3,,,1,54,,9129,8,,,1,14,,9130,8,,,1,15,,9175,3,,,1,17,,9131,3,,,1,53,,9132,8,,,1,22,,9133,3,,,1,19,,9134,3,,,1,60,,9135,3,,,1,21,,9136,3,,,1,19,,9137,3,,,1,62,,9138,3,,,1,20,,9139,3,,,1,19,,9140,3,,,1,60,,9141,3,,,1,21,,9142,3,,,1,20,,9143,3,,,1,60,,9144,3,,,1,20,,9145,3,,,1,20,,9146,3,,,1,60,,9147,3,,,1,20,,9148,3,,,1,20,,9149,3,,,1,60,,9150,3,,,1,19,,9151,3,,,1,13,,9152,3,,,1,56,,9153,3,,,1,17,,9154,3,,,1,12,,9155,3,,,1,15,,9156,3,,,1,54,,9157,8,,,1,14,,9158,3,,,1,16,,9159,3,,,1,16,,9160,3,,,1,56,,9161,3,,,1,16,,9162,3,,,1,15,,9163,3,,,1,20,,9164,3,,,1,61,,9165,3,,,1,22,,9166,3,,,1,66,,9167,3,,,1,31,,9168,3,,,1,70,,9169,3,,,1,30,,9170,3,,,1,71,,9171,3,,,1,31,,9172,3,,,1,78,,9173,3,,,1,99,,9174,3,,,1
801,'65041',712,,9193,3,,,1,27,,9204,8,,,1,69,,9194,3,,,1,20,,9195,3,,,1,29,,9176,3,,,1,70,,9177,3,,,1,30,,9178,3,,,1,69,,9179,3,,,1,30,,9180,3,,,1,70,,9181,3,,,1,30,,9182,3,,,1,70,,9183,3,,,1,30,,9184,3,,,1,70,,9185,3,,,1,30,,9186,3,,,1,70,,9187,3,,,1,29,,9188,3,,,1,70,,9189,3,,,1,30,,9190,3,,,1,70,,9191,3,,,1,31,,9192,3,,,1,69,,9196,3,,,1,32,,9197,3,,,1,81,,9198,3,,,1,72,,9199,3,,,1,30,,9200,3,,,1,70,,9205,3,,,1,101,,9201,3,,,1,100,,9202,3,,,1,100,,9203,3,,,1
801,'65042',712,,9223,3,,,1,27,,9234,8,,,1,69,,9224,3,,,1,20,,9225,3,,,1,29,,9206,3,,,1,70,,9207,3,,,1,30,,9208,3,,,1,69,,9209,3,,,1,30,,9210,3,,,1,70,,9211,3,,,1,30,,9212,3,,,1,70,,9213,3,,,1,30,,9214,3,,,1,70,,9215,3,,,1,30,,9216,3,,,1,70,,9217,3,,,1,29,,9218,3,,,1,70,,9219,3,,,1,30,,9220,3,,,1,70,,9221,3,,,1,31,,9222,3,,,1,69,,9226,3,,,1,32,,9227,3,,,1,81,,9228,3,,,1,72,,9229,3,,,1,30,,9230,3,,,1,70,,9235,3,,,1,101,,9231,3,,,1,100,,9232,3,,,1,100,,9233,3,,,1
2201,'65040',704,,10354,3,,,2,41,,10353,3,,,2,81,,10355,3,,,2,693,,10356,3,,,2,95,,10357,3,,,2,41,,10359,3,,,2,81,,10358,3,,,2,80,,10360,3,,,2
90801,'65040',2426,,11509,8,,,0
90801,'65041',2426,,11510,8,,,0
90801,'65042',2426,,11511,8,,,0
