100,'65030',900,,3974,13,,,0,58,,3975,13,,,0,99,,3976,13,,,0,100,,3977,13,,,0,99,,3978,13,,,0,100,,3979,13,,,0,269,,3991,13,,,0,29,,3992,13,,,0,71,,3993,13,,,0,27,,3994,13,,,0,176,,3995,13,,,0,101,,3996,13,,,0,92,,3997,13,,,0,94,,3998,13,0,5 6,0,101,,3999,13,0,5 6,0
100,'65031',1721,,4009,13,0,5 6,0
100,'65032',1721,,4020,13,0,5 6,0
300,'65030',614,,4213,28,,,0,15,,4269,28,,,0,15,,4214,28,,,0,15,,4215,28,,,0,54,,4216,28,,,0,10,,4217,28,,,0,9,,4218,28,,,0,6,,4219,28,,,0,8,,4220,28,,,0,9,,4221,28,,,0,50,,4222,28,,,0,17,,4223,28,,,0,15,,4224,28,,,0,16,,4270,28,,,0,55,,4225,28,,,0,20,,4226,28,,,0,20,,4227,28,,,0,60,,4228,28,,,0,20,,4229,28,,,0,20,,4230,28,,,0,59,,4231,28,,,0,20,,4232,28,,,0,20,,4233,28,,,0,60,,4234,28,,,0,19,,4235,28,,,0,20,,4236,28,,,0,60,,4237,28,,,0,20,,4238,28,,,0,20,,4239,28,,,0,60,,4240,28,,,0,20,,4241,28,,,0,15,,4242,28,,,0,15,,4243,28,,,0,54,,4245,28,,,0,15,,4251,28,,,0,9,,4246,28,,,0,10,,4247,28,,,0,9,,4248,28,,,0,50,,4249,28,,,0,10,,4250,28,,,0,20,,4252,28,,,0,15,,4253,28,,,0,55,,4254,28,,,0,15,,4255,28,,,0,23,,4256,28,,,0,62,,4257,28,,,0,20,,4258,28,,,0,20,,4259,28,,,0,65,,4260,28,,,0,30,,4261,28,,,0,70,,4262,28,,,0,31,,4267,28,,,0,65,,4263,28,,,0,20,,4264,28,,,0,20,,4265,28,,,0,78,,4266,28,,,0,32,,4244,28,,,0
300,'65031',714,,4287,28,,,0,25,,4288,28,,,0,73,,4289,28,,,0,23,,4300,28,,,0,23,,4271,28,,,0,69,,4272,28,,,0,30,,4273,28,,,0,69,,4274,28,,,0,30,,4275,28,,,0,69,,4276,28,,,0,30,,4277,28,,,0,70,,4278,28,,,0,30,,4279,28,,,0,70,,4280,28,,,0,30,,4281,28,,,0,70,,4282,28,,,0,30,,4283,28,,,0,70,,4284,28,,,0,30,,4285,28,,,0,70,,4286,28,,,0,28,,4290,28,,,0,62,,4291,28,,,0,18,,4292,28,,,0,70,,4293,28,,,0,34,,4294,28,,,0,75,,4295,28,,,0,32,,4301,28,,,0,71,,4296,28,,,0,100,,4297,28,,,0,100,,4298,28,,,0,101,,4299,28,,,0
300,'65032',714,,4318,28,,,0,25,,4319,28,,,0,73,,4320,28,,,0,23,,4331,28,,,0,23,,4302,28,,,0,69,,4303,28,,,0,30,,4304,28,,,0,69,,4305,28,,,0,30,,4306,28,,,0,69,,4307,28,,,0,30,,4308,28,,,0,70,,4309,28,,,0,30,,4310,28,,,0,70,,4311,28,,,0,30,,4312,28,,,0,70,,4313,28,,,0,30,,4314,28,,,0,70,,4315,28,,,0,30,,4316,28,,,0,70,,4317,28,,,0,28,,4321,28,,,0,62,,4322,28,,,0,18,,4323,28,,,0,70,,4324,28,,,0,34,,4325,28,,,0,75,,4326,28,,,0,32,,4332,28,,,0,71,,4327,28,,,0,100,,4328,28,,,0,100,,4329,28,,,0,101,,4330,28,,,0
5500,'65030',728,,7269,25,,,0,121,,7270,25,,,0,151,,7271,25,,,0,116,,7278,25,,,0,119,,7272,25,,,0,113,,7273,25,,,0,155,,7274,25,,,0,118,,7275,25,,,0,118,,7276,25,,,0,110,,7277,25,0,5 6,0
5500,'65031',825,,7284,25,,,0,111,,7286,25,,,0,110,,7285,25,,,0,110,,7283,25,,,0,153,,7282,25,,,0,110,,7281,25,,,0,110,,7280,25,,,0,107,,7279,25,0,5 6,0
5500,'65032',825,,7292,25,,,0,111,,7294,25,,,0,110,,7293,25,,,0,110,,7291,25,,,0,153,,7290,25,,,0,110,,7289,25,,,0,110,,7288,25,,,0,107,,7287,25,0,5 6,0
90300,'65030',2322,,7807,35,,,0,107,,7808,35,,,0
90300,'65031',2430,,7811,35,,,0
90300,'65032',2430,,7813,35,,,0
2400080000,'65030',616,,7898,6,,,1,28,,7897,6,,,1,69,,7896,6,,,1,31,,7895,6,,,1,66,,7894,6,,,1,31,,7893,6,,,1,74,,7892,6,,,1,97,,7891,6,,,1,99,,7890,6,,,1,99,,7889,6,,,1,103,,7888,6,,,1,100,,7887,6,,,1,97,,7886,6,,,1,29,,7885,6,,,1,71,,7884,6,,,1,33,,7883,6,,,1,70,,7882,6,,,1,35,,7881,6,,,1,65,,7880,6,,,1
