301,'65040',541,,8244,1,,,0,67,,8245,1,,,0,15,,8246,1,,,0,24,4,8247,1,,,0,55,,8251,1,,,0,15,8,8248,1,,,0,15,8,8249,1,,,0,15,5,8250,1,,,0,57,49,8252,1,,,0,13,8,8260,1,,,0,20,5,8253,1,,,0,20,3,8254,1,,,0,59,5,8255,1,,,0,21,6,8256,1,,,0,19,5,8257,1,,,0,62,6,8258,1,,,0,20,6,8259,1,,,0,19,5,8261,1,,,0,60,6,8262,1,,,0,21,6,8263,1,,,0,20,7,8264,1,,,0,60,6,8265,1,,,0,21,7,8266,1,,,0,20,7,8267,1,,,0,60,7,8268,1,,,0,20,7,8269,1,,,0,19,6,8270,1,,,0,61,7,8271,1,,,0,19,6,8272,1,,,0,13,4,8294,1,,,0,56,7,8273,1,,,0,17,,8274,1,,,0,12,4,8275,1,,,0,16,4,8276,1,,,0,54,3,8277,1,,,0,15,6,8278,1,,,0,15,8,8279,1,,,0,15,5,8293,1,,,0,55,3,8280,1,,,0,16,6,8281,1,,,0,19,15,8282,1,,,0,17,7,8283,1,,,0,69,9,8284,1,,,0,15,4,8285,1,,,0,70,10,8286,1,,,0,30,3,8287,1,,,0,71,3,8288,1,,,0,33,3,8289,1,,,0,67,3,8290,1,,,0,30,6,8295,1,,,0,64,4,8291,1,,,0,100,57,8292,1,,,0
301,'65041',611,,8313,1,,,0,30,11,8314,1,,,0,71,,8315,1,,,0,29,3,8316,1,,,0,69,52,8317,1,,,0,25,6,8312,1,,,0,69,2,8296,1,,,0,30,6,8297,1,,,0,70,2,8298,1,,,0,30,6,8299,1,,,0,70,2,8300,1,,,0,30,5,8301,1,,,0,70,2,8302,1,,,0,30,3,8303,1,,,0,70,2,8304,1,,,0,30,3,8305,1,,,0,70,2,8306,1,,,0,30,3,8307,1,,,0,69,2,8308,1,,,0,32,3,8309,1,,,0,70,3,8310,1,,,0,30,3,8311,1,,,0,70,3,8318,1,,,0,31,4,8319,1,,,0,72,57,8320,1,,,0,34,5,8326,1,,,0,70,62,8321,1,,,0,30,9,8327,1,,,0,70,63,8322,1,,,0,100,63,8323,1,,,0,100,66,8324,1,,,0,100,63,8325,1,,,0
301,'65042',611,,8345,1,,,0,30,11,8346,1,,,0,71,,8347,1,,,0,29,3,8348,1,,,0,69,52,8349,1,,,0,25,6,8344,1,,,0,69,2,8328,1,,,0,30,6,8329,1,,,0,70,2,8330,1,,,0,30,6,8331,1,,,0,70,2,8332,1,,,0,30,5,8333,1,,,0,70,2,8334,1,,,0,30,3,8335,1,,,0,70,2,8336,1,,,0,30,3,8337,1,,,0,70,2,8338,1,,,0,30,3,8339,1,,,0,69,2,8340,1,,,0,32,3,8341,1,,,0,70,3,8342,1,,,0,30,3,8343,1,,,0,70,3,8350,1,,,0,31,4,8351,1,,,0,72,57,8352,1,,,0,34,5,8358,1,,,0,70,62,8353,1,,,0,30,9,8359,1,,,0,70,63,8354,1,,,0,100,63,8355,1,,,0,100,66,8356,1,,,0,100,63,8357,1,,,0
500,'65040',709,,8563,22,4,,0,44,,8564,22,4,,0,79,,8565,22,4,,0,99,,8566,22,4,,0,101,,8567,22,4,,0,100,,8568,22,4,,0,100,,8569,22,4,,0,100,,8570,22,4,,0,100,,8571,22,4,,0,100,,8572,22,4,,0,83,,8573,22,4,,0,31,,8574,22,4,,0,70,,8575,22,4,,0,30,,8576,22,4,,0,69,,8577,22,4,,0,87,,8578,22,4,,0,37,,8579,22,4,,0,104,,8580,22,4,,0,160,,8581,22,4,,0,49,,8582,22,4,,0,100,,8583,22,4,,0
500,'65041',902,,8591,22,4,,0,100,,8584,22,4,,0,100,,8585,22,4,,0,100,,8586,22,4,,0,100,,8587,22,4,,0,100,,8588,22,4,,0,99,,8589,22,4,,0,101,,8590,22,4,,0,100,,8592,22,4,,0,49,,8593,22,4,,0,99,,8594,22,4,,0,99,,8596,22,4,,0,100,,8595,22,4,,0,100,,8598,22,4,,0,100,,8597,22,4,,0
500,'65042',902,,8606,22,4,,0,100,,8599,22,4,,0,100,,8600,22,4,,0,100,,8601,22,4,,0,100,,8602,22,4,,0,100,,8603,22,4,,0,99,,8604,22,4,,0,101,,8605,22,4,,0,100,,8607,22,4,,0,49,,8608,22,4,,0,99,,8609,22,4,,0,99,,8611,22,4,,0,100,,8610,22,4,,0,100,,8613,22,4,,0,100,,8612,22,4,,0
501,'65040',616,,8622,1,,,0,95,3,8615,1,,,0,45,3,8614,1,,,0,79,9,8632,1,,,0,100,4,8631,1,,,0,100,3,8630,1,,,0,100,4,8629,1,,,0,98,3,8628,1,,,0,102,3,8627,1,,,0,100,3,8626,1,,,0,100,3,8625,1,,,0,81,,8624,1,,,0,32,5,8623,1,,,0,101,3,8621,1,,,0,69,3,8620,1,,,0,83,44,8619,1,,,0,45,4,8618,1,,,0,100,3,8617,1,,,0,155,44,8616,1,,,0,107,56,8633,1,,,0
501,'65041',712,,8641,1,,,0,99,,8642,1,,,0,89,43,8643,1,,,0,101,43,8634,1,,,0,101,43,8635,1,,,0,102,3,8636,1,,,0,100,3,8637,1,,,0,100,3,8638,1,,,0,101,3,8639,1,,,0,99,2,8640,1,,,0,101,3,8645,1,,,0,103,3,8646,1,,,0,104,2,8647,1,,,0,100,67,8648,1,,,0,100,66,8649,1,,,0,100,63,8650,1,,,0,100,66,8644,1,,,0
501,'65042',712,,8658,1,,,0,99,,8659,1,,,0,89,43,8660,1,,,0,101,43,8651,1,,,0,101,43,8652,1,,,0,102,3,8653,1,,,0,100,3,8654,1,,,0,100,3,8655,1,,,0,101,3,8656,1,,,0,99,2,8657,1,,,0,101,3,8662,1,,,0,103,3,8663,1,,,0,104,2,8664,1,,,0,100,67,8665,1,,,0,100,66,8666,1,,,0,100,63,8667,1,,,0,100,66,8661,1,,,0
700,'65040',637,,8806,37,,,0,75,,8807,37,,,0,23,,8808,45,,,0,75,,8809,45,,,0,29,,8810,37,,,0,75,,8811,45,,,0,23,,8812,37,,,0,65,,8813,37,,,0,42,,8814,37,,,0,58,,8815,37,,,0,40,,8816,45,,,0,60,,8817,45,,,0,37,,8818,37,,,0,64,,8819,45,,,0,36,,8820,37,,,0,63,,8821,45,,,0,16,,8822,37,,,0,21,,8823,37,,,0,66,,8824,45,,,0,18,,8825,37,,,0,20,,8826,37,,,0,67,,8827,37,,,0,19,,8828,37,,,0,28,,8829,37,,,0,76,,8830,45,,,0,26,,8831,37,,,0,71,,8832,45,,,0,28,,8833,37,,,0,67,,8834,37,,,0,31,,8835,37,,,0,74,,8836,37,,,0,25,,8837,37,,,0,70,,8838,37,,,0,81,,8839,45,,,0,29,,8840,37,,,0,104,,8850,45,,,0
700,'65041',734,,8866,37,,,0,100,,8877,45,,,0,94,,8878,37,,,0,100,,8851,37,,,0,100,,8852,37,,,0,101,,8853,37,,,0,100,,8854,37,,,0,100,,8855,37,,,0,100,,8856,37,,,0,311,,8872,45,,,0,98,,8874,37,,,0,100,,8873,45,,,0,100,,8869,45,,,0,100,,8870,45,,,0,98,,8871,45,,,0
700,'65042',734,,8894,37,,,0,100,,8905,45,,,0,94,,8906,37,,,0,100,,8879,37,,,0,100,,8880,37,,,0,101,,8881,37,,,0,100,,8882,37,,,0,100,,8883,37,,,0,100,,8884,37,,,0,311,,8900,45,,,0,98,,8902,37,,,0,100,,8901,45,,,0,100,,8897,45,,,0,100,,8898,45,,,0,98,,8899,45,,,0
701,'65040',2412,,8951,8,4,,0
701,'65041',2412,,8978,8,4,,0
701,'65042',2412,,9008,8,4,,0
800,'65040',642,,9013,44,,,1,69,,9014,44,,,1,16,,9065,44,,,1,16,,9015,44,,,1,15,,9016,44,,,1,56,,9017,44,,,1,14,,9018,44,,,1,16,,9019,44,,,1,10,,9020,44,,,1,57,,9021,44,,,1,20,,9022,44,,,1,22,,9023,44,,,1,60,,9024,44,,,1,19,,9025,44,,,1,20,,9026,44,,,1,61,,9027,44,,,1,20,,9028,44,,,1,20,,9029,44,,,1,60,,9030,44,,,1,20,,9031,44,,,1,20,,9032,44,,,1,60,,9033,44,,,1,20,,9034,44,,,1,20,,9035,44,,,1,59,,9036,44,,,1,22,,9037,44,,,1,11,,9038,44,,,1,13,,9039,44,,,1,62,,9040,44,,,1,15,,9041,44,,,1,11,,9042,44,,,1,56,,9043,44,,,1,15,,9044,44,,,1,10,,9045,44,,,1,15,,9046,44,,,1,10,,9047,44,,,1,49,,9048,44,,,1,15,,9049,44,,,1,13,,9050,44,,,1,15,,9051,44,,,1,14,,9052,44,,,1,58,,9053,44,,,1,20,,9054,44,,,1,20,,9055,44,,,1,58,,9056,44,,,1,30,,9057,44,,,1,70,,9058,44,,,1,31,,9059,44,,,1,71,,9060,44,,,1,38,,9061,44,,,1,60,,9062,44,,,1,27,,9063,44,,,1,100,,9064,44,,,1
800,'65041',640,,9082,44,,,1,100,,9083,44,,,1,68,,9084,44,,,1,28,,9085,44,,,1,64,,9086,44,,,1,30,,9066,44,,,1,72,,9067,44,,,1,30,,9068,44,,,1,70,,9069,44,,,1,30,,9070,44,,,1,71,,9071,44,,,1,30,,9072,44,,,1,69,,9073,44,,,1,31,,9074,44,,,1,70,,9075,44,,,1,30,,9076,44,,,1,70,,9077,44,,,1,30,,9078,44,,,1,70,,9079,44,,,1,30,,9080,44,,,1,70,,9081,44,,,1,29,,9087,44,,,1,71,,9088,44,,,1,30,,9094,44,,,1,71,,9089,44,,,1,37,,9095,44,,,1,100,,9090,44,,,1,100,,9091,44,,,1,99,,9092,44,,,1,100,,9093,44,,,1
800,'65042',640,,9112,44,,,1,100,,9113,44,,,1,68,,9114,44,,,1,28,,9115,44,,,1,64,,9116,44,,,1,30,,9096,44,,,1,72,,9097,44,,,1,30,,9098,44,,,1,70,,9099,44,,,1,30,,9100,44,,,1,71,,9101,44,,,1,30,,9102,44,,,1,69,,9103,44,,,1,31,,9104,44,,,1,70,,9105,44,,,1,30,,9106,44,,,1,70,,9107,44,,,1,30,,9108,44,,,1,70,,9109,44,,,1,30,,9110,44,,,1,70,,9111,44,,,1,29,,9117,44,,,1,71,,9118,44,,,1,30,,9124,44,,,1,71,,9119,44,,,1,37,,9125,44,,,1,100,,9120,44,,,1,100,,9121,44,,,1,99,,9122,44,,,1,100,,9123,44,,,1
2500,'65040',634,,10524,1,0,48 49 50,2,14,2,10534,1,0,46 3 47,2,69,2,10526,1,0,48 49 50,2,31,2,10528,1,0,46 3 47,2,52,42,10533,1,0,48 49 50,2,31,2,10531,1,0,46 3 47,2,12,2,10532,1,0,48 49 50,2,657,,10535,1,0,46 3 47,2,12,2,10540,1,0,48 49 50,2,31,2,10537,1,0,48 49 50,2,71,2,10539,1,0,46 3 47,2,12,2,10544,1,0,48 49 50,2,31,2,10548,1,0,46 3 47,2,52,2,10545,1,0,48 49 50,2,31,2,10542,1,0,46 3 47,2,12,2,10547,1,0,48 49 50,2,54,2,10541,1,0,46 3 47,2
2501,'65040',715,,10559,11,4,,2,31,,10555,11,4,,2,83,,10554,11,4,,2,83,,10556,11,4,,2,629,,10564,11,4,,2,71,,10565,11,4,,2,43,,10572,11,4,,2,83,,10573,11,4,,2
5501,'65040',715,,10979,1,,,2,123,10,10972,1,,,2,115,10,10980,1,,,2,153,52,10973,1,,,2,117,14,10981,1,,,2,118,12,10974,1,,,2,113,12,10977,1,,,2,163,10,10975,1,,,2,115,10,10978,1,,,2,116,11,10976,1,0,5 6 2 65,2
5501,'65041',815,,10989,1,,,2,111,8,10988,1,,,2,110,7,10987,1,,,2,110,5,10986,1,,,2,110,5,10985,1,,,2,150,2,10984,1,,,2,109,2,10982,1,,,2,113,2,10983,1,0,5 6 2 65,2
5501,'65042',815,,10997,1,,,2,111,8,10996,1,,,2,110,7,10995,1,,,2,110,5,10994,1,,,2,110,5,10993,1,,,2,150,2,10992,1,,,2,109,2,10990,1,,,2,113,2,10991,1,0,5 6 2 65,2
5701,'65040',851,,11020,2,,,2,163,,11022,2,,,2,103,,11018,2,,,2,123,,11021,2,,,2,105,,11019,2,,,2,160,,11023,2,,,2,105,,11017,2,,,2
5701,'65041',1115,,11029,2,,,2,102,,11028,2,,,2,113,,11027,2,,,2,102,,11026,2,,,2,111,,11025,2,,,2,113,,11024,2,0,56,2
5701,'65042',1115,,11035,2,,,2,102,,11034,2,,,2,113,,11033,2,,,2,102,,11032,2,,,2,111,,11031,2,,,2,113,,11030,2,0,56,2
