700,'65030',617,,4944,18,,,0,16,,4945,18,0,5 6,0,19,,4946,18,,,0,60,,4947,18,,,0,15,,4948,18,0,5 6,0,5,,4949,26,,,0,7,,4950,18,,,0,6,,4951,26,0,5 6,0,8,,4952,18,,,0,6,,4953,18,0,5 6,0,51,,4954,26,,,0,21,,4955,18,,,0,17,,4956,18,0,5 6,0,56,,4963,18,,,0,26,,4970,18,,,0,17,,4957,18,0,5 6,0,60,,4964,18,,,0,22,,4971,18,,,0,19,,4958,18,0,5 6,0,59,,4965,18,,,0,22,,4972,18,,,0,19,,4959,18,0,5 6,0,60,,4966,18,,,0,22,,4973,26,,,0,20,,4960,18,0,5 6,0,58,,4967,18,,,0,21,,4974,26,,,0,20,,4961,18,0,5 6,0,59,,4968,18,,,0,21,,4975,18,,,0,18,,4962,18,,,0,60,,4969,18,,,0,23,,4976,26,,,0,20,,4977,18,,,0,74,,4978,18,,,0,24,,4979,26,,,0,75,,4980,18,,,0,30,,4981,26,,,0,65,,4982,26,,,0,20,,4983,26,,,0,67,,4984,18,,,0,35,,4985,18,,,0,66,,4986,18,,,0,34,,4987,26,,,0,65,,4988,18,,,0,36,,4989,26,,,0,76,,4990,18,,,0,101,,4991,26,,,0
700,'65031',618,,5009,18,0,5 6,0,98,,5010,18,,,0,98,,5011,26,,,0,34,,5000,18,0,5 6,0,70,,4992,26,,,0,21,,5001,18,0,5 6,0,70,,4993,18,,,0,31,,5002,18,0,5 6,0,69,,4994,18,,,0,26,,5003,18,0,5 6,0,75,,4995,18,,,0,30,,5004,18,0,5 6,0,70,,4996,18,,,0,30,,5005,18,0,5 6,0,70,,4997,18,,,0,30,,5006,18,0,5 6,0,70,,4998,18,,,0,30,,5007,18,0,5 6,0,69,,4999,18,0,5 6,0,35,,5008,18,0,5 6,0,70,,5012,18,0,5 6,0,32,,5013,18,0,5 6,0,68,,5014,26,,,0,102,,5015,26,,,0,100,,5016,26,,,0,101,,5017,26,,,0,100,,5018,26,,,0,99,,5019,26,,,0
700,'65032',618,,5037,18,0,5 6,0,98,,5038,18,,,0,98,,5039,26,,,0,34,,5028,18,0,5 6,0,70,,5020,26,,,0,21,,5029,18,0,5 6,0,70,,5021,18,,,0,31,,5030,18,0,5 6,0,69,,5022,18,,,0,26,,5031,18,0,5 6,0,75,,5023,18,,,0,30,,5032,18,0,5 6,0,70,,5024,18,,,0,30,,5033,18,0,5 6,0,70,,5025,18,,,0,30,,5034,18,0,5 6,0,70,,5026,18,,,0,30,,5035,18,0,5 6,0,69,,5027,18,0,5 6,0,35,,5036,18,0,5 6,0,70,,5040,18,0,5 6,0,32,,5041,18,0,5 6,0,68,,5042,26,,,0,102,,5043,26,,,0,100,,5044,26,,,0,101,,5045,26,,,0,100,,5046,26,,,0,99,,5047,26,,,0
800,'65030',623,,5160,16,,,1,16,,5212,16,,,1,11,,5161,16,,,1,61,,5162,16,,,1,10,,5163,16,,,1,13,,5164,16,,,1,15,,5165,16,,,1,55,,5166,16,,,1,15,,5167,16,,,1,15,,5168,16,,,1,22,,5169,16,,,1,61,,5170,16,,,1,20,,5171,16,,,1,20,,5172,16,,,1,60,,5173,16,,,1,20,,5174,16,,,1,20,,5175,16,,,1,60,,5176,16,,,1,20,,5177,16,,,1,19,,5178,16,,,1,60,,5179,16,,,1,21,,5180,16,,,1,21,,5181,16,,,1,61,,5182,16,,,1,18,,5183,16,,,1,20,,5184,16,,,1,62,,5185,16,,,1,17,,5186,16,,,1,19,,5187,16,,,1,50,,5188,16,,,1,15,,5189,16,,,1,15,,5190,16,,,1,14,,5191,16,,,1,55,,5192,16,,,1,7,,5193,16,,,1,7,,5194,16,,,1,10,,5195,16,,,1,13,,5196,16,,,1,17,,5197,16,,,1,60,,5198,16,,,1,15,,5199,16,,,1,24,,5200,16,,,1,58,,5201,16,,,1,17,,5202,16,,,1,23,,5203,16,,,1,70,,5204,16,,,1,30,,5205,16,,,1,70,,5206,16,,,1,30,,5207,16,,,1,75,,5208,16,,,1,25,,5209,16,,,1,68,,5210,16,,,1,100,,5211,16,,,1
800,'65031',623,,5229,16,,,1,101,,5230,16,,,1,29,,5231,16,,,1,69,,5232,16,,,1,19,,5233,16,,,1,71,,5213,16,,,1,30,,5214,16,,,1,69,,5215,16,,,1,30,,5216,16,,,1,69,,5217,16,,,1,30,,5218,16,,,1,70,,5219,16,,,1,30,,5220,16,,,1,70,,5221,16,,,1,30,,5222,16,,,1,70,,5223,16,,,1,30,,5224,16,,,1,70,,5225,16,,,1,31,,5226,16,,,1,71,,5227,16,,,1,29,,5228,16,,,1,70,,5234,16,,,1,32,,5235,16,,,1,70,,5242,16,,,1,22,,5236,16,,,1,65,,5243,16,,,1,23,,5237,16,,,1,100,,5238,16,,,1,100,,5239,16,,,1,100,,5240,16,,,1,100,,5241,16,,,1
800,'65032',623,,5260,16,,,1,101,,5261,16,,,1,29,,5262,16,,,1,69,,5263,16,,,1,19,,5264,16,,,1,71,,5244,16,,,1,30,,5245,16,,,1,69,,5246,16,,,1,30,,5247,16,,,1,69,,5248,16,,,1,30,,5249,16,,,1,70,,5250,16,,,1,30,,5251,16,,,1,70,,5252,16,,,1,30,,5253,16,,,1,70,,5254,16,,,1,30,,5255,16,,,1,70,,5256,16,,,1,31,,5257,16,,,1,71,,5258,16,,,1,29,,5259,16,,,1,70,,5265,16,,,1,32,,5266,16,,,1,70,,5273,16,,,1,22,,5267,16,,,1,65,,5274,16,,,1,23,,5268,16,,,1,100,,5269,16,,,1,100,,5270,16,,,1,100,,5271,16,,,1,100,,5272,16,,,1
900,'65030',707,,5387,14,,,0,14,,5388,14,,,0,84,,5389,14,,,0,30,,5390,14,,,0,66,,5395,14,,,0,20,,5394,14,,,0,80,,5396,14,,,0,20,,5402,14,,,0,79,,5397,14,,,0,20,,5403,14,,,0,38,,5398,14,,,0,60,,5404,14,,,0,40,,5399,14,,,0,62,,5405,14,,,0,80,,5400,14,,,0,20,,5406,14,,,0,25,,5420,14,,,0,62,,5401,14,,,0,21,,5407,14,,,0,25,,5408,14,,,0,66,,5409,14,,,0,20,,5410,14,,,0,65,,5411,14,,,0,30,,5412,14,,,0,76,,5415,14,,,0,25,,5413,14,,,0,78,,5414,14,,,0
900,'65031',1031,,5422,14,,,0,98,,5423,14,,,0,101,,5424,14,,,0,98,,5425,14,,,0,98,,5426,14,,,0,105,,5427,14,,,0,97,,5428,14,,,0
900,'65032',1031,,5437,14,,,0,98,,5438,14,,,0,101,,5439,14,,,0,98,,5440,14,,,0,98,,5441,14,,,0,105,,5442,14,,,0,97,,5443,14,,,0
2900,'65033',2441,,6951,14,,,0,70,,6952,14,,,0,30,,6953,14,,,0,70,,6954,14,,,0,30,,6955,14,,,0
5500,'65030',749,,7269,58,,,0,161,,7270,58,,,0,110,,7271,58,,,0,115,,7278,58,,,0,120,,7272,58,,,0,152,,7273,58,,,0,116,,7274,58,,,0,119,,7275,58,,,0,115,,7276,58,,,0,149,,7277,58,0,5 6,0
5500,'65031',844,,7284,58,,,0,111,,7286,58,,,0,150,,7285,58,,,0,110,,7283,58,,,0,113,,7282,58,,,0,110,,7281,58,,,0,112,,7280,58,,,0,106,,7279,58,0,5 6,0
5500,'65032',844,,7292,58,,,0,111,,7294,58,,,0,150,,7293,58,,,0,110,,7291,58,,,0,113,,7290,58,,,0,110,,7289,58,,,0,112,,7288,58,,,0,106,,7287,58,0,5 6,0
