201,'65030',634,,4146,2,,,0,72,,4176,2,,,0,15,,4147,2,,,0,17,,4148,2,,,0,85,,4149,2,,,0,32,,4150,2,,,0,71,,4151,2,,,0,31,,4152,2,,,0,69,,4153,2,,,0,28,,4154,2,,,0,68,,4155,2,,,0,31,,4156,2,,,0,71,,4157,2,,,0,31,,4158,2,,,0,69,,4159,2,,,0,29,,4160,2,,,0,68,,4161,2,,,0,30,,4162,2,,,0,64,,4163,2,,,0,24,,4164,2,,,0,66,,4165,2,,,0,38,,4166,2,,,0,77,,4167,2,,,0,30,,4168,2,,,0,74,,4169,2,,,0,32,,4170,2,,,0,83,,4171,2,,,0,101,,4172,2,,,0,104,,4173,2,,,0,91,,4174,2,,,0,100,,4175,2,,,0
201,'65031',735,,4185,2,,,0,97,,4186,2,,,0,72,,4177,2,,,0,100,,4178,2,,,0,52,,4179,2,,,0,97,,4180,2,,,0,105,,4181,2,,,0,100,,4182,2,,,0,101,,4183,2,,,0,141,,4184,2,,,0,28,,4187,2,,,0,103,,4188,2,,,0,101,,4189,2,,,0,101,,4190,2,,,0,100,,4191,2,,,0,100,,4192,2,,,0,100,,4193,2,,,0,100,,4194,2,,,0
201,'65032',735,,4203,2,,,0,97,,4204,2,,,0,72,,4195,2,,,0,100,,4196,2,,,0,52,,4197,2,,,0,97,,4198,2,,,0,105,,4199,2,,,0,100,,4200,2,,,0,101,,4201,2,,,0,141,,4202,2,,,0,28,,4205,2,,,0,103,,4206,2,,,0,101,,4207,2,,,0,101,,4208,2,,,0,100,,4209,2,,,0,100,,4210,2,,,0,100,,4211,2,,,0,100,,4212,2,,,0
300,'65030',634,,4213,43,,,0,12,,4269,43,,,0,13,,4214,43,,,0,56,,4215,43,,,0,15,,4216,43,,,0,11,,4217,43,,,0,10,,4218,43,,,0,49,,4219,43,,,0,9,,4220,43,,,0,12,,4221,43,,,0,10,,4222,43,,,0,13,,4223,43,,,0,12,,4224,43,,,0,54,,4270,43,,,0,15,,4225,43,,,0,20,,4226,43,,,0,60,,4227,43,,,0,20,,4228,43,,,0,20,,4229,43,,,0,60,,4230,43,,,0,20,,4231,43,,,0,20,,4232,43,,,0,61,,4233,43,,,0,21,,4234,43,,,0,20,,4235,43,,,0,60,,4236,43,,,0,20,,4237,43,,,0,20,,4238,43,,,0,60,,4239,43,,,0,20,,4240,43,,,0,20,,4241,43,,,0,55,,4242,43,,,0,15,,4243,43,,,0,15,,4245,43,,,0,15,,4251,43,,,0,12,,4246,43,,,0,50,,4247,43,,,0,10,,4248,43,,,0,10,,4249,43,,,0,10,,4250,43,,,0,20,,4252,43,,,0,55,,4253,43,,,0,15,,4254,43,,,0,13,,4255,43,,,0,59,,4256,43,,,0,19,,4257,43,,,0,20,,4258,43,,,0,60,,4259,43,,,0,25,,4260,43,,,0,29,,4261,43,,,0,70,,4262,43,,,0,31,,4267,43,,,0,65,,4263,43,,,0,20,,4264,43,,,0,61,,4265,43,,,0,37,,4266,43,,,0,70,,4244,43,,,0,30,,4268,2,,,0
300,'65031',729,,4287,43,,,0,25,,4288,43,,,0,74,,4289,43,,,0,23,,4300,43,,,0,64,,4271,43,,,0,29,,4272,43,,,0,70,,4273,43,,,0,30,,4274,43,,,0,70,,4275,43,,,0,30,,4276,43,,,0,70,,4277,43,,,0,31,,4278,43,,,0,70,,4279,43,,,0,30,,4280,43,,,0,70,,4281,43,,,0,30,,4282,43,,,0,70,,4283,43,,,0,30,,4284,43,,,0,70,,4285,43,,,0,30,,4286,43,,,0,67,,4290,43,,,0,22,,4291,43,,,0,18,,4292,43,,,0,70,,4293,43,,,0,33,,4294,43,,,0,75,,4295,43,,,0,72,,4301,43,,,0,31,,4296,43,,,0,100,,4297,43,,,0,100,,4298,43,,,0,100,,4299,43,,,0
300,'65032',729,,4318,43,,,0,25,,4319,43,,,0,74,,4320,43,,,0,23,,4331,43,,,0,64,,4302,43,,,0,29,,4303,43,,,0,70,,4304,43,,,0,30,,4305,43,,,0,70,,4306,43,,,0,30,,4307,43,,,0,70,,4308,43,,,0,31,,4309,43,,,0,70,,4310,43,,,0,30,,4311,43,,,0,70,,4312,43,,,0,30,,4313,43,,,0,70,,4314,43,,,0,30,,4315,43,,,0,70,,4316,43,,,0,30,,4317,43,,,0,67,,4321,43,,,0,22,,4322,43,,,0,18,,4323,43,,,0,70,,4324,43,,,0,33,,4325,43,,,0,75,,4326,43,,,0,72,,4332,43,,,0,31,,4327,43,,,0,100,,4328,43,,,0,100,,4329,43,,,0,100,,4330,43,,,0
401,'65030',635,,4564,2,,,0,24,,4559,34,,,0,51,,4566,2,,,0,11,,4560,34,,,0,16,,4561,34,,,0,68,,4562,34,,,0,17,,4567,2,,,0,13,,4563,34,,,0,7,,4565,2,,,0,61,,4600,34,,,0,52,,4602,2,,,0,54,,4569,34,,,0,30,,4570,34,,,0,18,,4568,2,,,0,60,,4571,34,,,0,25,,4572,34,,,0,12,,4604,2,,,0,55,,4573,34,,,0,17,,4605,2,,,0,22,,4607,2,,,0,61,,4575,34,,,0,40,,4603,2,,,0,58,,4577,34,,,0,103,,4579,34,,,0,40,,4606,2,,,0,58,,4593,2,,,0,22,,4594,2,,,0,15,,4592,34,,,0,62,,4598,2,,,0,48,,4588,34,,,0,59,,4587,34,,,0,26,,4599,34,,,0,92,,4586,34,,,0,25,,4585,34,,,0,70,,4584,34,,,0,28,,4583,34,,,0,75,,4582,34,,,0,22,,4595,2,,,0,84,,4596,2,,,0,101,,4597,2,,,0
401,'65031',705,,4625,2,,,0,26,,4626,2,,,0,74,,4627,2,,,0,23,,4623,34,,,0,77,,4624,2,,,0,47,,4615,34,,,0,70,,4608,2,,,0,29,,4616,34,,,0,70,,4609,2,,,0,30,,4617,34,,,0,70,,4610,2,,,0,30,,4618,34,,,0,71,,4611,2,,,0,29,,4619,34,,,0,72,,4612,2,,,0,28,,4620,34,,,0,72,,4613,2,,,0,28,,4621,34,,,0,71,,4614,2,,,0,29,,4622,34,,,0,74,,4631,2,,,0,23,,4637,34,,,0,61,,4628,34,,,0,20,,4629,34,,,0,103,,4632,2,,,0,100,,4633,2,,,0,100,,4634,2,,,0,100,,4635,2,,,0,100,,4636,2,,,0
401,'65032',705,,4655,2,,,0,26,,4656,2,,,0,74,,4657,2,,,0,23,,4653,34,,,0,77,,4654,2,,,0,47,,4645,34,,,0,70,,4638,2,,,0,29,,4646,34,,,0,70,,4639,2,,,0,30,,4647,34,,,0,70,,4640,2,,,0,30,,4648,34,,,0,71,,4641,2,,,0,29,,4649,34,,,0,72,,4642,2,,,0,28,,4650,34,,,0,72,,4643,2,,,0,28,,4651,34,,,0,71,,4644,2,,,0,29,,4652,34,,,0,74,,4661,2,,,0,23,,4667,34,,,0,61,,4658,34,,,0,20,,4659,34,,,0,103,,4662,2,,,0,100,,4663,2,,,0,100,,4664,2,,,0,100,,4665,2,,,0,100,,4666,2,,,0
401,'65035',758,,4668,34,,,0
500,'65030',659,,4669,2,,,0,96,,4670,2,,,0,73,,4671,2,,,0,28,,4672,2,,,0,74,,4673,2,,,0,70,,4674,2,,,0,31,,4675,2,,,0,69,,4676,2,,,0,28,,4677,2,,,0,72,,4678,2,,,0,30,,4679,2,,,0,25,,4680,2,,,0,75,,4681,2,,,0,28,,4682,2,,,0,74,,4683,2,,,0,68,,4684,2,,,0,31,,4685,2,,,0,28,,4686,2,,,0,74,,4687,2,,,0,68,,4688,2,,,0,29,,4689,2,,,0,71,,4690,2,,,0,27,,4691,2,,,0,100,,4692,2,,,0,102,,4693,2,,,0,115,,4694,2,,,0,93,,4695,2,,,0,100,,4696,2,,,0
500,'65031',843,,4704,2,,,0,107,,4697,2,,,0,98,,4698,2,,,0,100,,4699,2,,,0,100,,4700,2,,,0,101,,4701,2,,,0,100,,4702,2,,,0,100,,4703,2,,,0,101,,4705,2,,,0,153,,4706,2,,,0,27,,4707,2,,,0,107,,4709,2,,,0,100,,4708,2,,,0,100,,4711,2,,,0,100,,4710,2,,,0
500,'65032',843,,4719,2,,,0,107,,4712,2,,,0,98,,4713,2,,,0,100,,4714,2,,,0,100,,4715,2,,,0,101,,4716,2,,,0,100,,4717,2,,,0,100,,4718,2,,,0,101,,4720,2,,,0,153,,4721,2,,,0,27,,4722,2,,,0,107,,4724,2,,,0,100,,4723,2,,,0,100,,4726,2,,,0,100,,4725,2,,,0
700,'65030',635,,4944,29,,,0,75,,4946,29,,,0,21,,4947,29,,,0,24,,4949,37,,,0,48,,4950,29,,,0,19,,4952,29,,,0,17,,4954,37,,,0,16,,4955,29,,,0,67,,4963,29,,,0,26,,4970,29,,,0,77,,4964,29,,,0,22,,4971,29,,,0,78,,4965,29,,,0,23,,4972,29,,,0,79,,4966,29,,,0,23,,4973,37,,,0,79,,4967,29,,,0,20,,4974,37,,,0,78,,4968,29,,,0,21,,4975,29,,,0,59,,4962,29,,,0,21,,4969,29,,,0,23,,4976,37,,,0,62,,4977,29,,,0,38,,4978,29,,,0,62,,4979,37,,,0,35,,4980,29,,,0,65,,4981,37,,,0,25,,4982,37,,,0,20,,4983,37,,,0,67,,4984,29,,,0,34,,4985,29,,,0,65,,4986,29,,,0,34,,4987,37,,,0,65,,4988,29,,,0,35,,4989,37,,,0,76,,4990,29,,,0,100,,4991,37,,,0
700,'65031',731,,5010,29,,,0,101,,5011,37,,,0,101,,4992,37,,,0,91,,4993,29,,,0,101,,4994,29,,,0,102,,4995,29,,,0,100,,4996,29,,,0,101,,4997,29,,,0,100,,4998,29,,,0,302,,5014,37,,,0,104,,5015,37,,,0,100,,5016,37,,,0,100,,5017,37,,,0,100,,5018,37,,,0,98,,5019,37,,,0
700,'65032',731,,5038,29,,,0,101,,5039,37,,,0,101,,5020,37,,,0,91,,5021,29,,,0,101,,5022,29,,,0,102,,5023,29,,,0,100,,5024,29,,,0,101,,5025,29,,,0,100,,5026,29,,,0,302,,5042,37,,,0,104,,5043,37,,,0,100,,5044,37,,,0,100,,5045,37,,,0,100,,5046,37,,,0,98,,5047,37,,,0
901,'65030',651,,5452,32,,,0,68,,5453,32,,,0,21,,5454,32,,,0,9,,5459,2,,,0,56,,5455,32,,,0,17,,5456,32,,,0,20,,5457,32,,,0,64,,5458,32,,,0,27,,5474,32,,,0,22,,5473,32,,,0,60,,5472,32,,,0,40,,5471,32,,,0,61,,5470,32,,,0,40,,5469,32,,,0,61,,5468,32,,,0,41,,5467,32,,,0,60,,5466,32,,,0,40,,5465,32,,,0,60,,5464,32,,,0,39,,5463,32,,,0,60,,5462,32,,,0,26,,5486,32,,,0,64,,5461,32,,,0,23,,5460,32,,,0,96,,5482,32,,,0,83,,5485,32,,,0,22,,5484,32,,,0,73,,5483,32,,,0
901,'65031',1021,,5487,32,,,0,99,,5488,32,,,0,99,,5494,32,,,0,101,,5493,32,,,0,100,,5492,32,,,0,99,,5491,32,,,0,105,,5490,32,,,0,97,,5489,32,,,0
901,'65032',1021,,5503,32,,,0,99,,5504,32,,,0,99,,5510,32,,,0,101,,5509,32,,,0,100,,5508,32,,,0,99,,5507,32,,,0,105,,5506,32,,,0,97,,5505,32,,,0
1701,'65030',625,,6348,2,,,0,27,,6349,2,,,0,104,,6351,2,,,0,57,,6352,2,,,0,109,,6354,2,,,0,21,,6355,2,,,0,80,,6356,2,,,0,305,,6362,2,,,0,101,,6364,2,,,0,22,,6377,2,,,0,74,,6365,2,,,0,16,,6366,2,,,0,60,,6367,2,,,0,16,,6368,2,,,0,35,,6369,2,,,0,70,,6371,2,,,0,18,,6370,2,,,0,168,,6374,2,,,0
2000,'65030',655,,6583,2,,,0,68,,6584,2,,,0,29,,6585,2,,,0,77,,6586,2,,,0,371,,6587,2,,,0,30,,6588,2,,,0,300,,6589,2,,,0,70,,6590,2,,,0,30,,6591,2,,,0,70,,6592,2,,,0,30,,6593,2,,,0,71,,6594,2,,,0,29,,6595,2,,,0
5100,'65030',635,,7132,2,,,0,82,,7133,2,,,0,15,,7134,2,,,0,84,,7136,2,,,0,25,,7135,2,,,0,70,,7137,2,,,0,29,,7138,2,,,0,71,,7139,2,,,0,29,,7140,2,,,0,73,,7141,2,,,0,30,,7142,2,,,0,67,,7143,2,,,0,32,,7144,2,,,0,68,,7145,2,,,0,32,,7146,2,,,0,68,,7147,2,,,0,32,,7148,2,,,0,69,,7149,2,,,0,29,,7150,2,,,0,70,,7151,2,,,0,26,,7152,2,,,0,65,,7153,2,,,0,30,,7154,2,,,0,70,,7155,2,,,0,29,,7156,2,,,0,85,,7157,2,,,0,87,,7158,2,,,0,98,,7159,2,,,0,40,,7160,2,,,0,97,,7161,2,,,0
5100,'65031',834,,7173,2,,,0,92,,7175,2,,,0,99,,7174,2,,,0,100,,7176,2,,,0,100,,7172,2,,,0,100,,7171,2,,,0,100,,7170,2,,,0,100,,7169,2,,,0,100,,7168,2,,,0,110,,7167,2,,,0,100,,7162,2,,,0,100,,7164,2,,,0,100,,7165,2,,,0,100,,7166,2,,,0,100,,7163,2,,,0
5100,'65032',834,,7188,2,,,0,92,,7190,2,,,0,99,,7189,2,,,0,100,,7191,2,,,0,100,,7187,2,,,0,100,,7186,2,,,0,100,,7185,2,,,0,100,,7184,2,,,0,100,,7183,2,,,0,110,,7182,2,,,0,100,,7177,2,,,0,100,,7179,2,,,0,100,,7180,2,,,0,100,,7181,2,,,0,100,,7178,2,,,0
5501,'65030',742,,7295,42,,,0,160,,7296,42,,,0,116,,7297,42,,,0,115,,7298,42,,,0,115,,7299,42,,,0,155,,7300,42,,,0,115,,7301,42,,,0,115,,7302,42,,,0,118,,7303,42,,,0
5501,'65031',840,,7312,42,,,0,110,,7311,42,,,0,150,,7310,42,,,0,110,,7309,42,,,0,110,,7308,42,,,0,110,,7307,42,,,0,109,,7305,42,,,0
5501,'65032',840,,7320,42,,,0,110,,7319,42,,,0,150,,7318,42,,,0,110,,7317,42,,,0,110,,7316,42,,,0,110,,7315,42,,,0,109,,7313,42,,,0
