101,'65030',708,,4022,41,,,0,17,,4027,41,,,0,77,,4023,41,,,0,222,,4029,41,,,0,100,,4036,41,,,0,99,,4037,41,,,0,102,,4038,41,,,0,101,,4039,41,,,0,132,,4035,41,,,0,64,,4041,41,,,0,178,,4045,41,,,0,121,,4049,41,,,0,95,,4048,41,,,0,100,,4047,41,,,0,128,,4052,18,,,0,100,,4053,18,,,0
301,'65030',605,,4333,39,,,0,26,,4334,39,,,0,15,,4335,39,,,0,55,,4336,39,,,0,14,,4337,39,,,0,17,,4338,39,,,0,17,,4339,39,,,0,10,,4340,39,,,0,50,,4341,39,,,0,10,,4342,39,,,0,10,,4343,39,,,0,10,,4344,39,,,0,10,,4345,39,,,0,55,,4346,39,,,0,14,,4347,39,,,0,15,,4348,39,,,0,20,,4349,39,,,0,60,,4350,39,,,0,20,,4351,39,,,0,20,,4352,39,,,0,60,,4353,39,,,0,21,,4354,39,,,0,20,,4355,39,,,0,60,,4356,39,,,0,20,,4388,39,,,0,20,,4357,39,,,0,60,,4358,39,,,0,20,,4359,39,,,0,20,,4360,39,,,0,60,,4361,39,,,0,21,,4362,39,,,0,20,,4363,39,,,0,60,,4364,39,,,0,21,,4365,39,,,0,14,,4366,39,,,0,56,,4367,39,,,0,11,,4368,39,,,0,10,,4369,39,,,0,10,,4370,39,,,0,10,,4371,39,,,0,10,,4372,39,,,0,50,,4373,39,,,0,15,,4374,39,,,0,14,,4375,39,,,0,12,,4376,39,,,0,59,,4377,39,,,0,19,,4378,39,,,0,20,,4379,39,,,0,65,,4380,39,,,0,31,,4381,39,,,0,64,,4382,39,,,0,30,,4383,39,,,0,70,,4384,39,,,0,30,,4389,39,,,0,70,,4385,39,,,0,25,,4386,39,,,0,100,,4387,39,,,0
301,'65031',639,,4407,39,,,0,70,,4408,39,,,0,31,,4409,39,,,0,70,,4410,39,,,0,27,,4411,39,,,0,67,,4406,39,,,0,31,,4390,39,,,0,67,,4391,39,,,0,30,,4392,39,,,0,71,,4393,39,,,0,30,,4394,39,,,0,70,,4395,39,,,0,30,,4396,39,,,0,70,,4397,39,,,0,30,,4398,39,,,0,70,,4399,39,,,0,30,,4400,39,,,0,70,,4401,39,,,0,30,,4402,39,,,0,70,,4403,39,,,0,30,,4404,39,,,0,70,,4405,39,,,0,29,,4412,39,,,0,24,,4413,39,,,0,81,,4414,39,,,0,71,,4420,39,,,0,30,,4415,39,,,0,71,,4421,39,,,0,32,,4416,39,,,0,96,,4417,39,,,0,99,,4418,39,,,0,100,,4419,39,,,0
301,'65032',639,,4439,39,,,0,70,,4440,39,,,0,31,,4441,39,,,0,70,,4442,39,,,0,27,,4443,39,,,0,67,,4438,39,,,0,31,,4422,39,,,0,67,,4423,39,,,0,30,,4424,39,,,0,71,,4425,39,,,0,30,,4426,39,,,0,70,,4427,39,,,0,30,,4428,39,,,0,70,,4429,39,,,0,30,,4430,39,,,0,70,,4431,39,,,0,30,,4432,39,,,0,70,,4433,39,,,0,30,,4434,39,,,0,70,,4435,39,,,0,30,,4436,39,,,0,70,,4437,39,,,0,29,,4444,39,,,0,24,,4445,39,,,0,81,,4446,39,,,0,71,,4452,39,,,0,30,,4447,39,,,0,71,,4453,39,,,0,32,,4448,39,,,0,96,,4449,39,,,0,99,,4450,39,,,0,100,,4451,39,,,0
5501,'65030',813,,7295,88,,,0,113,,7296,88,,,0,116,,7297,88,,,0,158,,7298,88,,,0,114,,7299,88,,,0,115,,7300,88,,,0,115,,7301,88,,,0,159,,7302,88,,,0,113,,7303,88,,,0
5501,'65031',904,,7312,88,,,0,110,,7311,88,,,0,110,,7310,88,,,0,111,,7309,88,,,0,110,,7308,88,,,0,110,,7307,88,,,0,149,,7305,88,,,0
5501,'65032',904,,7320,88,,,0,110,,7319,88,,,0,110,,7318,88,,,0,111,,7317,88,,,0,110,,7316,88,,,0,110,,7315,88,,,0,149,,7313,88,,,0
90700,'65030',635,,7848,29,,,0
91301,'65030',2458,,7860,18,,,0
91301,'65031',2458,,7861,18,,,0
91301,'65032',2458,,7862,18,,,0
