900,'65030',708,,5387,17,,,0,15,,5388,17,,,0,84,,5389,17,,,0,30,,5390,17,,,0,65,,5395,17,,,0,20,,5394,17,,,0,80,,5396,17,,,0,20,,5402,17,,,0,79,,5397,17,,,0,20,,5403,17,,,0,38,,5398,17,,,0,60,,5404,17,,,0,40,,5399,17,,,0,62,,5405,17,,,0,80,,5400,17,,,0,20,,5406,17,,,0,25,,5420,17,,,0,63,,5401,17,,,0,21,,5407,17,,,0,25,,5408,17,,,0,66,,5409,17,,,0,20,,5410,17,,,0,65,,5411,17,,,0,30,,5412,17,,,0,76,,5415,17,,,0,25,,5413,17,,,0,77,,5414,17,,,0
900,'65031',1032,,5422,17,,,0,98,,5423,17,,,0,101,,5424,17,,,0,99,,5425,17,,,0,98,,5426,17,,,0,105,,5427,17,,,0,97,,5428,17,,,0
900,'65032',1032,,5437,17,,,0,98,,5438,17,,,0,101,,5439,17,,,0,99,,5440,17,,,0,98,,5441,17,,,0,105,,5442,17,,,0,97,,5443,17,,,0
1201,'65030',629,,5829,11,,,0,28,,5830,11,,,0,70,,5825,11,,,0,26,,5826,11,,,0,70,,5827,11,,,0,27,,5828,11,,,0,64,,5831,11,,,0,28,,5832,11,,,0,72,,5833,11,,,0,28,,5834,11,,,0,72,,5835,11,,,0,29,,5836,11,,,0,72,,5837,11,,,0,14,,5860,11,,,0,14,,5838,11,,,0,72,,5839,11,,,0,30,,5840,11,,,0,71,,5841,11,,,0,30,,5842,11,,,0,67,,5843,11,,,0,29,,5844,11,,,0,61,,5845,11,,,0,15,,5846,11,,,0,16,,5847,11,,,0,14,,5848,11,,,0,55,,5849,11,,,0,21,,5850,11,,,0,18,,5851,11,,,0,65,,5852,11,,,0,25,,5853,11,,,0,70,,5854,11,,,0,35,,5855,11,,,0,95,,5856,11,,,0,100,,5857,11,,,0,80,,5858,11,,,0,118,,5859,11,,,0
1201,'65031',735,,5869,11,,,0,100,,5870,11,,,0,118,,5861,11,,,0,100,,5862,11,,,0,100,,5863,11,,,0,100,,5864,11,,,0,100,,5865,11,,,0,99,,5866,11,,,0,101,,5867,11,,,0,98,,5868,11,,,0,86,,5871,11,,,0,100,,5872,11,,,0,100,,5873,11,,,0,100,,5874,11,,,0,100,,5875,11,,,0
1201,'65032',735,,5884,11,,,0,100,,5885,11,,,0,118,,5876,11,,,0,100,,5877,11,,,0,100,,5878,11,,,0,100,,5879,11,,,0,100,,5880,11,,,0,99,,5881,11,,,0,101,,5882,11,,,0,98,,5883,11,,,0,86,,5886,11,,,0,100,,5887,11,,,0,100,,5888,11,,,0,100,,5889,11,,,0,100,,5890,11,,,0
1201,'65035',1613,,5891,11,,,0
5701,'65030',932,,7340,55,,,0,120,,7341,55,,,0,106,,7342,55,,,0,159,,7343,55,,,0,105,,7344,55,,,0,120,,7345,55,,,0,105,,7346,55,,,0
5701,'65031',1145,,7352,55,,,0,102,,7351,55,,,0,153,,7350,55,,,0,102,,7349,55,,,0,111,,7348,55,,,0
5701,'65032',1145,,7358,55,,,0,102,,7357,55,,,0,153,,7356,55,,,0,102,,7355,55,,,0,111,,7354,55,,,0
91201,'65030',2240,,7854,11,,,0,100,,7855,11,,,0
91201,'65031',2233,,7856,11,,,0,100,,7857,11,,,0
91201,'65032',2233,,7858,11,,,0,100,,7859,11,,,0
