300,'65040',600,,8132,2,,,0,25,,8133,2,,,0,15,,8134,2,,,0,16,,8135,2,,,0,52,,8136,2,,,0,13,,8137,2,,,0,16,,8138,2,,,0,15,,8139,2,,,0,52,,8140,2,,,0,17,,8141,2,,,0,20,,8142,2,,,0,60,,8143,2,,,0,19,,8144,2,,,0,20,,8145,2,,,0,60,,8146,2,,,0,20,,8147,2,,,0,20,,8148,2,,,0,60,,8149,2,,,0,20,,8150,2,,,0,16,,8151,2,,,0,21,,8152,2,,,0,60,,8153,2,,,0,20,,8154,2,,,0,20,,8155,2,,,0,61,,8156,2,,,0,20,,8157,2,,,0,16,,8158,2,,,0,53,,8159,2,,,0,17,,8181,2,,,0,15,,8160,2,,,0,15,,8161,2,,,0,52,,8162,2,,,0,20,,8163,2,,,0,15,,8164,2,,,0,60,,8165,2,,,0,25,,8166,2,,,0,25,,8167,2,,,0,71,,8168,2,,,0,23,,8169,2,,,0,61,,8170,2,,,0,20,,8171,2,,,0,25,,8172,2,,,0,69,,8173,2,,,0,34,,8174,2,,,0,67,,8175,2,,,0,28,,8180,2,,,0,61,,8176,2,,,0,20,,8177,2,,,0,77,,8178,2,,,0
300,'65041',657,,8198,2,,,0,60,,8199,2,,,0,28,,8200,2,,,0,69,,8211,2,,,0,29,,8182,2,,,0,70,,8183,2,,,0,29,,8184,2,,,0,70,,8185,2,,,0,30,,8186,2,,,0,70,,8187,2,,,0,30,,8188,2,,,0,69,,8189,2,,,0,30,,8190,2,,,0,70,,8191,2,,,0,29,,8192,2,,,0,70,,8193,2,,,0,29,,8194,2,,,0,70,,8195,2,,,0,30,,8196,2,,,0,70,,8197,2,,,0,31,,8201,2,,,0,15,,8202,2,,,0,59,,8203,2,,,0,32,,8204,2,,,0,74,,8205,2,,,0,38,,8206,2,,,0,71,,8212,2,,,0,30,,8207,2,,,0,141,,8208,2,,,0,100,,8209,2,,,0,100,,8210,2,,,0
300,'65042',657,,8229,2,,,0,60,,8230,2,,,0,28,,8231,2,,,0,69,,8242,2,,,0,29,,8213,2,,,0,70,,8214,2,,,0,29,,8215,2,,,0,70,,8216,2,,,0,30,,8217,2,,,0,70,,8218,2,,,0,30,,8219,2,,,0,69,,8220,2,,,0,30,,8221,2,,,0,70,,8222,2,,,0,29,,8223,2,,,0,70,,8224,2,,,0,29,,8225,2,,,0,70,,8226,2,,,0,30,,8227,2,,,0,70,,8228,2,,,0,31,,8232,2,,,0,15,,8233,2,,,0,59,,8234,2,,,0,32,,8235,2,,,0,74,,8236,2,,,0,38,,8237,2,,,0,71,,8243,2,,,0,30,,8238,2,,,0,141,,8239,2,,,0,100,,8240,2,,,0,100,,8241,2,,,0
1101,'65040',630,,9472,24,0,54,0,20,,9436,24,,,0,74,,9437,24,,,0,30,,9459,24,0,54,0,74,,9438,24,,,0,18,,9460,24,0,54,0,71,,9461,24,0,54,0,27,,9439,24,,,0,70,,9462,24,0,54,0,30,,9440,24,,,0,80,,9463,24,0,54,0,20,,9441,24,,,0,79,,9473,2,0,54,0,20,,9442,24,,,0,80,,9464,2,0,54,0,23,,9443,24,,,0,70,,9465,2,0,54,0,29,,9444,24,,,0,69,,9445,24,,,0,30,,9446,24,,,0,14,,9466,2,0,54,0,55,,9447,24,,,0,31,,9448,24,,,0,71,,9449,24,,,0,16,,9475,24,0,54,0,14,,9450,24,,,0,71,,9451,24,,,0,30,,9467,24,0,54,0,69,,9452,24,,,0,30,,9476,2,0,54,0,70,,9453,24,,,0,29,,9468,2,0,54,0,15,,9471,24,0,54,0,66,,9454,24,,,0,12,,9469,2,0,54,0,13,,9470,2,0,54,0,74,,9455,24,,,0,105,,9456,24,,,0,75,,9474,24,0,54,0
1101,'65041',813,,9494,24,,,0,29,,9477,2,,,0,85,,9486,24,0,54,0,30,,9478,24,,,0,70,,9487,24,0,54,0,29,,9479,24,,,0,69,,9488,24,0,54,0,30,,9480,24,,,0,70,,9489,24,0,54,0,30,,9481,24,,,0,69,,9490,24,0,54,0,30,,9482,24,,,0,70,,9491,24,0,54,0,29,,9483,24,,,0,70,,9492,24,0,54,0,30,,9484,24,,,0,70,,9493,24,0,54,0,30,,9485,24,,,0,62,,9497,24,0,54,0,24,,9498,24,,,0,68,,9499,24,0,54,0,17,,9500,24,,,0,100,,9501,24,,,0,100,,9502,24,,,0,99,,9503,24,,,0,99,,9504,24,,,0,100,,9505,24,,,0,100,,9506,24,0,54,0
1101,'65042',813,,9524,24,,,0,29,,9507,2,,,0,85,,9516,24,0,54,0,30,,9508,24,,,0,70,,9517,24,0,54,0,29,,9509,24,,,0,69,,9518,24,0,54,0,30,,9510,24,,,0,70,,9519,24,0,54,0,30,,9511,24,,,0,69,,9520,24,0,54,0,30,,9512,24,,,0,70,,9521,24,0,54,0,29,,9513,24,,,0,70,,9522,24,0,54,0,30,,9514,24,,,0,70,,9523,24,0,54,0,30,,9515,24,,,0,62,,9527,24,0,54,0,24,,9528,24,,,0,68,,9529,24,0,54,0,17,,9530,24,,,0,100,,9531,24,,,0,100,,9532,24,,,0,99,,9533,24,,,0,99,,9534,24,,,0,100,,9535,24,,,0,100,,9536,24,0,54,0
1701,'65040',642,,10123,2,,,0,112,,10124,2,,,0,100,,10125,23,,,0,103,,10126,2,,,0,86,,10127,2,,,0,102,,10128,2,,,0,100,,10129,2,,,0,101,,10130,2,,,0,94,,10131,2,,,0,93,,10132,23,,,0,85,,10133,23,,,0,86,,10134,2,,,0,26,,10135,2,,,0,72,,10136,23,,,0,31,,10137,23,,,0,71,,10138,23,,,0,45,,10139,23,,,0,70,,10140,2,,,0,99,,10141,2,,,0,92,,10142,2,0,7 62,0
1701,'65041',824,,10151,2,,,0,98,,10143,2,,,0,100,,10144,2,,,0,95,,10145,2,,,0,100,,10146,2,,,0,100,,10147,2,,,0,100,,10148,2,,,0,100,,10149,2,,,0,99,,10150,2,,,0,102,,10152,2,,,0,94,,10153,2,,,0,102,,10154,2,,,0,100,,10155,2,,,0,100,,10156,2,,,0
1701,'65042',824,,10165,2,,,0,98,,10157,2,,,0,100,,10158,2,,,0,95,,10159,2,,,0,100,,10160,2,,,0,100,,10161,2,,,0,100,,10162,2,,,0,100,,10163,2,,,0,99,,10164,2,,,0,102,,10166,2,,,0,94,,10167,2,,,0,102,,10168,2,,,0,100,,10169,2,,,0,100,,10170,2,,,0
2601,'65040',634,,10606,2,,,2,17,,10593,2,,,2,70,,10592,2,,,2,30,,10590,2,,,2,70,,10594,2,,,2,31,,10591,2,,,2,598,,10596,2,,,2,70,,10595,2,,,2,29,,10598,2,,,2,70,,10597,2,,,2,31,,10601,2,,,2,70,,10599,2,,,2,30,,10600,2,,,2,70,,10604,2,,,2,31,,10603,2,,,2,69,,10605,2,,,2,31,,10602,2,,,2
3601,'65040',634,,10695,2,,,2,19,,10682,2,,,2,69,,10689,2,,,2,30,,10680,2,,,2,70,,10694,2,,,2,24,,10681,2,,,2,60,,10685,2,,,2,100,,10684,2,,,2,100,,10683,2,,,2,100,,10688,2,,,2,100,,10686,2,,,2,45,,10691,2,,,2,85,,10687,2,,,2,69,,10693,2,,,2,30,,10690,2,,,2,71,,10692,2,,,2,30,,10704,2,,,2,70,,10697,2,,,2,30,,10696,2,,,2,85,,10699,2,,,2,101,,10698,2,,,2,100,,10700,2,,,2,104,,10701,2,,,2,85,,10703,2,,,2,46,,10702,2,,,2
5001,'65040',653,,10766,2,,,2,67,,10782,2,0,31 32,2,29,,10767,2,,,2,71,,10786,2,0,31 32,2,31,,10768,2,,,2,75,,10790,2,,,2,76,,10777,2,,,2,99,,10773,2,,,2,100,,10778,2,,,2,100,,10774,2,,,2,100,,10779,2,,,2,100,,10787,2,0,31 32,2,35,,10771,2,,,2,81,,10785,2,0,31 32,2,29,,10769,2,,,2,70,,10784,2,0,31 32,2,30,,10772,2,,,2,70,,10783,2,0,31 32,2,30,,10770,2,,,2,56,,10780,2,,,2,48,,10775,2,,,2,86,,10789,2,,,2,86,,10781,2,,,2,86,,10776,2,,,2,47,,10788,2,,,2
5001,'65041',851,,10804,2,,,2,106,,10805,2,,,2,100,,10806,2,,,2,100,,10803,2,,,2,100,,10802,2,,,2,99,,10801,2,,,2,100,,10800,2,,,2,100,,10799,2,,,2,95,,10798,2,,,2,93,,10796,2,,,2,97,,10797,2,,,2,89,,10794,2,,,2,92,,10795,2,,,2,91,,10793,2,,,2,94,,10792,2,,,2,94,,10791,2,,,2
5001,'65042',851,,10820,2,,,2,106,,10821,2,,,2,100,,10822,2,,,2,100,,10819,2,,,2,100,,10818,2,,,2,99,,10817,2,,,2,100,,10816,2,,,2,100,,10815,2,,,2,95,,10814,2,,,2,93,,10812,2,,,2,97,,10813,2,,,2,89,,10810,2,,,2,92,,10811,2,,,2,91,,10809,2,,,2,94,,10808,2,,,2,94,,10807,2,,,2
44901,'65040',1526,,11093,9,,,2,105,,11090,9,,,2,25,,11092,9,,,2,75,,11091,9,,,2
90300,'65040',2252,,11467,2,,,0,100,,11469,2,0,63,0,58,,11468,2,,,0
90300,'65041',2352,,11470,2,0,63,0,59,,11471,2,,,0
90300,'65042',2352,,11472,2,0,63,0,59,,11473,2,,,0
91701,'65040',2353,,11527,2,,,0
91801,'65040',2254,,11532,7,,,0
91801,'65041',2153,,11534,7,,,0,157,,11535,7,,,0
91801,'65042',2153,,11537,7,,,0,157,,11538,7,,,0
