101,'65030',710,,4022,46,,,0,17,,4027,46,,,0,77,,4023,46,,,0,223,,4029,46,,,0,100,,4036,46,,,0,99,,4037,46,,,0,102,,4038,46,,,0,101,,4039,46,,,0,172,,4035,46,,,0,24,,4041,46,,,0,177,,4045,46,,,0,121,,4049,46,,,0,95,,4048,46,,,0,100,,4047,46,,,0,128,,4052,23,,,0,100,,4053,23,,,0
301,'65030',607,,4333,44,,,0,26,,4334,44,,,0,15,,4335,44,,,0,55,,4336,44,,,0,14,,4337,44,,,0,17,,4338,44,,,0,17,,4339,44,,,0,50,,4340,44,,,0,10,,4341,44,,,0,10,,4342,44,,,0,10,,4343,44,,,0,10,,4344,44,,,0,10,,4345,44,,,0,55,,4346,44,,,0,14,,4347,44,,,0,15,,4348,44,,,0,20,,4349,44,,,0,60,,4350,44,,,0,20,,4351,44,,,0,20,,4352,44,,,0,61,,4353,44,,,0,21,,4354,44,,,0,20,,4355,44,,,0,60,,4356,44,,,0,20,,4388,44,,,0,20,,4357,44,,,0,60,,4358,44,,,0,20,,4359,44,,,0,20,,4360,44,,,0,60,,4361,44,,,0,21,,4362,44,,,0,20,,4363,44,,,0,60,,4364,44,,,0,21,,4365,44,,,0,14,,4366,44,,,0,56,,4367,44,,,0,11,,4368,44,,,0,10,,4369,44,,,0,10,,4370,44,,,0,10,,4371,44,,,0,50,,4372,44,,,0,10,,4373,44,,,0,15,,4374,44,,,0,13,,4375,44,,,0,12,,4376,44,,,0,59,,4377,44,,,0,19,,4378,44,,,0,20,,4379,44,,,0,65,,4380,44,,,0,31,,4381,44,,,0,64,,4382,44,,,0,30,,4383,44,,,0,70,,4384,44,,,0,30,,4389,44,,,0,70,,4385,44,,,0,25,,4386,44,,,0,100,,4387,44,,,0
301,'65031',641,,4407,44,,,0,70,,4408,44,,,0,31,,4409,44,,,0,70,,4410,44,,,0,27,,4411,44,,,0,67,,4406,44,,,0,31,,4390,44,,,0,67,,4391,44,,,0,30,,4392,44,,,0,71,,4393,44,,,0,30,,4394,44,,,0,70,,4395,44,,,0,30,,4396,44,,,0,70,,4397,44,,,0,30,,4398,44,,,0,70,,4399,44,,,0,30,,4400,44,,,0,70,,4401,44,,,0,30,,4402,44,,,0,70,,4403,44,,,0,30,,4404,44,,,0,70,,4405,44,,,0,29,,4412,44,,,0,24,,4413,44,,,0,81,,4414,44,,,0,71,,4420,44,,,0,30,,4415,44,,,0,71,,4421,44,,,0,32,,4416,44,,,0,96,,4417,44,,,0,99,,4418,44,,,0,100,,4419,44,,,0
301,'65032',641,,4439,44,,,0,70,,4440,44,,,0,31,,4441,44,,,0,70,,4442,44,,,0,27,,4443,44,,,0,67,,4438,44,,,0,31,,4422,44,,,0,67,,4423,44,,,0,30,,4424,44,,,0,71,,4425,44,,,0,30,,4426,44,,,0,70,,4427,44,,,0,30,,4428,44,,,0,70,,4429,44,,,0,30,,4430,44,,,0,70,,4431,44,,,0,30,,4432,44,,,0,70,,4433,44,,,0,30,,4434,44,,,0,70,,4435,44,,,0,30,,4436,44,,,0,70,,4437,44,,,0,29,,4444,44,,,0,24,,4445,44,,,0,81,,4446,44,,,0,71,,4452,44,,,0,30,,4447,44,,,0,71,,4453,44,,,0,32,,4448,44,,,0,96,,4449,44,,,0,99,,4450,44,,,0,100,,4451,44,,,0
5501,'65030',817,,7295,95,,,0,112,,7296,95,,,0,116,,7297,95,,,0,158,,7298,95,,,0,114,,7299,95,,,0,115,,7300,95,,,0,115,,7301,95,,,0,160,,7302,95,,,0,112,,7303,95,,,0
5501,'65031',907,,7312,95,,,0,110,,7311,95,,,0,110,,7310,95,,,0,111,,7309,95,,,0,110,,7308,95,,,0,110,,7307,95,,,0,149,,7305,95,,,0
5501,'65032',907,,7320,95,,,0,110,,7319,95,,,0,110,,7318,95,,,0,111,,7317,95,,,0,110,,7316,95,,,0,110,,7315,95,,,0,149,,7313,95,,,0
5701,'65030',948,,7340,88,,,0,160,,7341,88,,,0,107,,7342,88,,,0,118,,7343,88,,,0,105,,7344,88,,,0,120,,7345,88,,,0,145,,7346,88,,,0
5701,'65031',1201,,7352,88,,,0,102,,7351,88,,,0,113,,7350,88,,,0,102,,7349,88,,,0,111,,7348,88,,,0
5701,'65032',1201,,7358,88,,,0,102,,7357,88,,,0,113,,7356,88,,,0,102,,7355,88,,,0,111,,7354,88,,,0
90700,'65030',637,,7848,34,,,0
91301,'65030',2459,,7860,23,,,0
91301,'65031',2459,,7861,23,,,0
91301,'65032',2459,,7862,23,,,0
