60101,'65030',535,,7493,1,,,0,66,,7494,1,,,0,18,,7495,1,,,0,11,,7496,1,,,0,12,,7497,1,,,0,9,,7498,1,,,0,49,,7499,1,,,0,5,,7500,1,,,0,350,,7501,1,,,0,64,,7502,1,,,0,15,,7503,1,,,0,19,,7504,1,,,0,59,,7505,1,,,0,26,,7506,1,,,0,6,,7507,1,,,0,56,,7508,1,,,0,15,,7509,1,,,0,24,,7510,1,,,0,17,,7511,1,,,0,45,,7512,1,,,0,16,,7513,1,,,0,29,,7514,1,,,0,59,,7515,1,,,0,5,,7516,1,,,0,4,,7517,1,,,0,23,,7518,1,,,0,18,,7519,1,,,0,85,,7520,1,,,0,61,,7492,1,,,0
60101,'65031',605,,7522,1,,,0,26,,7523,1,,,0,96,,7524,1,,,0,6,,7525,1,,,0,78,,7526,1,,,0,340,,7527,1,,,0,255,,7528,1,,,0,26,,7529,1,,,0,89,,7530,1,,,0,85,,7531,1,,,0,15,,7532,1,,,0,11,,7533,1,,,0,19,,7534,1,,,0,353,,7521,1,,,0
60101,'65032',605,,7536,1,,,0,26,,7537,1,,,0,96,,7538,1,,,0,6,,7539,1,,,0,78,,7540,1,,,0,340,,7541,1,,,0,255,,7542,1,,,0,26,,7543,1,,,0,89,,7544,1,,,0,85,,7545,1,,,0,15,,7546,1,,,0,11,,7547,1,,,0,19,,7548,1,,,0,353,,7535,1,,,0
60200,'65030',525,,7550,1,,,0,9,,7551,1,,,0,21,,7552,1,,,0,53,,7553,1,,,0,8,,7554,1,,,0,16,,7555,1,,,0,8,,7556,1,,,0,6,,7557,1,,,0,55,,7558,1,,,0,4,,7559,1,,,0,31,,7560,1,,,0,172,,7561,1,,,0,135,,7562,1,,,0,75,,7563,1,,,0,17,,7564,1,,,0,78,,7565,1,,,0,14,,7566,1,,,0,6,,7567,1,,,0,12,,7568,1,,,0,7,,7569,1,,,0,68,,7570,1,,,0,88,,7571,1,,,0,102,,7572,1,,,0,7,,7573,1,,,0,9,,7574,1,,,0,5,,7575,1,,,0,6,,7576,1,,,0,4,,7577,1,,,0,5,,7578,1,,,0,7,,7549,1,,,0
60200,'65031',648,,7579,1,,,0,411,,7580,1,,,0,383,,7581,1,,,0,76,,7582,1,,,0,190,,7583,1,,,0,96,,7584,1,,,0
60200,'65032',648,,7585,1,,,0,411,,7586,1,,,0,383,,7587,1,,,0,76,,7588,1,,,0,190,,7589,1,,,0,96,,7590,1,,,0
60300,'65030',544,,7637,1,,,0,6,,7638,1,,,0,9,,7639,1,,,0,67,,7640,1,,,0,76,,7641,1,,,0,350,,7642,1,,,0,54,,7643,1,,,0,11,,7644,1,,,0,94,,7645,1,,,0,20,,7646,1,,,0,14,,7647,1,,,0,6,,7648,1,,,0,50,,7649,1,,,0,50,,7650,1,,,0,65,,7651,1,,,0,21,,7652,1,,,0,9,,7653,1,,,0,5,,7654,1,,,0,8,,7655,1,,,0,66,,7656,1,,,0,8,,7657,1,,,0,17,,7658,1,,,0,355,,7659,1,,,0,44,,7660,1,,,0
60300,'65031',804,,7661,1,,,0,36,,7662,1,,,0,401,,7663,1,,,0,86,,7664,1,,,0,223,,7665,1,,,0,88,,7666,1,,,0,18,,7667,1,,,0,88,,7668,1,,,0
60300,'65032',804,,7669,1,,,0,36,,7670,1,,,0,401,,7671,1,,,0,86,,7672,1,,,0,223,,7673,1,,,0,88,,7674,1,,,0,18,,7675,1,,,0,88,,7676,1,,,0
60400,'65030',544,,7721,1,,,0,68,,7722,1,,,0,105,,7723,1,,,0,533,,7724,1,,,0,173,,7725,1,,,0,32,,7726,1,,,0,82,,7719,1,,,0,16,,7720,1,,,0
60500,'65030',543,,7739,1,,,0,12,,7740,1,,,0,53,,7741,1,,,0,93,,7742,1,,,0,12,,7743,1,,,0,21,,7744,1,,,0,272,,7745,1,,,0,38,,7746,1,,,0,80,,7747,1,,,0,820,,7738,1,,,0
60500,'65031',557,,7748,1,,,0,97,,7749,1,,,0,173,,7750,1,,,0
60500,'65032',557,,7751,1,,,0,97,,7752,1,,,0,173,,7753,1,,,0
60600,'65030',613,,7777,1,,,0,35,,7778,1,,,0,674,,7779,1,,,0,129,,7776,1,,,0
60600,'65031',1636,,7780,1,,,0
60600,'65032',1636,,7781,1,,,0
60701,'65030',547,,7795,1,,,0,66,,7796,1,,,0,328,,7797,1,,,0,300,,7798,1,,,0,193,,7799,1,,,0,69,,7794,1,,,0
60800,'65030',609,,7801,1,,,0,123,,7802,1,,,0,703,,7803,1,,,0,69,,7800,1,,,0
