100,'65040',858,,7922,25,,,0,100,,7923,25,,,0,100,,7924,25,,,0,99,,7925,25,,,0,100,,7926,25,,,0,100,,7927,25,,,0,293,,7928,25,,,0,67,,7929,25,,,0,31,,7930,25,,,0,192,,7931,25,,,0,105,,7932,25,,,0,89,,7933,25,,,0,90,,7934,25,0,5 6 2 68,0,101,,7935,25,0,5 6 2 68,0
100,'65041',1736,,7951,25,0,5 6 2 68,0
100,'65042',1736,,7962,25,0,5 6 2 68,0
101,'65040',655,,7964,22,,,0,60,,7965,22,,,0,22,,7966,22,,,0,20,,7977,22,0,5 6 2 65,0,74,,7978,22,0,5 6 2 65,0,95,,7967,22,,,0,100,,7968,22,,,0,100,,7969,22,,,0,99,,7970,22,,,0,100,,7971,22,,,0,100,,7972,22,,,0,78,,7979,22,0,5 6 2 65,0,30,,7980,22,0,5 6 2 65,0,26,,7973,22,,,0,73,,7981,22,0,5 6 2 65,0,27,,7982,22,0,5 6 2 65,0,59,,7983,22,0,5 6 2 65,0,25,,7976,22,,,0,70,,7985,22,0,5 6 2 65,0,105,,7984,22,0,5 6 2 65,0,86,,7975,22,,,0,105,,7974,22,,,0,49,,7986,22,0,5 6 2 65,0
101,'65041',818,,7998,22,0,5 6 2 65,0,121,,7989,22,0,5 6 2 65,0,101,,7990,22,0,5 6 2 65,0,100,,7991,22,0,5 6 2 65,0,100,,7992,22,0,5 6 2 65,0,99,,7993,22,0,5 6 2 65,0,99,,7994,22,0,5 6 2 65,0,101,,7995,22,0,5 6 2 65,0,101,,7996,22,0,5 6 2 65,0,82,,7997,22,0,5 6 2 65,0,95,,7999,22,0,5 6 2 65,0
101,'65042',818,,8009,22,0,5 6 2 65,0,121,,8000,22,0,5 6 2 65,0,101,,8001,22,0,5 6 2 65,0,100,,8002,22,0,5 6 2 65,0,100,,8003,22,0,5 6 2 65,0,99,,8004,22,0,5 6 2 65,0,99,,8005,22,0,5 6 2 65,0,101,,8006,22,0,5 6 2 65,0,101,,8007,22,0,5 6 2 65,0,82,,8008,22,0,5 6 2 65,0,95,,8010,22,0,5 6 2 65,0
300,'65040',623,,8132,40,,,0,25,,8133,40,,,0,56,,8134,40,,,0,18,,8135,40,,,0,12,,8136,40,,,0,14,,8137,40,,,0,56,,8138,40,,,0,15,,8139,40,,,0,13,,8140,40,,,0,17,,8141,40,,,0,60,,8142,40,,,0,20,,8143,40,,,0,21,,8144,40,,,0,60,,8145,40,,,0,20,,8146,40,,,0,20,,8147,40,,,0,60,,8148,40,,,0,20,,8149,40,,,0,20,,8150,40,,,0,58,,8151,40,,,0,22,,8152,40,,,0,20,,8153,40,,,0,60,,8154,40,,,0,20,,8155,40,,,0,20,,8156,40,,,0,60,,8157,40,,,0,15,,8158,40,,,0,13,,8159,40,,,0,17,,8181,40,,,0,55,,8160,40,,,0,15,,8161,40,,,0,14,,8162,40,,,0,62,,8163,40,,,0,15,,8164,40,,,0,20,,8165,40,,,0,65,,8166,40,,,0,25,,8167,40,,,0,29,,8168,40,,,0,60,,8169,40,,,0,19,,8170,40,,,0,20,,8171,40,,,0,65,,8172,40,,,0,28,,8173,40,,,0,73,,8174,40,,,0,27,,8175,40,,,0,67,,8180,40,,,0,20,,8176,40,,,0,20,,8177,40,,,0,77,,8178,40,,,0
300,'65041',719,,8198,40,,,0,20,,8199,40,,,0,71,,8200,40,,,0,28,,8211,40,,,0,71,,8182,40,,,0,30,,8183,40,,,0,70,,8184,40,,,0,30,,8185,40,,,0,70,,8186,40,,,0,31,,8187,40,,,0,70,,8188,40,,,0,30,,8189,40,,,0,70,,8190,40,,,0,30,,8191,40,,,0,69,,8192,40,,,0,31,,8193,40,,,0,70,,8194,40,,,0,30,,8195,40,,,0,70,,8196,40,,,0,30,,8197,40,,,0,70,,8201,40,,,0,15,,8202,40,,,0,18,,8203,40,,,0,72,,8204,40,,,0,34,,8205,40,,,0,76,,8206,40,,,0,31,,8212,40,,,0,70,,8207,40,,,0,100,,8208,40,,,0,100,,8209,40,,,0,98,,8210,40,,,0
300,'65042',719,,8229,40,,,0,20,,8230,40,,,0,71,,8231,40,,,0,28,,8242,40,,,0,71,,8213,40,,,0,30,,8214,40,,,0,70,,8215,40,,,0,30,,8216,40,,,0,70,,8217,40,,,0,31,,8218,40,,,0,70,,8219,40,,,0,30,,8220,40,,,0,70,,8221,40,,,0,30,,8222,40,,,0,69,,8223,40,,,0,31,,8224,40,,,0,70,,8225,40,,,0,30,,8226,40,,,0,70,,8227,40,,,0,30,,8228,40,,,0,70,,8232,40,,,0,15,,8233,40,,,0,18,,8234,40,,,0,72,,8235,40,,,0,34,,8236,40,,,0,76,,8237,40,,,0,31,,8243,40,,,0,70,,8238,40,,,0,100,,8239,40,,,0,100,,8240,40,,,0,98,,8241,40,,,0
401,'65040',649,,8456,31,,,0,61,,8457,31,,,0,17,,8458,31,,,0,75,,8459,31,,,0,34,,8460,31,,,0,22,,8461,31,,,0,74,,8462,31,,,0,91,,8463,31,,,0,99,,8464,31,,,0,100,,8480,31,,,0,100,,8479,31,,,0,80,,8478,31,,,0,106,,8477,31,0,5 6 2 70,0,24,,8476,31,,,0,70,,8475,31,,,0,30,,8474,31,,,0,69,,8473,31,,,0,19,,8472,31,,,0,31,,8471,31,,,0,74,,8470,31,,,0,80,,8469,31,,,0,45,,8468,31,,,0,69,,8467,31,,,0,31,,8466,31,,,0,72,,8465,31,,,0,92,,8481,31,0,5 6 2 70,0
401,'65041',821,,8516,31,,,0,38,,8530,31,,,0,85,,8508,31,,,0,100,,8509,31,,,0,100,,8510,31,,,0,100,,8511,31,,,0,101,,8512,31,,,0,100,,8513,31,,,0,100,,8514,31,,,0,100,,8515,31,,,0,99,,8529,31,,,0,61,,8520,31,,,0,22,,8521,31,,,0
401,'65042',821,,8547,31,,,0,38,,8561,31,,,0,85,,8539,31,,,0,100,,8540,31,,,0,100,,8541,31,,,0,100,,8542,31,,,0,101,,8543,31,,,0,100,,8544,31,,,0,100,,8545,31,,,0,100,,8546,31,,,0,99,,8560,31,,,0,61,,8551,31,,,0,22,,8552,31,,,0
700,'65040',627,,8806,26,,,0,18,,8841,26,0,5 6 2 69,0,57,,8807,26,,,0,23,,8808,34,,,0,15,,8842,26,0,5 6 2 69,0,60,,8809,34,,,0,11,,8843,26,0,5 6 2 69,0,18,,8810,26,,,0,16,,8844,26,0,5 6 2 69,0,59,,8811,34,,,0,23,,8812,26,,,0,25,,8813,26,,,0,57,,8845,26,0,5 6 2 69,0,24,,8814,26,,,0,18,,8815,26,,,0,60,,8846,34,0,5 6 2 69,0,20,,8816,34,,,0,20,,8817,34,,,0,53,,8847,26,0,5 6 2 69,0,23,,8818,26,,,0,24,,8819,34,,,0,55,,8848,26,0,5 6 2 69,0,21,,8820,26,,,0,23,,8821,34,,,0,56,,8822,26,,,0,21,,8823,26,,,0,26,,8824,34,,,0,57,,8825,26,,,0,20,,8826,26,,,0,27,,8827,26,,,0,59,,8828,26,,,0,28,,8829,26,,,0,59,,8849,34,0,5 6 2 69,0,17,,8830,34,,,0,26,,8831,26,,,0,73,,8832,34,,,0,28,,8833,26,,,0,68,,8834,26,,,0,31,,8835,26,,,0,74,,8836,26,,,0,25,,8837,26,,,0,70,,8838,26,,,0,41,,8839,34,,,0,69,,8840,26,,,0,104,,8850,34,,,0
700,'65041',619,,8865,26,0,5 6 2 69,0,103,,8866,26,,,0,98,,8877,34,,,0,24,,8876,26,0,5 6 2 69,0,71,,8878,26,,,0,30,,8875,26,0,5 6 2 69,0,70,,8851,26,,,0,30,,8858,26,0,5 6 2 69,0,70,,8852,26,,,0,31,,8859,26,0,5 6 2 69,0,70,,8853,26,,,0,30,,8860,26,0,5 6 2 69,0,70,,8854,26,,,0,30,,8861,26,0,5 6 2 69,0,70,,8855,26,,,0,30,,8862,26,0,5 6 2 69,0,70,,8856,26,,,0,30,,8863,26,0,5 6 2 69,0,70,,8857,26,0,5 6 2 69,0,30,,8864,26,0,5 6 2 69,0,70,,8867,26,0,5 6 2 69,0,30,,8868,26,0,5 6 2 69,0,82,,8872,34,,,0,95,,8874,26,,,0,100,,8873,34,,,0,100,,8869,34,,,0,100,,8870,34,,,0,98,,8871,34,,,0
700,'65042',619,,8893,26,0,5 6 2 69,0,103,,8894,26,,,0,98,,8905,34,,,0,24,,8904,26,0,5 6 2 69,0,71,,8906,26,,,0,30,,8903,26,0,5 6 2 69,0,70,,8879,26,,,0,30,,8886,26,0,5 6 2 69,0,70,,8880,26,,,0,31,,8887,26,0,5 6 2 69,0,70,,8881,26,,,0,30,,8888,26,0,5 6 2 69,0,70,,8882,26,,,0,30,,8889,26,0,5 6 2 69,0,70,,8883,26,,,0,30,,8890,26,0,5 6 2 69,0,70,,8884,26,,,0,30,,8891,26,0,5 6 2 69,0,70,,8885,26,0,5 6 2 69,0,30,,8892,26,0,5 6 2 69,0,70,,8895,26,0,5 6 2 69,0,30,,8896,26,0,5 6 2 69,0,82,,8900,34,,,0,95,,8902,26,,,0,100,,8901,34,,,0,100,,8897,34,,,0,100,,8898,34,,,0,98,,8899,34,,,0
901,'65040',628,,9312,29,0,5 6 2 71,0,81,,9289,29,,,0,25,,9290,29,,,0,70,,9291,29,,,0,30,,9302,29,0,5 6 2 71,0,85,,9292,29,,,0,100,,9293,29,,,0,100,,9294,29,,,0,102,,9295,29,,,0,31,,9296,29,,,0,101,,9297,29,,,0,100,,9298,29,,,0,70,,9299,29,,,0,28,,9300,29,,,0,71,,9311,29,0,5 6 2 71,0,32,,9310,29,0,5 6 2 71,0,71,,9301,29,,,0,23,,9309,29,0,5 6 2 71,0,71,,9308,29,0,5 6 2 71,0,98,,9307,29,0,5 6 2 71,0,84,,9306,29,0,5 6 2 71,0,100,,9305,29,0,5 6 2 71,0,24,,9304,29,0,5 6 2 71,0,90,,9303,29,0,5 6 2 71,0
901,'65041',820,,9322,29,0,5 6 2 71,0,94,,9321,29,0,5 6 2 71,0,100,,9313,29,,,0,101,,9314,29,,,0,101,,9320,29,,,0,100,,9319,29,,,0,100,,9318,29,,,0,100,,9317,29,,,0,101,,9316,29,,,0,101,,9315,29,,,0,111,,9323,29,0,5 6 2 71,0,94,,9324,29,0,5 6 2 71,0,88,,9325,29,0,5 6 2 71,0,99,,9326,29,0,5 6 2 71,0,100,,9327,29,0,5 6 2 71,0
901,'65042',820,,9338,29,0,5 6 2 71,0,94,,9337,29,0,5 6 2 71,0,100,,9329,29,,,0,101,,9330,29,,,0,101,,9336,29,,,0,100,,9335,29,,,0,100,,9334,29,,,0,100,,9333,29,,,0,101,,9332,29,,,0,101,,9331,29,,,0,111,,9339,29,0,5 6 2 71,0,94,,9340,29,0,5 6 2 71,0,88,,9341,29,0,5 6 2 71,0,99,,9342,29,0,5 6 2 71,0,100,,9343,29,0,5 6 2 71,0
1200,'65040',627,,9537,35,,,0,27,,9538,35,,,0,64,,9539,35,,,0,31,,9540,35,,,0,61,,9541,35,,,0,29,,9542,35,,,0,74,,9543,35,,,0,31,,9544,35,,,0,69,,9545,35,,,0,31,,9546,35,,,0,70,,9547,35,,,0,29,,9548,35,,,0,71,,9549,35,,,0,30,,9550,35,,,0,70,,9551,35,,,0,28,,9552,35,,,0,72,,9553,35,,,0,26,,9554,35,,,0,69,,9555,35,,,0,20,,9556,35,,,0,29,,9557,35,,,0,56,,9558,35,,,0,30,,9559,35,,,0,65,,9560,35,,,0,30,,9561,35,,,0,75,,9562,35,,,0,24,,9563,35,,,0,91,,9564,35,,,0,25,,9565,35,,,0,75,,9566,35,,,0,26,,9567,35,,,0,79,,9568,35,,,0
1200,'65041',722,,9578,35,,,0,99,,9579,35,,,0,91,,9569,35,,,0,30,,9586,35,,,0,70,,9570,35,,,0,30,,9587,35,,,0,71,,9571,35,,,0,28,,9588,35,,,0,72,,9572,35,,,0,28,,9589,35,,,0,72,,9573,35,,,0,28,,9590,35,,,0,72,,9574,35,,,0,28,,9591,35,,,0,72,,9575,35,,,0,28,,9592,35,,,0,72,,9576,35,,,0,30,,9593,35,,,0,70,,9594,35,,,0,34,,9577,35,,,0,69,,9580,35,,,0,106,,9581,35,,,0,102,,9582,35,,,0,100,,9583,35,,,0,99,,9584,35,,,0,99,,9585,35,,,0
1200,'65042',722,,9604,35,,,0,99,,9605,35,,,0,91,,9595,35,,,0,30,,9612,35,,,0,70,,9596,35,,,0,30,,9613,35,,,0,71,,9597,35,,,0,28,,9614,35,,,0,72,,9598,35,,,0,28,,9615,35,,,0,72,,9599,35,,,0,28,,9616,35,,,0,72,,9600,35,,,0,28,,9617,35,,,0,72,,9601,35,,,0,28,,9618,35,,,0,72,,9602,35,,,0,30,,9619,35,,,0,70,,9620,35,,,0,34,,9603,35,,,0,69,,9606,35,,,0,106,,9607,35,,,0,102,,9608,35,,,0,100,,9609,35,,,0,99,,9610,35,,,0,99,,9611,35,,,0
1400,'65040',653,,9702,36,,,0,75,,9703,36,,,0,16,,9704,36,,,0,70,,9705,36,,,0,28,,9706,36,,,0,71,,9707,36,,,0,21,,9708,36,,,0,79,,9709,36,,,0,22,,9710,36,,,0,20,,9711,36,,,0,80,,9712,36,,,0,20,,9713,36,,,0,60,,9714,36,,,0,21,,9715,36,,,0,72,,9716,36,,,0,22,,9717,36,,,0,25,,9718,36,,,0,60,,9719,36,,,0,42,,9739,36,,,0,68,,9720,36,,,0,32,,9721,36,,,0,67,,9722,36,,,0,12,,9723,36,,,0,77,,9724,36,,,0,30,,9725,36,,,0,60,,9726,36,,,0,33,,9727,36,,,0,64,,9728,36,,,0,26,,9729,36,,,0,27,,9730,36,,,0,70,,9731,36,,,0,30,,9732,36,,,0,66,,9733,36,,,0,23,,9734,36,,,0,81,,9735,36,,,0,97,,9736,36,,,0,28,,9737,36,,,0,92,,9738,36,,,0
1400,'65041',720,,9748,36,,,0,101,,9749,36,,,0,90,,9740,36,,,0,100,,9741,36,,,0,101,,9742,36,,,0,100,,9743,36,,,0,103,,9744,36,,,0,100,,9757,36,,,0,100,,9745,36,,,0,100,,9746,36,,,0,100,,9747,36,,,0,102,,9750,36,,,0,108,,9751,36,,,0,101,,9752,36,,,0,100,,9753,36,,,0,98,,9754,36,,,0,99,,9755,36,,,0,116,,9756,36,,,0
1400,'65042',720,,9766,36,,,0,101,,9767,36,,,0,90,,9758,36,,,0,100,,9759,36,,,0,101,,9760,36,,,0,100,,9761,36,,,0,103,,9762,36,,,0,100,,9775,36,,,0,100,,9763,36,,,0,100,,9764,36,,,0,100,,9765,36,,,0,102,,9768,36,,,0,108,,9769,36,,,0,101,,9770,36,,,0,100,,9771,36,,,0,98,,9772,36,,,0,99,,9773,36,,,0,116,,9774,36,,,0
1900,'65040',721,,10267,41,,,0,35,,10268,41,,,0,60,,10269,41,,,0,103,,10270,41,,,0,101,,10271,41,,,0,101,,10272,41,,,0,100,,10273,41,,,0,96,,10274,41,,,0,100,,10275,41,,,0,101,,10276,41,,,0,82,,10277,41,,,0,40,,10278,41,,,0,70,,10279,41,,,0,30,,10280,41,,,0,69,,10281,41,,,0,44,,10282,41,,,0
5501,'65040',734,,10979,39,,,2,122,,10972,39,,,2,155,,10980,39,,,2,113,,10973,39,,,2,117,,10981,39,,,2,118,,10974,39,,,2,153,,10977,39,,,2,123,,10975,39,,,2,115,,10978,39,,,2,156,,10976,39,0,5 6 2 65,2
5501,'65041',834,,10989,39,,,2,110,,10988,39,,,2,110,,10987,39,,,2,150,,10986,39,,,2,110,,10985,39,,,2,110,,10984,39,,,2,109,,10982,39,,,2,112,,10983,39,0,5 6 2 65,2
5501,'65042',834,,10997,39,,,2,110,,10996,39,,,2,110,,10995,39,,,2,150,,10994,39,,,2,110,,10993,39,,,2,110,,10992,39,,,2,109,,10990,39,,,2,112,,10991,39,0,5 6 2 65,2
90300,'65040',2331,,11467,47,,,0,106,,11468,47,,,0
90300,'65041',2438,,11471,47,,,0
90300,'65042',2438,,11473,47,,,0
90401,'65040',617,,11492,38,,,0,1702,,11493,38,,,0
90401,'65041',620,,11494,38,,,0,102,,11495,38,,,0,1199,,11496,38,,,0,100,,11497,38,,,0,100,,11498,38,,,0,99,,11499,38,,,0,101,,11500,38,,,0
90401,'65042',620,,11501,38,,,0,102,,11502,38,,,0,1199,,11503,38,,,0,100,,11504,38,,,0,100,,11505,38,,,0,99,,11506,38,,,0,101,,11507,38,,,0
90801,'65040',2444,,11509,39,,,0
90801,'65041',2444,,11510,39,,,0
90801,'65042',2444,,11511,39,,,0
91200,'65040',2225,,11512,38,,,0,100,,11513,38,,,0
91900,'65040',621,,11539,50,,,0
2400080000,'65040',620,,11542,9,,,1,26,,11546,9,,,1,67,,11540,9,,,1,26,,11541,9,,,1,61,,11545,9,,,1,24,,11543,9,,,1,22,,11547,9,,,1,55,,11552,9,,,1,20,,11549,9,,,1,30,,11548,9,,,1,70,,11551,9,,,1,31,,11544,9,,,1,70,,11550,9,,,1,31,,11555,9,,,1,70,,11554,9,,,1,30,,11562,9,,,1,70,,11556,9,,,1,30,,11557,9,,,1,71,,11560,9,,,1,25,,11553,9,,,1,75,,11563,9,,,1,22,,11558,9,,,1,60,,11561,9,,,1,20,,11569,9,,,1,20,,11559,9,,,1,60,,11564,9,,,1,20,,11566,9,,,1,18,,11565,9,,,1,60,,11567,9,,,1,22,,11568,9,,,1
2400080001,'65040',607,,11573,4,,,1,25,,11571,4,,,1,70,,11570,4,,,1,15,,11576,4,,,1,18,,11591,4,,,1,17,,11572,4,,,1,60,,11580,4,,,1,30,,11578,4,,,1,60,,11581,4,,,1,32,,11579,4,,,1,69,,11577,4,,,1,30,,11574,4,,,1,70,,11575,4,,,1,30,,11586,4,,,1,70,,11583,4,,,1,30,,11588,4,,,1,70,,11592,4,,,1,30,,11587,4,,,1,70,,11589,4,,,1,28,,11590,4,,,1,72,,11593,4,,,1,25,,11582,4,,,1,15,,11594,4,,,1,60,,11584,4,,,1,20,,11585,4,,,1,20,,11596,4,,,1,60,,11598,4,,,1,20,,11595,4,,,1,20,,11597,4,,,1,65,,11599,4,,,1
