100,'65030',858,,3974,11,,,0,98,,3975,11,,,0,99,,3976,11,,,0,100,,3977,11,,,0,99,,3978,11,,,0,100,,3979,11,,,0,269,,3991,11,,,0,29,,3992,11,,,0,71,,3993,11,,,0,27,,3994,11,,,0,176,,3995,11,,,0,101,,3996,11,,,0,92,,3997,11,,,0,94,,3998,11,0,5 6,0,101,,3999,11,0,5 6,0
100,'65031',1719,,4009,11,0,5 6,0
100,'65032',1719,,4020,11,0,5 6,0
300,'65030',613,,4213,26,,,0,15,,4269,26,,,0,15,,4214,26,,,0,14,,4215,26,,,0,54,,4216,26,,,0,10,,4217,26,,,0,9,,4218,26,,,0,6,,4219,26,,,0,7,,4220,26,,,0,9,,4221,26,,,0,50,,4222,26,,,0,18,,4223,26,,,0,15,,4224,26,,,0,16,,4270,26,,,0,55,,4225,26,,,0,20,,4226,26,,,0,20,,4227,26,,,0,60,,4228,26,,,0,20,,4229,26,,,0,20,,4230,26,,,0,59,,4231,26,,,0,20,,4232,26,,,0,20,,4233,26,,,0,60,,4234,26,,,0,19,,4235,26,,,0,20,,4236,26,,,0,60,,4237,26,,,0,20,,4238,26,,,0,20,,4239,26,,,0,60,,4240,26,,,0,20,,4241,26,,,0,15,,4242,26,,,0,15,,4243,26,,,0,54,,4245,26,,,0,15,,4251,26,,,0,9,,4246,26,,,0,10,,4247,26,,,0,9,,4248,26,,,0,50,,4249,26,,,0,10,,4250,26,,,0,20,,4252,26,,,0,15,,4253,26,,,0,55,,4254,26,,,0,15,,4255,26,,,0,23,,4256,26,,,0,62,,4257,26,,,0,20,,4258,26,,,0,20,,4259,26,,,0,65,,4260,26,,,0,30,,4261,26,,,0,70,,4262,26,,,0,31,,4267,26,,,0,65,,4263,26,,,0,20,,4264,26,,,0,21,,4265,26,,,0,78,,4266,26,,,0,32,,4244,26,,,0
300,'65031',713,,4287,26,,,0,24,,4288,26,,,0,73,,4289,26,,,0,23,,4300,26,,,0,23,,4271,26,,,0,69,,4272,26,,,0,30,,4273,26,,,0,69,,4274,26,,,0,30,,4275,26,,,0,69,,4276,26,,,0,30,,4277,26,,,0,70,,4278,26,,,0,30,,4279,26,,,0,70,,4280,26,,,0,30,,4281,26,,,0,70,,4282,26,,,0,30,,4283,26,,,0,70,,4284,26,,,0,30,,4285,26,,,0,70,,4286,26,,,0,28,,4290,26,,,0,62,,4291,26,,,0,18,,4292,26,,,0,70,,4293,26,,,0,34,,4294,26,,,0,75,,4295,26,,,0,32,,4301,26,,,0,71,,4296,26,,,0,100,,4297,26,,,0,101,,4298,26,,,0,101,,4299,26,,,0
300,'65032',713,,4318,26,,,0,24,,4319,26,,,0,73,,4320,26,,,0,23,,4331,26,,,0,23,,4302,26,,,0,69,,4303,26,,,0,30,,4304,26,,,0,69,,4305,26,,,0,30,,4306,26,,,0,69,,4307,26,,,0,30,,4308,26,,,0,70,,4309,26,,,0,30,,4310,26,,,0,70,,4311,26,,,0,30,,4312,26,,,0,70,,4313,26,,,0,30,,4314,26,,,0,70,,4315,26,,,0,30,,4316,26,,,0,70,,4317,26,,,0,28,,4321,26,,,0,62,,4322,26,,,0,18,,4323,26,,,0,70,,4324,26,,,0,34,,4325,26,,,0,75,,4326,26,,,0,32,,4332,26,,,0,71,,4327,26,,,0,100,,4328,26,,,0,101,,4329,26,,,0,101,,4330,26,,,0
5500,'65030',726,,7269,23,,,0,121,,7270,23,,,0,111,,7271,23,,,0,156,,7278,23,,,0,119,,7272,23,,,0,113,,7273,23,,,0,155,,7274,23,,,0,118,,7275,23,,,0,118,,7276,23,,,0,110,,7277,23,0,5 6,0
5500,'65031',823,,7284,23,,,0,111,,7286,23,,,0,110,,7285,23,,,0,110,,7283,23,,,0,153,,7282,23,,,0,110,,7281,23,,,0,110,,7280,23,,,0,107,,7279,23,0,5 6,0
5500,'65032',823,,7292,23,,,0,111,,7294,23,,,0,110,,7293,23,,,0,110,,7291,23,,,0,153,,7290,23,,,0,110,,7289,23,,,0,110,,7288,23,,,0,107,,7287,23,0,5 6,0
90300,'65030',2321,,7807,33,,,0,107,,7808,33,,,0
90300,'65031',2429,,7811,33,,,0
90300,'65032',2429,,7813,33,,,0
