1201,'65030',638,,5829,28,,,0,68,,5830,28,,,0,30,,5825,28,,,0,69,,5826,28,,,0,29,,5827,28,,,0,66,,5828,28,,,0,23,,5831,28,,,0,28,,5832,28,,,0,72,,5833,28,,,0,28,,5834,28,,,0,72,,5835,28,,,0,30,,5836,28,,,0,72,,5837,28,,,0,14,,5860,28,,,0,14,,5838,28,,,0,71,,5839,28,,,0,30,,5840,28,,,0,71,,5841,28,,,0,31,,5842,28,,,0,67,,5843,28,,,0,31,,5844,28,,,0,63,,5845,28,,,0,15,,5846,28,,,0,16,,5847,28,,,0,52,,5848,28,,,0,15,,5849,28,,,0,19,,5850,28,,,0,17,,5851,28,,,0,65,,5852,28,,,0,25,,5853,28,,,0,69,,5854,28,,,0,35,,5855,28,,,0,95,,5856,28,,,0,100,,5857,28,,,0,79,,5858,28,,,0,118,,5859,28,,,0
1201,'65031',742,,5869,28,,,0,101,,5870,28,,,0,158,,5861,28,,,0,101,,5862,28,,,0,100,,5863,28,,,0,100,,5864,28,,,0,100,,5865,28,,,0,100,,5866,28,,,0,100,,5867,28,,,0,57,,5868,28,,,0,86,,5871,28,,,0,100,,5872,28,,,0,100,,5873,28,,,0,100,,5874,28,,,0,100,,5875,28,,,0
1201,'65032',742,,5884,28,,,0,101,,5885,28,,,0,158,,5876,28,,,0,101,,5877,28,,,0,100,,5878,28,,,0,100,,5879,28,,,0,100,,5880,28,,,0,100,,5881,28,,,0,100,,5882,28,,,0,57,,5883,28,,,0,86,,5886,28,,,0,100,,5887,28,,,0,100,,5888,28,,,0,100,,5889,28,,,0,100,,5890,28,,,0
1201,'65035',1627,,5891,28,,,0
1600,'65030',621,,6136,18,,,0,81,,6135,18,,,0,18,,6134,18,,,0,15,,6133,18,,,0,14,,6132,18,,,0,60,,6131,18,,,0,33,,6130,18,,,0,64,,6129,18,,,0,24,,6143,18,,,0,72,,6137,18,,,0,30,,6144,18,,,0,71,,6138,18,,,0,27,,6145,18,,,0,13,,6149,18,,,0,15,,6139,18,,,0,53,,6150,18,,,0,16,,6146,18,,,0,17,,6169,18,,,0,59,,6140,18,,,0,30,,6147,18,,,0,70,,6141,18,,,0,28,,6148,18,,,0,70,,6142,18,,,0,16,,6171,18,,,0,17,,6168,18,,,0,24,,6151,18,,,0,67,,6152,18,,,0,12,,6153,18,,,0,15,,6154,18,,,0,57,,6155,18,,,0,14,,6156,18,,,0,17,,6157,18,,,0,19,,6158,18,,,0,66,,6170,18,,,0,26,,6159,18,,,0,67,,6160,18,,,0,29,,6161,18,,,0,71,,6162,18,,,0,33,,6163,18,,,0,69,,6172,18,,,0,29,,6164,18,,,0,63,,6165,18,,,0,16,,6166,18,,,0,75,,6167,18,,,0
1600,'65031',650,,6188,18,,,0,101,,6182,18,,,0,100,,6181,18,,,0,92,,6189,18,,,0,68,,6173,18,,,0,100,,6174,18,,,0,100,,6175,18,,,0,101,,6176,18,,,0,100,,6177,18,,,0,101,,6178,18,,,0,99,,6179,18,,,0,99,,6180,18,,,0,101,,6183,18,,,0,38,,6184,18,,,0,100,,6185,18,,,0,100,,6186,18,,,0,165,,6187,18,,,0
1600,'65032',650,,6205,18,,,0,101,,6199,18,,,0,100,,6198,18,,,0,92,,6206,18,,,0,68,,6190,18,,,0,100,,6191,18,,,0,100,,6192,18,,,0,101,,6193,18,,,0,100,,6194,18,,,0,101,,6195,18,,,0,99,,6196,18,,,0,99,,6197,18,,,0,101,,6200,18,,,0,38,,6201,18,,,0,100,,6202,18,,,0,100,,6203,18,,,0,165,,6204,18,,,0
91201,'65030',2250,,7854,32,,,0,100,,7855,32,,,0
91201,'65031',2244,,7856,32,,,0,100,,7857,32,,,0
91201,'65032',2244,,7858,32,,,0,100,,7859,32,,,0
