801,'65040',639,,9126,44,,,1,70,,9127,44,,,1,16,,9128,39,,,1,15,,9129,44,,,1,15,,9130,44,,,1,55,,9175,39,,,1,17,,9131,39,,,1,13,,9132,44,,,1,61,,9133,39,,,1,19,,9134,39,,,1,20,,9135,39,,,1,61,,9136,39,,,1,19,,9137,39,,,1,23,,9138,39,,,1,61,,9139,39,,,1,19,,9140,39,,,1,20,,9141,39,,,1,61,,9142,39,,,1,20,,9143,39,,,1,20,,9144,39,,,1,61,,9145,39,,,1,20,,9146,39,,,1,20,,9147,39,,,1,60,,9148,39,,,1,20,,9149,39,,,1,20,,9150,39,,,1,60,,9151,39,,,1,13,,9152,39,,,1,17,,9153,39,,,1,17,,9154,39,,,1,52,,9155,39,,,1,17,,9156,39,,,1,14,,9157,44,,,1,14,,9158,39,,,1,56,,9159,39,,,1,12,,9160,39,,,1,15,,9161,39,,,1,15,,9162,39,,,1,55,,9163,39,,,1,19,,9164,39,,,1,21,,9165,39,,,1,62,,9166,39,,,1,26,,9167,39,,,1,71,,9168,39,,,1,30,,9169,39,,,1,70,,9170,39,,,1,30,,9171,39,,,1,69,,9172,39,,,1,37,,9173,39,,,1,99,,9174,39,,,1
801,'65041',738,,9193,39,,,1,67,,9204,44,,,1,29,,9194,39,,,1,20,,9195,39,,,1,70,,9176,39,,,1,30,,9177,39,,,1,71,,9178,39,,,1,30,,9179,39,,,1,71,,9180,39,,,1,30,,9181,39,,,1,70,,9182,39,,,1,30,,9183,39,,,1,70,,9184,39,,,1,30,,9185,39,,,1,70,,9186,39,,,1,30,,9187,39,,,1,70,,9188,39,,,1,30,,9189,39,,,1,69,,9190,39,,,1,30,,9191,39,,,1,70,,9192,39,,,1,29,,9196,39,,,1,72,,9197,39,,,1,80,,9198,39,,,1,32,,9199,39,,,1,69,,9200,39,,,1,30,,9205,39,,,1,100,,9201,39,,,1,98,,9202,39,,,1,100,,9203,39,,,1
801,'65042',738,,9223,39,,,1,67,,9234,44,,,1,29,,9224,39,,,1,20,,9225,39,,,1,70,,9206,39,,,1,30,,9207,39,,,1,71,,9208,39,,,1,30,,9209,39,,,1,71,,9210,39,,,1,30,,9211,39,,,1,70,,9212,39,,,1,30,,9213,39,,,1,70,,9214,39,,,1,30,,9215,39,,,1,70,,9216,39,,,1,30,,9217,39,,,1,70,,9218,39,,,1,30,,9219,39,,,1,69,,9220,39,,,1,30,,9221,39,,,1,70,,9222,39,,,1,29,,9226,39,,,1,72,,9227,39,,,1,80,,9228,39,,,1,32,,9229,39,,,1,69,,9230,39,,,1,30,,9235,39,,,1,100,,9231,39,,,1,98,,9232,39,,,1,100,,9233,39,,,1
901,'65040',725,,9289,47,,,0,27,,9290,47,,,0,70,,9291,47,,,0,115,,9292,47,,,0,100,,9293,47,,,0,100,,9294,47,,,0,102,,9295,47,,,0,71,,9296,47,,,0,101,,9297,47,,,0,100,,9298,47,,,0,30,,9299,47,,,0,68,,9300,47,,,0,133,,9301,47,,,0
901,'65041',1033,,9313,47,,,0,101,,9314,47,,,0,101,,9320,47,,,0,100,,9319,47,,,0,100,,9318,47,,,0,100,,9317,47,,,0,101,,9316,47,,,0,101,,9315,47,,,0
901,'65042',1033,,9329,47,,,0,101,,9330,47,,,0,101,,9336,47,,,0,100,,9335,47,,,0,100,,9334,47,,,0,100,,9333,47,,,0,101,,9332,47,,,0,101,,9331,47,,,0
1100,'65040',606,,9378,16,0,22 23 2 67,0,42,,9365,16,,,0,70,,9345,37,,,0,14,,9366,16,,,0,17,,9371,16,0,22 23 2 67,0,58,,9346,37,,,0,25,,9347,37,,,0,73,,9367,16,,,0,32,,9348,37,,,0,65,,9368,16,,,0,36,,9349,37,,,0,67,,9372,16,0,22 23 2 67,0,32,,9350,37,,,0,63,,9373,16,0,22 23 2 67,0,38,,9351,37,,,0,62,,9374,16,0,22 23 2 67,0,38,,9352,37,,,0,21,,9369,16,,,0,78,,9353,37,,,0,68,,9370,16,,,0,31,,9354,37,,,0,68,,9355,37,,,0,32,,9356,37,,,0,69,,9357,37,,,0,30,,9358,37,,,0,72,,9359,37,,,0,31,,9376,37,0,22 23 2 67,0,71,,9360,37,,,0,34,,9377,37,0,22 23 2 67,0,79,,9361,37,,,0,25,,9375,16,0,22 23 2 67,0,75,,9362,37,,,0,104,,9363,37,,,0,100,,9364,37,0,57,0,90,,9379,37,0,22 23 2 67,0
1100,'65041',712,,9395,16,,,0,100,,9396,37,,,0,32,,9397,16,,,0,70,,9380,37,,,0,30,,9381,37,,,0,56,,9388,16,,,0,31,,9382,37,,,0,69,,9389,16,,,0,31,,9383,37,,,0,69,,9390,16,,,0,32,,9384,37,,,0,68,,9391,16,,,0,32,,9385,37,,,0,68,,9392,16,,,0,32,,9386,37,,,0,68,,9393,16,,,0,32,,9387,37,,,0,68,,9394,16,,,0,32,,9398,37,,,0,70,,9399,37,,,0,50,,9400,16,0,22 23 2 67,0,63,,9401,37,,,0,99,,9402,37,,,0,100,,9403,37,,,0,99,,9404,37,,,0,100,,9405,37,,,0,99,,9406,37,,,0,100,,9407,37,0,22 23 2 67,0
1100,'65042',712,,9423,16,,,0,100,,9424,37,,,0,32,,9425,16,,,0,70,,9408,37,,,0,30,,9409,37,,,0,56,,9416,16,,,0,31,,9410,37,,,0,69,,9417,16,,,0,31,,9411,37,,,0,69,,9418,16,,,0,32,,9412,37,,,0,68,,9419,16,,,0,32,,9413,37,,,0,68,,9420,16,,,0,32,,9414,37,,,0,68,,9421,16,,,0,32,,9415,37,,,0,68,,9422,16,,,0,32,,9426,37,,,0,70,,9427,37,,,0,50,,9428,16,0,22 23 2 67,0,63,,9429,37,,,0,99,,9430,37,,,0,100,,9431,37,,,0,99,,9432,37,,,0,100,,9433,37,,,0,99,,9434,37,,,0,100,,9435,37,0,22 23 2 67,0
1401,'65040',554,,9776,30,,,0,99,,9777,30,,,0,91,,9778,30,,,0,11,,9812,30,,,0,56,,9779,30,,,0,28,,9780,30,,,0,65,,9781,30,,,0,17,,9782,30,,,0,17,,9783,30,,,0,75,,9784,30,,,0,25,,9785,30,,,0,79,,9786,30,,,0,21,,9787,30,,,0,76,,9788,30,,,0,23,,9789,30,,,0,76,,9790,30,,,0,25,,9791,30,,,0,77,,9792,30,,,0,17,,9793,30,,,0,20,,9813,30,,,0,60,,9794,30,,,0,25,,9795,30,,,0,66,,9796,30,,,0,27,,9797,30,,,0,70,,9798,30,,,0,30,,9799,30,,,0,14,,9800,30,,,0,61,,9801,30,,,0,32,,9802,30,,,0,22,,9803,30,,,0,84,,9804,30,,,0,81,,9805,30,,,0,23,,9806,30,,,0,77,,9807,30,,,0,33,,9808,30,,,0,97,,9809,30,,,0,98,,9810,30,,,0,56,,9811,30,,,0
1401,'65041',749,,9821,30,,,0,95,,9822,30,,,0,96,,9814,30,,,0,68,,9815,30,,,0,100,,9816,30,,,0,100,,9817,30,,,0,99,,9830,30,,,0,99,,9818,30,,,0,100,,9819,30,,,0,101,,9820,30,,,0,100,,9832,30,,,0,99,,9831,30,,,0,39,,9823,30,,,0,104,,9824,30,,,0,101,,9825,30,,,0,98,,9826,30,,,0,99,,9827,30,,,0,99,,9828,30,,,0,61,,9829,30,,,0
1401,'65042',749,,9840,30,,,0,95,,9841,30,,,0,96,,9833,30,,,0,68,,9834,30,,,0,100,,9835,30,,,0,100,,9836,30,,,0,99,,9849,30,,,0,99,,9837,30,,,0,100,,9838,30,,,0,101,,9839,30,,,0,100,,9851,30,,,0,99,,9850,30,,,0,39,,9842,30,,,0,104,,9843,30,,,0,101,,9844,30,,,0,98,,9845,30,,,0,99,,9846,30,,,0,99,,9847,30,,,0,61,,9848,30,,,0
5501,'65040',803,,10979,79,,,2,115,,10972,79,,,2,116,,10980,79,,,2,116,,10973,79,,,2,156,,10981,79,,,2,118,,10974,79,,,2,113,,10977,79,,,2,166,,10975,79,,,2,111,,10978,79,,,2
5501,'65041',858,,10989,79,,,2,150,,10988,79,,,2,110,,10987,79,,,2,111,,10986,79,,,2,110,,10985,79,,,2,110,,10984,79,,,2,109,,10982,79,,,2
5501,'65042',858,,10997,79,,,2,150,,10996,79,,,2,110,,10995,79,,,2,111,,10994,79,,,2,110,,10993,79,,,2,110,,10992,79,,,2,109,,10990,79,,,2
90700,'65040',631,,11508,24,,,0
