100,'65030',905,,3974,20,,,0,98,,3975,20,,,0,99,,3976,20,,,0,101,,3977,20,,,0,99,,3978,20,,,0,100,,3979,20,,,0,230,,3991,20,,,0,69,,3992,20,,,0,30,,3993,20,,,0,27,,3994,20,,,0,175,,3995,20,,,0,101,,3996,20,,,0,92,,3997,20,,,0,93,,3998,20,0,5 6,0,101,,3999,20,0,5 6,0
100,'65031',1727,,4009,20,0,5 6,0
100,'65032',1727,,4020,20,0,5 6,0
300,'65030',619,,4213,35,,,0,15,,4269,35,,,0,15,,4214,35,,,0,55,,4215,35,,,0,14,,4216,35,,,0,10,,4217,35,,,0,10,,4218,35,,,0,6,,4219,35,,,0,8,,4220,35,,,0,50,,4221,35,,,0,10,,4222,35,,,0,16,,4223,35,,,0,15,,4224,35,,,0,15,,4270,35,,,0,55,,4225,35,,,0,20,,4226,35,,,0,20,,4227,35,,,0,60,,4228,35,,,0,20,,4229,35,,,0,20,,4230,35,,,0,60,,4231,35,,,0,20,,4232,35,,,0,20,,4233,35,,,0,60,,4234,35,,,0,20,,4235,35,,,0,20,,4236,35,,,0,60,,4237,35,,,0,20,,4238,35,,,0,20,,4239,35,,,0,60,,4240,35,,,0,20,,4241,35,,,0,15,,4242,35,,,0,55,,4243,35,,,0,14,,4245,35,,,0,15,,4251,35,,,0,10,,4246,35,,,0,10,,4247,35,,,0,49,,4248,35,,,0,10,,4249,35,,,0,10,,4250,35,,,0,20,,4252,35,,,0,15,,4253,35,,,0,55,,4254,35,,,0,15,,4255,35,,,0,22,,4256,35,,,0,60,,4257,35,,,0,20,,4258,35,,,0,20,,4259,35,,,0,65,,4260,35,,,0,30,,4261,35,,,0,70,,4262,35,,,0,30,,4267,35,,,0,65,,4263,35,,,0,20,,4264,35,,,0,20,,4265,35,,,0,78,,4266,35,,,0,32,,4244,35,,,0
300,'65031',718,,4287,35,,,0,25,,4288,35,,,0,73,,4289,35,,,0,23,,4300,35,,,0,64,,4271,35,,,0,29,,4272,35,,,0,70,,4273,35,,,0,29,,4274,35,,,0,70,,4275,35,,,0,30,,4276,35,,,0,70,,4277,35,,,0,30,,4278,35,,,0,70,,4279,35,,,0,30,,4280,35,,,0,70,,4281,35,,,0,30,,4282,35,,,0,70,,4283,35,,,0,30,,4284,35,,,0,70,,4285,35,,,0,30,,4286,35,,,0,27,,4290,35,,,0,62,,4291,35,,,0,18,,4292,35,,,0,70,,4293,35,,,0,34,,4294,35,,,0,75,,4295,35,,,0,32,,4301,35,,,0,71,,4296,35,,,0,100,,4297,35,,,0,100,,4298,35,,,0,100,,4299,35,,,0
300,'65032',718,,4318,35,,,0,25,,4319,35,,,0,73,,4320,35,,,0,23,,4331,35,,,0,64,,4302,35,,,0,29,,4303,35,,,0,70,,4304,35,,,0,29,,4305,35,,,0,70,,4306,35,,,0,30,,4307,35,,,0,70,,4308,35,,,0,30,,4309,35,,,0,70,,4310,35,,,0,30,,4311,35,,,0,70,,4312,35,,,0,30,,4313,35,,,0,70,,4314,35,,,0,30,,4315,35,,,0,70,,4316,35,,,0,30,,4317,35,,,0,27,,4321,35,,,0,62,,4322,35,,,0,18,,4323,35,,,0,70,,4324,35,,,0,34,,4325,35,,,0,75,,4326,35,,,0,32,,4332,35,,,0,71,,4327,35,,,0,100,,4328,35,,,0,100,,4329,35,,,0,100,,4330,35,,,0
700,'65030',620,,4944,21,,,0,16,,4945,21,0,5 6,0,19,,4946,21,,,0,61,,4947,21,,,0,15,,4948,21,0,5 6,0,5,,4949,29,,,0,7,,4950,21,,,0,7,,4951,29,0,5 6,0,8,,4952,21,,,0,46,,4953,21,0,5 6,0,11,,4954,29,,,0,21,,4955,21,,,0,17,,4956,21,0,5 6,0,55,,4963,21,,,0,26,,4970,21,,,0,17,,4957,21,0,5 6,0,60,,4964,21,,,0,22,,4971,21,,,0,19,,4958,21,0,5 6,0,59,,4965,21,,,0,22,,4972,21,,,0,19,,4959,21,0,5 6,0,60,,4966,21,,,0,22,,4973,29,,,0,20,,4960,21,0,5 6,0,58,,4967,21,,,0,21,,4974,29,,,0,20,,4961,21,0,5 6,0,59,,4968,21,,,0,21,,4975,21,,,0,18,,4962,21,,,0,60,,4969,21,,,0,23,,4976,29,,,0,20,,4977,21,,,0,75,,4978,21,,,0,23,,4979,29,,,0,75,,4980,21,,,0,30,,4981,29,,,0,65,,4982,29,,,0,20,,4983,29,,,0,67,,4984,21,,,0,35,,4985,21,,,0,66,,4986,21,,,0,34,,4987,29,,,0,65,,4988,21,,,0,35,,4989,29,,,0,76,,4990,21,,,0,101,,4991,29,,,0
700,'65031',621,,5009,21,0,5 6,0,99,,5010,21,,,0,98,,5011,29,,,0,34,,5000,21,0,5 6,0,70,,4992,29,,,0,21,,5001,21,0,5 6,0,70,,4993,21,,,0,31,,5002,21,0,5 6,0,69,,4994,21,,,0,26,,5003,21,0,5 6,0,75,,4995,21,,,0,30,,5004,21,0,5 6,0,70,,4996,21,,,0,30,,5005,21,0,5 6,0,70,,4997,21,,,0,30,,5006,21,0,5 6,0,70,,4998,21,,,0,30,,5007,21,0,5 6,0,69,,4999,21,0,5 6,0,35,,5008,21,0,5 6,0,70,,5012,21,0,5 6,0,32,,5013,21,0,5 6,0,68,,5014,29,,,0,102,,5015,29,,,0,100,,5016,29,,,0,100,,5017,29,,,0,100,,5018,29,,,0,99,,5019,29,,,0
700,'65032',621,,5037,21,0,5 6,0,99,,5038,21,,,0,98,,5039,29,,,0,34,,5028,21,0,5 6,0,70,,5020,29,,,0,21,,5029,21,0,5 6,0,70,,5021,21,,,0,31,,5030,21,0,5 6,0,69,,5022,21,,,0,26,,5031,21,0,5 6,0,75,,5023,21,,,0,30,,5032,21,0,5 6,0,70,,5024,21,,,0,30,,5033,21,0,5 6,0,70,,5025,21,,,0,30,,5034,21,0,5 6,0,70,,5026,21,,,0,30,,5035,21,0,5 6,0,69,,5027,21,0,5 6,0,35,,5036,21,0,5 6,0,70,,5040,21,0,5 6,0,32,,5041,21,0,5 6,0,68,,5042,29,,,0,102,,5043,29,,,0,100,,5044,29,,,0,100,,5045,29,,,0,100,,5046,29,,,0,99,,5047,29,,,0
800,'65030',625,,5160,19,,,1,16,,5212,19,,,1,11,,5161,19,,,1,61,,5162,19,,,1,10,,5163,19,,,1,15,,5164,19,,,1,15,,5165,19,,,1,55,,5166,19,,,1,15,,5167,19,,,1,15,,5168,19,,,1,62,,5169,19,,,1,20,,5170,19,,,1,20,,5171,19,,,1,60,,5172,19,,,1,20,,5173,19,,,1,20,,5174,19,,,1,60,,5175,19,,,1,20,,5176,19,,,1,20,,5177,19,,,1,60,,5178,19,,,1,20,,5179,19,,,1,21,,5180,19,,,1,61,,5181,19,,,1,20,,5182,19,,,1,18,,5183,19,,,1,60,,5184,19,,,1,22,,5185,19,,,1,17,,5186,19,,,1,19,,5187,19,,,1,50,,5188,19,,,1,15,,5189,19,,,1,15,,5190,19,,,1,14,,5191,19,,,1,56,,5192,19,,,1,7,,5193,19,,,1,7,,5194,19,,,1,10,,5195,19,,,1,13,,5196,19,,,1,57,,5197,19,,,1,20,,5198,19,,,1,15,,5199,19,,,1,63,,5200,19,,,1,18,,5201,19,,,1,17,,5202,19,,,1,23,,5203,19,,,1,70,,5204,19,,,1,30,,5205,19,,,1,70,,5206,19,,,1,30,,5207,19,,,1,75,,5208,19,,,1,25,,5209,19,,,1,67,,5210,19,,,1,100,,5211,19,,,1
800,'65031',625,,5229,19,,,1,101,,5230,19,,,1,29,,5231,19,,,1,69,,5232,19,,,1,19,,5233,19,,,1,71,,5213,19,,,1,30,,5214,19,,,1,69,,5215,19,,,1,31,,5216,19,,,1,69,,5217,19,,,1,30,,5218,19,,,1,70,,5219,19,,,1,30,,5220,19,,,1,70,,5221,19,,,1,30,,5222,19,,,1,70,,5223,19,,,1,30,,5224,19,,,1,70,,5225,19,,,1,31,,5226,19,,,1,71,,5227,19,,,1,29,,5228,19,,,1,70,,5234,19,,,1,32,,5235,19,,,1,70,,5242,19,,,1,22,,5236,19,,,1,64,,5243,19,,,1,23,,5237,19,,,1,100,,5238,19,,,1,100,,5239,19,,,1,100,,5240,19,,,1,100,,5241,19,,,1
800,'65032',625,,5260,19,,,1,101,,5261,19,,,1,29,,5262,19,,,1,69,,5263,19,,,1,19,,5264,19,,,1,71,,5244,19,,,1,30,,5245,19,,,1,69,,5246,19,,,1,31,,5247,19,,,1,69,,5248,19,,,1,30,,5249,19,,,1,70,,5250,19,,,1,30,,5251,19,,,1,70,,5252,19,,,1,30,,5253,19,,,1,70,,5254,19,,,1,30,,5255,19,,,1,70,,5256,19,,,1,31,,5257,19,,,1,71,,5258,19,,,1,29,,5259,19,,,1,70,,5265,19,,,1,32,,5266,19,,,1,70,,5273,19,,,1,22,,5267,19,,,1,64,,5274,19,,,1,23,,5268,19,,,1,100,,5269,19,,,1,100,,5270,19,,,1,100,,5271,19,,,1,100,,5272,19,,,1
1200,'65030',622,,5755,30,,,0,27,,5756,30,,,0,57,,5757,30,,,0,22,,5758,30,,,0,14,,5759,30,,,0,17,,5760,30,,,0,49,,5761,30,,,0,26,,5762,30,,,0,10,,5763,30,,,0,67,,5764,30,,,0,25,,5765,30,,,0,72,,5766,30,,,0,32,,5767,30,,,0,68,,5768,30,,,0,30,,5769,30,,,0,69,,5770,30,,,0,30,,5771,30,,,0,71,,5772,30,,,0,28,,5773,30,,,0,74,,5774,30,,,0,30,,5775,30,,,0,71,,5776,30,,,0,29,,5777,30,,,0,71,,5778,30,,,0,26,,5779,30,,,0,65,,5780,30,,,0,15,,5781,30,,,0,26,,5782,30,,,0,65,,5783,30,,,0,25,,5784,30,,,0,90,,5785,30,,,0,100,,5786,30,,,0,23,,5787,30,,,0,77,,5788,30,,,0
1200,'65031',720,,5798,30,,,0,101,,5799,30,,,0,95,,5789,30,,,0,87,,5790,30,,,0,100,,5791,30,,,0,99,,5792,30,,,0,100,,5793,30,,,0,100,,5794,30,,,0,100,,5795,30,,,0,100,,5796,30,,,0,100,,5797,30,,,0,41,,5800,30,,,0,75,,5801,30,,,0,100,,5802,30,,,0,102,,5803,30,,,0,100,,5804,30,,,0,99,,5805,30,,,0,100,,5806,30,,,0
1200,'65032',720,,5816,30,,,0,101,,5817,30,,,0,95,,5807,30,,,0,87,,5808,30,,,0,100,,5809,30,,,0,99,,5810,30,,,0,100,,5811,30,,,0,100,,5812,30,,,0,100,,5813,30,,,0,100,,5814,30,,,0,100,,5815,30,,,0,41,,5818,30,,,0,75,,5819,30,,,0,100,,5820,30,,,0,102,,5821,30,,,0,100,,5822,30,,,0,99,,5823,30,,,0,100,,5824,30,,,0
2900,'65033',2443,,6951,17,,,0,70,,6952,17,,,0,30,,6953,17,,,0,70,,6954,17,,,0,30,,6955,17,,,0
5700,'65030',926,,7321,41,,,0,104,,7322,41,,,0,120,,7323,41,,,0,105,,7324,41,,,0,161,,7325,41,,,0,105,,7326,41,,,0,120,,7327,41,,,0
5700,'65031',1132,,7333,41,,,0,113,,7332,41,,,0,102,,7331,41,,,0,112,,7330,41,,,0,142,,7329,41,,,0,112,,7328,41,0,56,0
5700,'65032',1132,,7339,41,,,0,113,,7338,41,,,0,102,,7337,41,,,0,112,,7336,41,,,0,142,,7335,41,,,0,112,,7334,41,0,56,0
90300,'65030',2327,,7807,42,,,0,107,,7808,42,,,0
90300,'65031',2435,,7811,42,,,0
90300,'65032',2435,,7813,42,,,0
91200,'65030',2221,,7852,33,,,0,100,,7853,33,,,0
