100,'65040',842,,7922,8,,,0,101,,7923,8,,,0,99,,7924,8,,,0,98,,7925,8,,,0,100,,7926,8,,,0,100,,7927,8,,,0,291,,7928,8,,,0,27,,7929,8,,,0,71,,7930,8,,,0,195,,7931,8,,,0,104,,7932,8,,,0,91,,7933,8,,,0,91,,7934,8,0,5 6 2 68,0,101,,7935,8,0,5 6 2 68,0
100,'65041',1719,,7951,8,0,5 6 2 68,0
100,'65042',1719,,7962,8,0,5 6 2 68,0
300,'65040',610,,8132,23,,,0,25,,8133,23,,,0,15,,8134,23,,,0,58,,8135,23,,,0,12,,8136,23,,,0,13,,8137,23,,,0,16,,8138,23,,,0,55,,8139,23,,,0,13,,8140,23,,,0,17,,8141,23,,,0,20,,8142,23,,,0,60,,8143,23,,,0,20,,8144,23,,,0,20,,8145,23,,,0,60,,8146,23,,,0,20,,8147,23,,,0,20,,8148,23,,,0,60,,8149,23,,,0,20,,8150,23,,,0,17,,8151,23,,,0,61,,8152,23,,,0,20,,8153,23,,,0,20,,8154,23,,,0,60,,8155,23,,,0,20,,8156,23,,,0,20,,8157,23,,,0,56,,8158,23,,,0,13,,8159,23,,,0,17,,8181,23,,,0,15,,8160,23,,,0,55,,8161,23,,,0,13,,8162,23,,,0,22,,8163,23,,,0,15,,8164,23,,,0,60,,8165,23,,,0,25,,8166,23,,,0,65,,8167,23,,,0,31,,8168,23,,,0,20,,8169,23,,,0,60,,8170,23,,,0,20,,8171,23,,,0,65,,8172,23,,,0,29,,8173,23,,,0,73,,8174,23,,,0,27,,8175,23,,,0,67,,8180,23,,,0,21,,8176,23,,,0,20,,8177,23,,,0,77,,8178,23,,,0
300,'65041',707,,8198,23,,,0,20,,8199,23,,,0,30,,8200,23,,,0,69,,8211,23,,,0,29,,8182,23,,,0,70,,8183,23,,,0,30,,8184,23,,,0,70,,8185,23,,,0,30,,8186,23,,,0,70,,8187,23,,,0,30,,8188,23,,,0,69,,8189,23,,,0,30,,8190,23,,,0,70,,8191,23,,,0,29,,8192,23,,,0,71,,8193,23,,,0,29,,8194,23,,,0,70,,8195,23,,,0,30,,8196,23,,,0,70,,8197,23,,,0,30,,8201,23,,,0,55,,8202,23,,,0,19,,8203,23,,,0,32,,8204,23,,,0,74,,8205,23,,,0,78,,8206,23,,,0,31,,8212,23,,,0,70,,8207,23,,,0,100,,8208,23,,,0,100,,8209,23,,,0,98,,8210,23,,,0
300,'65042',707,,8229,23,,,0,20,,8230,23,,,0,30,,8231,23,,,0,69,,8242,23,,,0,29,,8213,23,,,0,70,,8214,23,,,0,30,,8215,23,,,0,70,,8216,23,,,0,30,,8217,23,,,0,70,,8218,23,,,0,30,,8219,23,,,0,69,,8220,23,,,0,30,,8221,23,,,0,70,,8222,23,,,0,29,,8223,23,,,0,71,,8224,23,,,0,29,,8225,23,,,0,70,,8226,23,,,0,30,,8227,23,,,0,70,,8228,23,,,0,30,,8232,23,,,0,55,,8233,23,,,0,19,,8234,23,,,0,32,,8235,23,,,0,74,,8236,23,,,0,78,,8237,23,,,0,31,,8243,23,,,0,70,,8238,23,,,0,100,,8239,23,,,0,100,,8240,23,,,0,98,,8241,23,,,0
5500,'65040',718,,10946,18,,,2,124,,10952,18,,,2,112,,10948,18,,,2,156,,10955,18,,,2,117,,10949,18,,,2,115,,10953,18,,,2,158,,10950,18,,,2,116,,10954,18,,,2,123,,10947,18,,,2,110,,10951,18,0,5 6 2 66,2
5500,'65041',821,,10961,18,,,2,111,,10963,18,,,2,110,,10962,18,,,2,110,,10960,18,,,2,153,,10959,18,,,2,110,,10958,18,,,2,110,,10957,18,,,2,107,,10956,18,0,5 6 2 66,2
5500,'65042',821,,10969,18,,,2,111,,10971,18,,,2,110,,10970,18,,,2,110,,10968,18,,,2,153,,10967,18,,,2,110,,10966,18,,,2,110,,10965,18,,,2,107,,10964,18,0,5 6 2 66,2
5700,'65040',908,,11002,8,,,2,99,,11000,8,,,2,123,,11001,8,,,2,105,,10998,8,,,2,121,,11003,8,,,2,145,,10999,8,,,2,120,,11004,8,,,2
5700,'65041',1113,,11010,8,,,2,113,,11009,8,,,2,102,,11008,8,,,2,112,,11007,8,,,2,102,,11006,8,,,2,112,,11005,8,0,56,2
5700,'65042',1113,,11016,8,,,2,113,,11015,8,,,2,102,,11014,8,,,2,112,,11013,8,,,2,102,,11012,8,,,2,112,,11011,8,0,56,2
90300,'65040',2320,,11467,30,,,0,106,,11468,30,,,0
90300,'65041',2426,,11471,30,,,0
90300,'65042',2426,,11473,30,,,0
