101,'65030',715,,4022,50,,,0,17,,4027,50,,,0,79,,4023,50,,,0,222,,4029,50,,,0,100,,4036,50,,,0,99,,4037,50,,,0,102,,4038,50,,,0,101,,4039,50,,,0,172,,4035,50,,,0,24,,4041,50,,,0,177,,4045,50,,,0,120,,4049,50,,,0,94,,4048,50,,,0,100,,4047,50,,,0,128,,4052,27,,,0,100,,4053,27,,,0
401,'65030',646,,4564,20,,,0,65,,4559,52,,,0,11,,4566,20,,,0,12,,4560,52,,,0,19,,4561,52,,,0,71,,4562,55,,,0,17,,4567,23,,,0,11,,4563,55,,,0,7,,4565,23,,,0,56,,4600,52,,,0,92,,4602,20,,,0,14,,4569,52,,,0,31,,4570,52,,,0,58,,4568,20,,,0,21,,4571,52,,,0,25,,4572,52,,,0,52,,4604,20,,,0,15,,4573,52,,,0,17,,4605,20,,,0,62,,4607,20,,,0,20,,4575,52,,,0,80,,4603,20,,,0,19,,4577,52,,,0,104,,4579,52,,,0,83,,4606,20,,,0,22,,4593,23,,,0,17,,4594,20,,,0,53,,4592,52,,,0,21,,4598,20,,,0,86,,4588,52,,,0,19,,4587,52,,,0,26,,4599,52,,,0,91,,4586,52,,,0,65,,4585,52,,,0,29,,4584,52,,,0,67,,4583,52,,,0,35,,4582,52,,,0,62,,4595,20,,,0,44,,4596,20,,,0,101,,4597,20,,,0
401,'65031',715,,4625,20,,,0,26,,4626,20,,,0,74,,4627,20,,,0,24,,4623,52,,,0,77,,4624,20,,,0,88,,4615,52,,,0,30,,4608,20,,,0,69,,4616,52,,,0,30,,4609,20,,,0,71,,4617,52,,,0,30,,4610,20,,,0,70,,4618,52,,,0,31,,4611,20,,,0,69,,4619,52,,,0,32,,4612,20,,,0,68,,4620,52,,,0,32,,4613,20,,,0,67,,4621,52,,,0,31,,4614,20,,,0,69,,4622,52,,,0,33,,4631,20,,,0,23,,4637,52,,,0,61,,4628,52,,,0,20,,4629,52,,,0,102,,4632,20,,,0,100,,4633,20,,,0,99,,4634,20,,,0,100,,4635,20,,,0,100,,4636,20,,,0
401,'65032',715,,4655,20,,,0,26,,4656,20,,,0,74,,4657,20,,,0,24,,4653,52,,,0,77,,4654,20,,,0,88,,4645,52,,,0,30,,4638,20,,,0,69,,4646,52,,,0,30,,4639,20,,,0,71,,4647,52,,,0,30,,4640,20,,,0,70,,4648,52,,,0,31,,4641,20,,,0,69,,4649,52,,,0,32,,4642,20,,,0,68,,4650,52,,,0,32,,4643,20,,,0,67,,4651,52,,,0,31,,4644,20,,,0,69,,4652,52,,,0,33,,4661,20,,,0,23,,4667,52,,,0,61,,4658,52,,,0,20,,4659,52,,,0,102,,4662,20,,,0,100,,4663,20,,,0,99,,4664,20,,,0,100,,4665,20,,,0,100,,4666,20,,,0
401,'65035',815,,4668,55,,,0
1701,'65030',636,,6348,20,,,0,67,,6349,20,,,0,109,,6351,20,,,0,20,,6352,23,,,0,102,,6354,20,,,0,21,,6355,20,,,0,81,,6356,20,,,0,305,,6362,20,,,0,102,,6364,20,,,0,62,,6377,20,,,0,35,,6365,20,,,0,16,,6366,20,,,0,64,,6367,20,,,0,19,,6368,23,,,0,68,,6369,20,,,0,28,,6371,20,,,0,18,,6370,20,,,0,166,,6374,20,,,0
5701,'65030',954,,7340,92,,,0,160,,7341,92,,,0,107,,7342,92,,,0,118,,7343,92,,,0,105,,7344,92,,,0,160,,7345,92,,,0,105,,7346,92,,,0
5701,'65031',1206,,7352,92,,,0,102,,7351,92,,,0,113,,7350,92,,,0,102,,7349,92,,,0,111,,7348,92,,,0
5701,'65032',1206,,7358,92,,,0,102,,7357,92,,,0,113,,7356,92,,,0,102,,7355,92,,,0,111,,7354,92,,,0
90700,'65030',642,,7848,38,,,0
