600,'65030',656,,4791,22,,,0,61,,4792,22,,,0,19,,4793,22,,,0,22,,4794,22,,,0,56,,4828,22,,,0,17,,4795,22,,,0,9,,4796,22,,,0,68,,4797,22,,,0,36,,4809,22,,,0,68,,4808,22,,,0,32,,4807,22,,,0,68,,4806,22,,,0,32,,4805,22,,,0,71,,4804,22,,,0,22,,4810,22,,,0,20,,4803,22,,,0,58,,4802,22,,,0,28,,4801,22,,,0,69,,4800,22,,,0,31,,4799,22,,,0,72,,4798,22,,,0,31,,4811,22,,,0,75,,4812,22,,,0,18,,4813,22,,,0,70,,4814,22,,,0,24,,4815,22,,,0,72,,4816,22,,,0,29,,4817,22,,,0,73,,4818,22,,,0,32,,4819,22,,,0,84,,4820,22,,,0,30,,4821,22,,,0,64,,4822,22,,,0,40,,4823,22,,,0,69,,4824,22,,,0,30,,4825,22,,,0,64,,4826,22,,,0
600,'65031',655,,4838,22,,,0,97,,4839,22,,,0,66,,4840,22,,,0,90,,4829,22,,,0,44,,4830,22,,,0,102,,4831,22,,,0,101,,4832,22,,,0,100,,4833,22,,,0,101,,4834,22,,,0,103,,4835,22,,,0,100,,4836,22,,,0,100,,4837,22,,,0,142,,4847,22,,,0,50,,4846,22,,,0,83,,4845,22,,,0,99,,4844,22,,,0,99,,4843,22,,,0,75,,4842,22,,,0,102,,4841,22,,,0
600,'65032',655,,4858,22,,,0,97,,4859,22,,,0,66,,4860,22,,,0,90,,4849,22,,,0,44,,4850,22,,,0,102,,4851,22,,,0,101,,4852,22,,,0,100,,4853,22,,,0,101,,4854,22,,,0,103,,4855,22,,,0,100,,4856,22,,,0,100,,4857,22,,,0,142,,4867,22,,,0,50,,4866,22,,,0,83,,4865,22,,,0,99,,4864,22,,,0,99,,4863,22,,,0,75,,4862,22,,,0,102,,4861,22,,,0
801,'65030',645,,5275,53,,,1,70,,5276,53,,,1,20,,5277,48,,,1,17,,5278,48,,,1,49,,5326,48,,,1,8,,5279,48,,,1,8,,5280,48,,,1,12,,5322,53,,,1,9,,5281,48,,,1,13,,5282,48,,,1,54,,5283,48,,,1,13,,5284,48,,,1,20,,5285,48,,,1,19,,5286,48,,,1,60,,5287,48,,,1,20,,5288,48,,,1,20,,5289,48,,,1,60,,5290,48,,,1,21,,5291,48,,,1,20,,5292,48,,,1,61,,5293,48,,,1,20,,5294,48,,,1,20,,5295,48,,,1,59,,5296,48,,,1,20,,5297,48,,,1,20,,5298,48,,,1,60,,5299,48,,,1,21,,5300,48,,,1,61,,5301,48,,,1,20,,5325,48,,,1,15,,5302,48,,,1,15,,5303,48,,,1,61,,5304,53,,,1,15,,5305,48,,,1,18,,5306,48,,,1,56,,5307,53,,,1,11,,5308,48,,,1,15,,5309,48,,,1,14,,5310,48,,,1,15,,5311,48,,,1,54,,5312,48,,,1,20,,5313,48,,,1,24,,5314,48,,,1,59,,5315,48,,,1,33,,5316,48,,,1,66,,5317,48,,,1,29,,5318,48,,,1,64,,5319,48,,,1,31,,5320,48,,,1,70,,5321,48,,,1,37,,5324,48,,,1,100,,5323,48,,,1
801,'65031',740,,5344,48,,,1,99,,5345,48,,,1,65,,5346,48,,,1,21,,5327,48,,,1,31,,5328,48,,,1,70,,5329,48,,,1,31,,5330,48,,,1,71,,5331,48,,,1,30,,5332,48,,,1,70,,5333,48,,,1,31,,5334,48,,,1,70,,5335,48,,,1,30,,5336,48,,,1,70,,5337,48,,,1,30,,5338,48,,,1,70,,5339,48,,,1,30,,5340,48,,,1,70,,5341,48,,,1,30,,5342,48,,,1,70,,5343,48,,,1,29,,5347,48,,,1,70,,5348,48,,,1,30,,5349,48,,,1,67,,5355,48,,,1,18,,5350,48,,,1,69,,5356,48,,,1,31,,5351,48,,,1,100,,5352,48,,,1,98,,5353,48,,,1,99,,5354,48,,,1
801,'65032',740,,5374,48,,,1,99,,5375,48,,,1,65,,5376,48,,,1,21,,5357,48,,,1,31,,5358,48,,,1,70,,5359,48,,,1,31,,5360,48,,,1,71,,5361,48,,,1,30,,5362,48,,,1,70,,5363,48,,,1,31,,5364,48,,,1,70,,5365,48,,,1,30,,5366,48,,,1,70,,5367,48,,,1,30,,5368,48,,,1,70,,5369,48,,,1,30,,5370,48,,,1,70,,5371,48,,,1,30,,5372,48,,,1,70,,5373,48,,,1,29,,5377,48,,,1,70,,5378,48,,,1,30,,5379,48,,,1,67,,5385,48,,,1,18,,5380,48,,,1,69,,5386,48,,,1,31,,5381,48,,,1,100,,5382,48,,,1,98,,5383,48,,,1,99,,5384,48,,,1
901,'65030',712,,5452,56,,,0,28,,5453,56,,,0,65,,5454,56,,,0,9,,5459,26,,,0,16,,5455,56,,,0,17,,5456,56,,,0,56,,5457,56,,,0,24,,5458,56,,,0,26,,5474,56,,,0,62,,5473,56,,,0,20,,5472,56,,,0,81,,5471,56,,,0,21,,5470,56,,,0,81,,5469,56,,,0,21,,5468,56,,,0,80,,5467,56,,,0,20,,5466,56,,,0,80,,5465,56,,,0,20,,5464,56,,,0,81,,5463,56,,,0,21,,5462,56,,,0,66,,5486,56,,,0,28,,5461,56,,,0,65,,5460,56,,,0,48,,5482,56,,,0,81,,5485,56,,,0,22,,5484,56,,,0,72,,5483,56,,,0
901,'65031',1039,,5487,56,,,0,100,,5488,56,,,0,100,,5494,56,,,0,101,,5493,56,,,0,100,,5492,56,,,0,99,,5491,56,,,0,105,,5490,56,,,0,96,,5489,56,,,0
901,'65032',1039,,5503,56,,,0,100,,5504,56,,,0,100,,5510,56,,,0,101,,5509,56,,,0,100,,5508,56,,,0,99,,5507,56,,,0,105,,5506,56,,,0,96,,5505,56,,,0
1100,'65030',609,,5563,25,0,22 23,0,21,,5578,25,0,22 23,0,27,,5519,46,,,0,67,,5520,46,,,0,18,,5524,25,,,0,58,,5567,46,0,22 23,0,6,,5566,25,0,22 23,0,13,,5521,46,,,0,8,,5565,25,0,22 23,0,13,,5522,46,,,0,15,,5564,25,0,22 23,0,64,,5523,46,,,0,14,,5571,25,0,22 23,0,14,,5525,46,,,0,54,,5568,25,0,22 23,0,16,,5526,46,,,0,13,,5572,25,0,22 23,0,17,,5527,46,,,0,53,,5560,25,0,22 23,0,17,,5528,46,,,0,12,,5573,25,0,22 23,0,17,,5529,46,,,0,11,,5561,25,0,22 23,0,59,,5530,46,,,0,13,,5559,25,0,22 23,0,18,,5531,46,,,0,54,,5562,25,0,22 23,0,16,,5532,46,,,0,13,,5557,25,0,22 23,0,17,,5533,46,,,0,54,,5558,25,0,22 23,0,15,,5534,46,,,0,13,,5576,25,,,0,17,,5535,46,,,0,13,,5554,25,0,22 23,0,57,,5536,46,,,0,13,,5556,25,0,22 23,0,17,,5537,46,,,0,5,,5552,25,0,22 23,0,49,,5555,25,0,22 23,0,13,,5538,46,,,0,14,,5549,25,,,0,16,,5539,46,,,0,13,,5574,25,0,22 23,0,55,,5540,46,,,0,18,,5577,25,0,22 23,0,16,,5541,46,,,0,12,,5575,25,0,22 23,0,58,,5542,46,,,0,12,,5553,25,0,22 23,0,14,,5569,46,,,0,73,,5543,46,,,0,30,,5544,46,,,0,83,,5545,46,,,0,30,,5550,25,,,0,70,,5546,46,,,0,26,,5551,25,0,24 1 25,0,77,,5547,46,,,0,100,,5548,46,0,24 1 25,0,90,,5570,46,0,22 23,0
1100,'65031',721,,5594,25,,,0,100,,5595,46,,,0,31,,5596,25,,,0,66,,5579,46,,,0,32,,5580,46,,,0,72,,5587,25,,,0,28,,5581,46,,,0,62,,5588,25,,,0,30,,5582,46,,,0,69,,5589,25,,,0,28,,5583,46,,,0,74,,5590,25,,,0,32,,5584,46,,,0,67,,5591,25,,,0,33,,5585,46,,,0,67,,5592,25,,,0,36,,5586,46,,,0,64,,5593,25,,,0,36,,5597,46,,,0,67,,5598,46,,,0,44,,5599,25,0,22 23,0,61,,5600,46,,,0,97,,5601,46,,,0,100,,5602,46,,,0,100,,5603,46,,,0,101,,5604,46,,,0,108,,5605,46,0,24 1 25,0
1100,'65032',721,,5621,25,,,0,100,,5622,46,,,0,31,,5623,25,,,0,66,,5606,46,,,0,32,,5607,46,,,0,72,,5614,25,,,0,28,,5608,46,,,0,62,,5615,25,,,0,30,,5609,46,,,0,69,,5616,25,,,0,28,,5610,46,,,0,74,,5617,25,,,0,32,,5611,46,,,0,67,,5618,25,,,0,33,,5612,46,,,0,67,,5619,25,,,0,36,,5613,46,,,0,64,,5620,25,,,0,36,,5624,46,,,0,67,,5625,46,,,0,44,,5626,25,0,22 23,0,61,,5627,46,,,0,97,,5628,46,,,0,100,,5629,46,,,0,100,,5630,46,,,0,101,,5631,46,,,0,108,,5632,46,0,24 1 25,0
1100,'65037',803,,5633,25,0,22 23,0,10,,5634,25,0,22 23,0
1101,'65030',641,,5692,32,0,15 1 16,0,18,,5637,32,,,0,70,,5638,32,,,0,28,,5693,32,,,0,55,,5639,32,,,0,29,,5640,32,,,0,68,,5641,32,,,0,25,,5642,32,,,0,68,,5643,32,,,0,15,,5656,10,0,15 1 16,0,14,,5644,32,,,0,70,,5645,32,,,0,17,,5657,10,0,15 1 16,0,12,,5646,32,,,0,15,,5661,10,0,15 1 16,0,55,,5647,32,,,0,14,,5658,10,0,15 1 16,0,17,,5648,32,,,0,15,,5662,10,0,15 1 16,0,55,,5649,32,,,0,14,,5659,10,0,15 1 16,0,16,,5650,32,,,0,70,,5651,32,,,0,12,,5660,10,0,15 1 16,0,17,,5652,32,,,0,16,,5663,10,0,15 1 16,0,55,,5653,32,,,0,10,,5655,10,0,15 1 16,0,9,,5664,10,0,15 1 16,0,10,,5654,32,,,0,14,,5680,32,0,15 1 16,0,8,,5681,10,0,15 1 16,0,7,,5682,10,0,15 1 16,0,48,,5665,32,,,0,18,,5683,10,0,15 1 16,0,13,,5666,32,,,0,8,,5684,10,0,15 1 16,0,12,,5685,10,0,15 1 16,0,50,,5667,32,,,0,15,,5686,10,0,15 1 16,0,15,,5668,32,,,0,15,,5677,32,0,15 1 16,0,55,,5669,32,,,0,20,,5670,32,,,0,15,,5687,10,0,15 1 16,0,16,,5671,32,,,0,49,,5688,10,0,15 1 16,0,20,,5672,32,,,0,30,,5689,32,0,15 1 16,0,70,,5673,32,,,0,25,,5678,32,0,15 1 16,0,66,,5679,32,0,15 1 16,0,16,,5674,32,,,0,12,,5690,32,0,15 1 16,0,55,,5691,10,0,15 1 16,0,31,,5675,32,,,0,103,,5676,32,,,0,78,,5694,32,0,15 1 16,0
1101,'65031',827,,5712,32,,,0,79,,5695,10,,,0,34,,5704,32,0,15 1 16,0,65,,5696,32,,,0,35,,5705,32,0,15 1 16,0,65,,5697,32,,,0,35,,5706,32,0,15 1 16,0,65,,5698,32,,,0,35,,5707,32,0,15 1 16,0,65,,5699,32,,,0,35,,5708,32,0,15 1 16,0,65,,5700,32,,,0,34,,5709,32,0,15 1 16,0,70,,5701,32,,,0,30,,5710,32,0,15 1 16,0,71,,5702,32,,,0,32,,5711,32,0,15 1 16,0,69,,5703,32,,,0,14,,5715,32,0,15 1 16,0,15,,5716,32,,,0,70,,5717,32,0,15 1 16,0,24,,5718,32,,,0,101,,5719,32,,,0,100,,5720,32,,,0,99,,5721,32,,,0,100,,5722,32,,,0,100,,5723,32,,,0
1101,'65032',827,,5741,32,,,0,79,,5724,10,,,0,34,,5733,32,0,15 1 16,0,65,,5725,32,,,0,35,,5734,32,0,15 1 16,0,65,,5726,32,,,0,35,,5735,32,0,15 1 16,0,65,,5727,32,,,0,35,,5736,32,0,15 1 16,0,65,,5728,32,,,0,35,,5737,32,0,15 1 16,0,65,,5729,32,,,0,34,,5738,32,0,15 1 16,0,70,,5730,32,,,0,30,,5739,32,0,15 1 16,0,71,,5731,32,,,0,32,,5740,32,0,15 1 16,0,69,,5732,32,,,0,14,,5744,32,0,15 1 16,0,15,,5745,32,,,0,70,,5746,32,0,15 1 16,0,24,,5747,32,,,0,101,,5748,32,,,0,100,,5749,32,,,0,99,,5750,32,,,0,100,,5751,32,,,0,100,,5752,32,,,0
1101,'65035',1620,,5754,10,0,15 1 16,0
1301,'65030',817,,5892,32,,,0
1401,'65030',602,,5972,39,,,0,30,,6020,39,,,0,26,,5973,39,,,0,67,,5974,39,,,0,20,,5975,39,,,0,56,,5976,39,,,0,12,,5977,39,,,0,27,,5978,39,,,0,60,,6019,39,,,0,17,,5979,39,,,0,19,,5987,39,,,0,19,,6018,39,,,0,60,,5980,39,,,0,20,,5988,39,,,0,20,,5994,39,,,0,60,,5981,39,,,0,21,,5989,39,,,0,20,,5995,39,,,0,55,,5982,39,,,0,25,,5990,39,,,0,15,,5996,39,,,0,64,,5983,39,,,0,21,,5991,39,,,0,20,,5997,39,,,0,60,,5984,39,,,0,21,,5992,39,,,0,19,,5998,39,,,0,60,,5985,39,,,0,24,,5993,39,,,0,61,,5999,39,,,0,23,,5986,39,,,0,23,,6000,39,,,0,64,,6001,39,,,0,12,,6002,39,,,0,15,,6003,39,,,0,18,,6004,39,,,0,62,,6005,39,,,0,21,,6006,39,,,0,64,,6007,39,,,0,24,,6008,39,,,0,73,,6009,39,,,0,31,,6010,39,,,0,26,,6011,39,,,0,69,,6012,39,,,0,30,,6013,39,,,0,69,,6014,39,,,0,33,,6015,39,,,0,98,,6016,39,,,0,57,,6017,39,,,0
1401,'65031',754,,6029,39,,,0,100,,6030,39,,,0,98,,6021,39,,,0,90,,6022,39,,,0,100,,6023,39,,,0,101,,6024,39,,,0,100,,6025,39,,,0,100,,6026,39,,,0,100,,6027,39,,,0,100,,6028,39,,,0,157,,6031,39,,,0,101,,6032,39,,,0,57,,6033,39,,,0,100,,6034,39,,,0,97,,6035,39,,,0,97,,6036,39,,,0,100,,6037,39,,,0,60,,6038,39,,,0
1401,'65032',754,,6047,39,,,0,100,,6048,39,,,0,98,,6039,39,,,0,90,,6040,39,,,0,100,,6041,39,,,0,101,,6042,39,,,0,100,,6043,39,,,0,100,,6044,39,,,0,100,,6045,39,,,0,100,,6046,39,,,0,157,,6049,39,,,0,101,,6050,39,,,0,57,,6051,39,,,0,100,,6052,39,,,0,97,,6053,39,,,0,97,,6054,39,,,0,100,,6055,39,,,0,60,,6056,39,,,0
1501,'65030',735,,6107,11,,,0,77,,6093,11,,,0,28,,6094,11,,,0,88,,6095,11,,,0,112,,6096,11,,,0,83,,6097,11,,,0,123,,6098,11,,,0,92,,6099,11,,,0,92,,6100,11,,,0,100,,6101,11,,,0,74,,6102,11,,,0,28,,6108,11,,,0,80,,6106,11,,,0,93,,6105,11,,,0,100,,6104,11,,,0,100,,6103,11,,,0
1501,'65031',829,,6116,11,,,0,100,,6109,11,,,0,94,,6110,11,,,0,127,,6111,11,,,0,100,,6112,11,,,0,101,,6113,11,,,0,101,,6114,11,,,0,101,,6115,11,,,0,99,,6118,11,,,0,99,,6117,11,,,0
1501,'65032',829,,6126,11,,,0,100,,6119,11,,,0,94,,6120,11,,,0,127,,6121,11,,,0,100,,6122,11,,,0,101,,6123,11,,,0,101,,6124,11,,,0,101,,6125,11,,,0,99,,6128,11,,,0,99,,6127,11,,,0
1601,'65030',645,,6208,19,,,0,81,,6209,19,,,0,19,,6210,19,,,0,57,,6211,19,,,0,14,,6212,19,,,0,21,,6207,19,,,0,69,,6213,19,,,0,24,,6214,19,,,0,24,,6221,19,,,0,72,,6220,19,,,0,29,,6222,19,,,0,71,,6219,19,,,0,27,,6223,19,,,0,53,,6227,19,,,0,17,,6218,19,,,0,13,,6228,19,,,0,16,,6224,19,,,0,56,,6247,19,,,0,17,,6217,19,,,0,30,,6225,19,,,0,70,,6216,19,,,0,29,,6226,19,,,0,70,,6215,19,,,0,17,,6249,19,,,0,59,,6246,19,,,0,25,,6245,19,,,0,30,,6244,19,,,0,52,,6243,19,,,0,11,,6242,19,,,0,15,,6241,19,,,0,13,,6240,19,,,0,57,,6239,19,,,0,19,,6238,19,,,0,24,,6248,19,,,0,66,,6237,19,,,0,27,,6236,19,,,0,69,,6235,19,,,0,31,,6234,19,,,0,73,,6233,19,,,0,29,,6250,19,,,0,69,,6232,19,,,0,23,,6231,19,,,0,16,,6230,19,,,0,75,,6229,19,,,0
1601,'65031',707,,6260,19,,,0,102,,6261,19,,,0,101,,6259,19,,,0,93,,6267,19,,,0,28,,6251,19,,,0,100,,6252,19,,,0,100,,6253,19,,,0,101,,6254,19,,,0,101,,6255,19,,,0,101,,6256,19,,,0,99,,6257,19,,,0,99,,6258,19,,,0,100,,6262,19,,,0,78,,6263,19,,,0,100,,6264,19,,,0,98,,6265,19,,,0,125,,6266,19,,,0
1601,'65032',707,,6277,19,,,0,102,,6278,19,,,0,101,,6276,19,,,0,93,,6284,19,,,0,28,,6268,19,,,0,100,,6269,19,,,0,100,,6270,19,,,0,101,,6271,19,,,0,101,,6272,19,,,0,101,,6273,19,,,0,99,,6274,19,,,0,99,,6275,19,,,0,100,,6279,19,,,0,78,,6280,19,,,0,100,,6281,19,,,0,98,,6282,19,,,0,125,,6283,19,,,0
1800,'65030',709,,6413,40,,,0,19,,6412,40,,,0,17,,6411,40,,,0,69,,6410,40,,,0,33,,6409,40,,,0,73,,6408,40,,,0,19,,6425,40,,,0,78,,6414,40,,,0,24,,6421,40,,,0,61,,6415,40,,,0,41,,6422,40,,,0,59,,6416,40,,,0,20,,6438,40,,,0,21,,6423,40,,,0,80,,6417,40,,,0,34,,6424,40,,,0,66,,6418,40,,,0,26,,6420,40,,,0,81,,6419,40,,,0,27,,6437,40,,,0,58,,6426,40,,,0,36,,6427,40,,,0,57,,6428,40,,,0,27,,6429,40,,,0,19,,6430,40,,,0,64,,6431,40,,,0,84,,6432,40,,,0,31,,6433,40,,,0,67,,6434,40,,,0,117,,6435,40,,,0,93,,6436,40,,,0
1800,'65031',806,,6448,40,,,0,111,,6439,40,,,0,96,,6440,40,,,0,99,,6441,40,,,0,101,,6442,40,,,0,100,,6443,40,,,0,100,,6444,40,,,0,100,,6445,40,,,0,100,,6446,40,,,0,106,,6447,40,,,0,97,,6449,40,,,0,89,,6450,40,,,0,46,,6451,40,,,0,100,,6452,40,,,0,100,,6453,40,,,0
1800,'65032',806,,6463,40,,,0,111,,6454,40,,,0,96,,6455,40,,,0,99,,6456,40,,,0,101,,6457,40,,,0,100,,6458,40,,,0,100,,6459,40,,,0,100,,6460,40,,,0,100,,6461,40,,,0,106,,6462,40,,,0,97,,6464,40,,,0,89,,6465,40,,,0,46,,6466,40,,,0,100,,6467,40,,,0,100,,6468,40,,,0
1800,'65035',755,,6470,31,,,0,70,,6469,31,,,0
2400,'65030',634,,6687,23,,,0,71,,6688,23,,,0,31,,6689,23,,,0,66,,6690,23,,,0,12,,6691,23,,,0,26,,6692,23,,,0,75,,6693,23,,,0,31,,6694,23,,,0,71,,6713,23,,,0,31,,6695,23,,,0,71,,6696,23,,,0,31,,6697,23,,,0,71,,6698,23,,,0,31,,6699,23,,,0,71,,6700,23,,,0,31,,6701,23,,,0,71,,6702,23,,,0,31,,6703,23,,,0,73,,6704,23,,,0,73,,6705,23,,,0,36,,6706,23,,,0,75,,6707,23,,,0,38,,6708,23,,,0,74,,6709,23,,,0,75,,6710,23,,,0,35,,6711,23,,,0,75,,6712,23,,,0,35,,6714,23,,,0,80,,6715,23,,,0,32,,6686,23,,,0
2400,'65031',809,,6732,23,,,0,33,,6728,23,,,0,75,,6729,23,,,0,100,,6731,23,,,0,100,,6730,23,,,0,100,,6727,23,,,0,100,,6726,23,,,0,100,,6725,23,,,0,100,,6724,23,,,0,100,,6721,23,,,0,105,,6718,23,,,0,93,,6717,23,,,0,92,,6720,23,,,0,35,,6723,23,,,0,100,,6716,23,,,0,100,,6722,23,,,0,98,,6719,23,,,0
2400,'65032',809,,6749,23,,,0,33,,6745,23,,,0,75,,6746,23,,,0,100,,6748,23,,,0,100,,6747,23,,,0,100,,6744,23,,,0,100,,6743,23,,,0,100,,6742,23,,,0,100,,6741,23,,,0,100,,6738,23,,,0,105,,6735,23,,,0,93,,6734,23,,,0,92,,6737,23,,,0,35,,6740,23,,,0,100,,6733,23,,,0,100,,6739,23,,,0,98,,6736,23,,,0
2901,'65033',2425,,6961,21,,,0,30,,6960,21,,,0,70,,6959,21,,,0,30,,6958,21,,,0,70,,6957,21,,,0,30,,6956,21,,,0
45301,'65030',817,,7424,10,,,0,505,,7428,11,,,0,226,,7425,10,,,0,153,,7426,10,,,0,53,,7427,10,,,0,98,,7429,11,,,0
91800,'65031',2303,,7868,42,,,0
91800,'65032',2303,,7869,42,,,0
