101,'65020',703,,54,,,0,15,,59,,,0,37,,55,,,0,263,,61,,,0,100,,68,,,0,98,,69,,,0,102,,70,,,0,100,,71,,,0,130,,67,,,0,64,,73,,,0,141,,77,,,0,162,,81,,,0,95,,80,,,0,100,,79,,,0,129,,84,,,0,100,,85,,,0
301,'65020',600,,365,,,0,25,,366,,,0,15,,367,,,0,15,,368,,,0,54,,369,,,0,17,,370,,,0,15,,371,,,0,10,,372,,,0,50,,373,,,0,10,,374,,,0,10,,375,,,0,10,,376,,,0,10,,377,,,0,15,,378,,,0,55,,379,,,0,15,,380,,,0,20,,381,,,0,60,,382,,,0,20,,383,,,0,20,,384,,,0,60,,385,,,0,20,,386,,,0,20,,387,,,0,60,,388,,,0,20,,420,,,0,20,,389,,,0,60,,390,,,0,20,,391,,,0,20,,392,,,0,60,,393,,,0,21,,394,,,0,20,,395,,,0,60,,396,,,0,21,,397,,,0,14,,398,,,0,15,,399,,,0,50,,400,,,0,10,,401,,,0,10,,402,,,0,10,,403,,,0,10,,404,,,0,10,,405,,,0,55,,406,,,0,14,,407,,,0,15,,408,,,0,60,,409,,,0,19,,410,,,0,20,,411,,,0,65,,412,,,0,31,,413,,,0,64,,414,,,0,30,,415,,,0,70,,416,,,0,30,,421,,,0,70,,417,,,0,25,,418,,,0,100,,419,,,0
301,'65021',634,,439,,,0,70,,440,,,0,30,,441,,,0,70,,442,,,0,26,,443,,,0,27,,438,,,0,71,,422,,,0,27,,423,,,0,70,,424,,,0,30,,425,,,0,70,,426,,,0,30,,427,,,0,70,,428,,,0,30,,429,,,0,70,,430,,,0,30,,431,,,0,70,,432,,,0,30,,433,,,0,70,,434,,,0,30,,435,,,0,70,,436,,,0,30,,437,,,0,70,,444,,,0,24,,445,,,0,81,,446,,,0,71,,452,,,0,30,,447,,,0,71,,453,,,0,32,,448,,,0,97,,449,,,0,100,,450,,,0,100,,451,,,0
301,'65022',634,,471,,,0,70,,472,,,0,30,,473,,,0,70,,474,,,0,26,,475,,,0,27,,470,,,0,71,,454,,,0,27,,455,,,0,70,,456,,,0,30,,457,,,0,70,,458,,,0,30,,459,,,0,70,,460,,,0,30,,461,,,0,70,,462,,,0,30,,463,,,0,70,,464,,,0,30,,465,,,0,70,,466,,,0,30,,467,,,0,70,,468,,,0,30,,469,,,0,70,,476,,,0,24,,477,,,0,81,,478,,,0,71,,484,,,0,30,,479,,,0,71,,485,,,0,32,,480,,,0,97,,481,,,0,100,,482,,,0,100,,483,,,0
701,'65020',628,,1080,0,8 1 9,0,81,,1081,0,8 1 9,0,16,,1083,0,8 1 9,0,22,,1084,0,8 1 9,0,67,,1082,0,8 1 9,0,16,,1085,0,8 1 9,0,15,,1086,,,0,57,,1087,0,8 1 9,0,17,,1088,0,8 1 9,0,20,,1089,0,8 1 9,0,18,,1102,0,8 1 9,0,58,,1090,,,0,23,,1096,0,8 1 9,0,18,,1103,0,8 1 9,0,61,,1091,0,8 1 9,0,20,,1097,0,8 1 9,0,17,,1104,0,8 1 9,0,59,,1092,,,0,24,,1098,0,8 1 9,0,19,,1105,0,8 1 9,0,58,,1093,,,0,23,,1099,0,8 1 9,0,18,,1106,0,8 1 9,0,56,,1094,,,0,25,,1100,0,8 1 9,0,17,,1107,0,8 1 9,0,64,,1095,0,8 1 9,0,18,,1101,0,8 1 9,0,13,,1108,0,8 1 9,0,7,,1109,0,8 1 9,0,47,,1110,,,0,16,,1128,0,8 1 9,0,17,,1111,,,0,15,,1112,0,8 1 9,0,55,,1113,,,0,15,,1129,0,8 1 9,0,14,,1114,,,0,22,,1115,,,0,59,,1116,0,8 1 9,0,23,,1117,0,8 1 9,0,17,,1118,0,8 1 9,0,61,,1119,0,8 1 9,0,23,,1120,0,8 1 9,0,67,,1121,,,0,33,,1122,0,8 1 9,0,63,,1123,,,0,34,,1124,0,8 1 9,0,69,,1125,0,8 1 9,0,35,,1130,,,0,100,,1131,0,8 1 9,0,114,,1126,0,8 1 9,0
701,'65021',734,,1149,,,0,100,,1150,,,0,78,,1148,0,8 1 9,0,40,,1140,0,8 1 9,0,60,,1132,0,8 1 9,0,29,,1141,0,8 1 9,0,66,,1133,0,8 1 9,0,32,,1142,0,8 1 9,0,71,,1134,0,8 1 9,0,31,,1143,0,8 1 9,0,69,,1135,0,8 1 9,0,30,,1144,0,8 1 9,0,70,,1136,0,8 1 9,0,30,,1145,0,8 1 9,0,70,,1137,0,8 1 9,0,30,,1146,0,8 1 9,0,75,,1138,0,8 1 9,0,30,,1147,0,8 1 9,0,72,,1139,0,8 1 9,0,16,,1151,,,0,21,,1152,0,8 1 9,0,71,,1153,,,0,29,,1161,,,0,80,,1154,,,0,101,,1155,,,0,100,,1156,,,0,100,,1157,,,0,100,,1158,0,8 1 9,0,119,,1159,0,8 1 9,0
701,'65022',734,,1179,,,0,100,,1180,,,0,78,,1178,0,8 1 9,0,40,,1170,0,8 1 9,0,60,,1162,0,8 1 9,0,29,,1171,0,8 1 9,0,66,,1163,0,8 1 9,0,32,,1172,0,8 1 9,0,71,,1164,0,8 1 9,0,31,,1173,0,8 1 9,0,69,,1165,0,8 1 9,0,30,,1174,0,8 1 9,0,70,,1166,0,8 1 9,0,30,,1175,0,8 1 9,0,70,,1167,0,8 1 9,0,30,,1176,0,8 1 9,0,75,,1168,0,8 1 9,0,30,,1177,0,8 1 9,0,72,,1169,0,8 1 9,0,16,,1181,,,0,21,,1182,0,8 1 9,0,71,,1183,,,0,29,,1191,,,0,80,,1184,,,0,101,,1185,,,0,100,,1186,,,0,100,,1187,,,0,100,,1188,0,8 1 9,0,119,,1189,0,8 1 9,0
801,'65020',630,,1307,,,1,29,,1308,,,1,59,,1309,,,1,15,,1310,,,1,9,,1358,,,1,8,,1311,,,1,7,,1312,,,1,52,,1354,,,1,9,,1313,,,1,13,,1314,,,1,15,,1315,,,1,54,,1316,,,1,21,,1317,,,1,19,,1318,,,1,60,,1319,,,1,20,,1320,,,1,20,,1321,,,1,60,,1322,,,1,20,,1323,,,1,20,,1324,,,1,60,,1325,,,1,20,,1326,,,1,20,,1327,,,1,60,,1328,,,1,20,,1329,,,1,20,,1330,,,1,60,,1331,,,1,21,,1332,,,1,20,,1333,,,1,60,,1357,,,1,15,,1334,,,1,15,,1335,,,1,20,,1336,,,1,55,,1337,,,1,16,,1338,,,1,16,,1339,,,1,13,,1340,,,1,55,,1341,,,1,15,,1342,,,1,16,,1343,,,1,14,,1344,,,1,60,,1345,,,1,25,,1346,,,1,19,,1347,,,1,73,,1348,,,1,26,,1349,,,1,71,,1350,,,1,24,,1351,,,1,71,,1352,,,1,30,,1353,,,1,77,,1356,,,1,100,,1355,,,1
801,'65021',727,,1376,,,1,98,,1377,,,1,25,,1378,,,1,61,,1359,,,1,30,,1360,,,1,70,,1361,,,1,30,,1362,,,1,70,,1363,,,1,30,,1364,,,1,70,,1365,,,1,30,,1366,,,1,70,,1367,,,1,30,,1368,,,1,70,,1369,,,1,30,,1370,,,1,70,,1371,,,1,30,,1372,,,1,70,,1373,,,1,30,,1374,,,1,70,,1375,,,1,27,,1379,,,1,73,,1380,,,1,30,,1381,,,1,68,,1387,,,1,18,,1382,,,1,29,,1388,,,1,71,,1383,,,1,100,,1384,,,1,100,,1385,,,1,100,,1386,,,1
801,'65022',727,,1406,,,1,98,,1407,,,1,25,,1408,,,1,61,,1389,,,1,30,,1390,,,1,70,,1391,,,1,30,,1392,,,1,70,,1393,,,1,30,,1394,,,1,70,,1395,,,1,30,,1396,,,1,70,,1397,,,1,30,,1398,,,1,70,,1399,,,1,30,,1400,,,1,70,,1401,,,1,30,,1402,,,1,70,,1403,,,1,30,,1404,,,1,70,,1405,,,1,27,,1409,,,1,73,,1410,,,1,30,,1411,,,1,68,,1417,,,1,18,,1412,,,1,29,,1418,,,1,71,,1413,,,1,100,,1414,,,1,100,,1415,,,1,100,,1416,,,1
1201,'65020',627,,1861,,,0,28,,1862,,,0,70,,1857,,,0,26,,1858,,,0,70,,1859,,,0,27,,1860,,,0,64,,1863,,,0,28,,1864,,,0,72,,1865,,,0,28,,1866,,,0,72,,1867,,,0,29,,1868,,,0,72,,1869,,,0,14,,1892,,,0,14,,1870,,,0,72,,1871,,,0,30,,1872,,,0,71,,1873,,,0,30,,1874,,,0,67,,1875,,,0,29,,1876,,,0,61,,1877,,,0,15,,1878,,,0,16,,1879,,,0,14,,1880,,,0,55,,1881,,,0,21,,1882,,,0,18,,1883,,,0,65,,1884,,,0,25,,1885,,,0,70,,1886,,,0,35,,1887,,,0,95,,1888,,,0,100,,1889,,,0,80,,1890,,,0,118,,1891,,,0
1201,'65021',733,,1901,,,0,100,,1902,,,0,118,,1893,,,0,100,,1894,,,0,100,,1895,,,0,100,,1896,,,0,100,,1897,,,0,99,,1898,,,0,101,,1899,,,0,98,,1900,,,0,86,,1903,,,0,100,,1904,,,0,100,,1905,,,0,100,,1906,,,0,100,,1907,,,0
1201,'65022',733,,1916,,,0,100,,1917,,,0,118,,1908,,,0,100,,1909,,,0,100,,1910,,,0,100,,1911,,,0,100,,1912,,,0,99,,1913,,,0,101,,1914,,,0,98,,1915,,,0,86,,1918,,,0,100,,1919,,,0,100,,1920,,,0,100,,1921,,,0,100,,1922,,,0
1201,'65025',1611,,1923,,,0
91201,'65020',2238,,3905,,,0,100,,3906,,,0
91201,'65021',2231,,3907,,,0,100,,3908,,,0
91201,'65022',2231,,3909,,,0,100,,3910,,,0
91301,'65020',2454,,3911,,,0
91301,'65021',2454,,3912,,,0
91301,'65022',2454,,3913,,,0
