801,'65030',638,,5275,43,,,1,70,,5276,43,,,1,19,,5277,38,,,1,16,,5278,38,,,1,9,,5326,38,,,1,48,,5279,38,,,1,8,,5280,38,,,1,12,,5322,43,,,1,9,,5281,38,,,1,13,,5282,38,,,1,14,,5283,38,,,1,53,,5284,38,,,1,21,,5285,38,,,1,19,,5286,38,,,1,60,,5287,38,,,1,20,,5288,38,,,1,20,,5289,38,,,1,60,,5290,38,,,1,21,,5291,38,,,1,20,,5292,38,,,1,61,,5293,38,,,1,20,,5294,38,,,1,20,,5295,38,,,1,59,,5296,38,,,1,20,,5297,38,,,1,20,,5298,38,,,1,60,,5299,38,,,1,21,,5300,38,,,1,20,,5301,38,,,1,60,,5325,38,,,1,15,,5302,38,,,1,15,,5303,38,,,1,61,,5304,43,,,1,15,,5305,38,,,1,18,,5306,38,,,1,16,,5307,43,,,1,51,,5308,38,,,1,15,,5309,38,,,1,14,,5310,38,,,1,15,,5311,38,,,1,54,,5312,38,,,1,20,,5313,38,,,1,25,,5314,38,,,1,59,,5315,38,,,1,33,,5316,38,,,1,66,,5317,38,,,1,30,,5318,38,,,1,24,,5319,38,,,1,71,,5320,38,,,1,30,,5321,38,,,1,77,,5324,38,,,1,100,,5323,38,,,1
801,'65031',735,,5344,38,,,1,98,,5345,38,,,1,25,,5346,38,,,1,61,,5327,38,,,1,31,,5328,38,,,1,70,,5329,38,,,1,30,,5330,38,,,1,71,,5331,38,,,1,30,,5332,38,,,1,70,,5333,38,,,1,30,,5334,38,,,1,70,,5335,38,,,1,30,,5336,38,,,1,70,,5337,38,,,1,30,,5338,38,,,1,70,,5339,38,,,1,30,,5340,38,,,1,70,,5341,38,,,1,30,,5342,38,,,1,70,,5343,38,,,1,29,,5347,38,,,1,70,,5348,38,,,1,30,,5349,38,,,1,68,,5355,38,,,1,18,,5350,38,,,1,69,,5356,38,,,1,31,,5351,38,,,1,100,,5352,38,,,1,98,,5353,38,,,1,99,,5354,38,,,1
801,'65032',735,,5374,38,,,1,98,,5375,38,,,1,25,,5376,38,,,1,61,,5357,38,,,1,31,,5358,38,,,1,70,,5359,38,,,1,30,,5360,38,,,1,71,,5361,38,,,1,30,,5362,38,,,1,70,,5363,38,,,1,30,,5364,38,,,1,70,,5365,38,,,1,30,,5366,38,,,1,70,,5367,38,,,1,30,,5368,38,,,1,70,,5369,38,,,1,30,,5370,38,,,1,70,,5371,38,,,1,30,,5372,38,,,1,70,,5373,38,,,1,29,,5377,38,,,1,70,,5378,38,,,1,30,,5379,38,,,1,68,,5385,38,,,1,18,,5380,38,,,1,69,,5386,38,,,1,31,,5381,38,,,1,100,,5382,38,,,1,98,,5383,38,,,1,99,,5384,38,,,1
1100,'65030',601,,5563,15,0,22 23,0,21,,5578,15,0,22 23,0,28,,5519,36,,,0,67,,5520,36,,,0,16,,5524,15,,,0,17,,5567,36,0,22 23,0,6,,5566,15,0,22 23,0,54,,5521,36,,,0,7,,5565,15,0,22 23,0,14,,5522,36,,,0,15,,5564,15,0,22 23,0,65,,5523,36,,,0,13,,5571,15,0,22 23,0,15,,5525,36,,,0,13,,5568,15,0,22 23,0,57,,5526,36,,,0,12,,5572,15,0,22 23,0,19,,5527,36,,,0,12,,5560,15,0,22 23,0,58,,5528,36,,,0,11,,5573,15,0,22 23,0,17,,5529,36,,,0,10,,5561,15,0,22 23,0,59,,5530,36,,,0,13,,5559,15,0,22 23,0,18,,5531,36,,,0,14,,5562,15,0,22 23,0,57,,5532,36,,,0,13,,5557,15,0,22 23,0,18,,5533,36,,,0,13,,5558,15,0,22 23,0,56,,5534,36,,,0,12,,5576,15,,,0,17,,5535,36,,,0,12,,5554,15,0,22 23,0,58,,5536,36,,,0,12,,5556,15,0,22 23,0,18,,5537,36,,,0,4,,5552,15,0,22 23,0,9,,5555,15,0,22 23,0,53,,5538,36,,,0,13,,5549,15,,,0,15,,5539,36,,,0,14,,5574,15,0,22 23,0,55,,5540,36,,,0,19,,5577,15,0,22 23,0,17,,5541,36,,,0,11,,5575,15,0,22 23,0,60,,5542,36,,,0,11,,5553,15,0,22 23,0,15,,5569,36,,,0,73,,5543,36,,,0,30,,5544,36,,,0,83,,5545,36,,,0,30,,5550,15,,,0,71,,5546,36,,,0,25,,5551,15,0,24 1 25,0,78,,5547,36,,,0,100,,5548,36,0,24 1 25,0,90,,5570,36,0,22 23,0
1100,'65031',714,,5594,15,,,0,101,,5595,36,,,0,30,,5596,15,,,0,67,,5579,36,,,0,32,,5580,36,,,0,71,,5587,15,,,0,29,,5581,36,,,0,61,,5588,15,,,0,31,,5582,36,,,0,68,,5589,15,,,0,29,,5583,36,,,0,73,,5590,15,,,0,33,,5584,36,,,0,66,,5591,15,,,0,34,,5585,36,,,0,66,,5592,15,,,0,37,,5586,36,,,0,63,,5593,15,,,0,37,,5597,36,,,0,67,,5598,36,,,0,43,,5599,15,0,22 23,0,62,,5600,36,,,0,97,,5601,36,,,0,100,,5602,36,,,0,100,,5603,36,,,0,101,,5604,36,,,0,108,,5605,36,0,24 1 25,0
1100,'65032',714,,5621,15,,,0,101,,5622,36,,,0,30,,5623,15,,,0,67,,5606,36,,,0,32,,5607,36,,,0,71,,5614,15,,,0,29,,5608,36,,,0,61,,5615,15,,,0,31,,5609,36,,,0,68,,5616,15,,,0,29,,5610,36,,,0,73,,5617,15,,,0,33,,5611,36,,,0,66,,5618,15,,,0,34,,5612,36,,,0,66,,5619,15,,,0,37,,5613,36,,,0,63,,5620,15,,,0,37,,5624,36,,,0,67,,5625,36,,,0,43,,5626,15,0,22 23,0,62,,5627,36,,,0,97,,5628,36,,,0,100,,5629,36,,,0,100,,5630,36,,,0,101,,5631,36,,,0,108,,5632,36,0,24 1 25,0
1100,'65037',753,,5633,15,0,22 23,0,50,,5634,15,0,22 23,0
1401,'65030',556,,5972,29,,,0,70,,6020,29,,,0,26,,5973,29,,,0,66,,5974,29,,,0,18,,5975,29,,,0,15,,5976,29,,,0,52,,5977,29,,,0,27,,5978,29,,,0,20,,6019,29,,,0,58,,5979,29,,,0,19,,5987,29,,,0,20,,6018,29,,,0,60,,5980,29,,,0,20,,5988,29,,,0,20,,5994,29,,,0,60,,5981,29,,,0,21,,5989,29,,,0,20,,5995,29,,,0,55,,5982,29,,,0,23,,5990,29,,,0,16,,5996,29,,,0,64,,5983,29,,,0,22,,5991,29,,,0,20,,5997,29,,,0,60,,5984,29,,,0,21,,5992,29,,,0,19,,5998,29,,,0,59,,5985,29,,,0,24,,5993,29,,,0,21,,5999,29,,,0,63,,5986,29,,,0,21,,6000,29,,,0,65,,6001,29,,,0,12,,6002,29,,,0,15,,6003,29,,,0,18,,6004,29,,,0,64,,6005,29,,,0,21,,6006,29,,,0,24,,6007,29,,,0,64,,6008,29,,,0,33,,6009,29,,,0,71,,6010,29,,,0,26,,6011,29,,,0,69,,6012,29,,,0,30,,6013,29,,,0,69,,6014,29,,,0,33,,6015,29,,,0,99,,6016,29,,,0,57,,6017,29,,,0
1401,'65031',748,,6029,29,,,0,99,,6030,29,,,0,98,,6021,29,,,0,90,,6022,29,,,0,100,,6023,29,,,0,100,,6024,29,,,0,100,,6025,29,,,0,100,,6026,29,,,0,100,,6027,29,,,0,100,,6028,29,,,0,117,,6031,29,,,0,101,,6032,29,,,0,97,,6033,29,,,0,100,,6034,29,,,0,97,,6035,29,,,0,97,,6036,29,,,0,102,,6037,29,,,0,61,,6038,29,,,0
1401,'65032',748,,6047,29,,,0,99,,6048,29,,,0,98,,6039,29,,,0,90,,6040,29,,,0,100,,6041,29,,,0,100,,6042,29,,,0,100,,6043,29,,,0,100,,6044,29,,,0,100,,6045,29,,,0,100,,6046,29,,,0,117,,6049,29,,,0,101,,6050,29,,,0,97,,6051,29,,,0,100,,6052,29,,,0,97,,6053,29,,,0,97,,6054,29,,,0,102,,6055,29,,,0,61,,6056,29,,,0
5501,'65030',805,,7295,78,,,0,115,,7296,78,,,0,116,,7297,78,,,0,118,,7298,78,,,0,154,,7299,78,,,0,115,,7300,78,,,0,115,,7301,78,,,0,117,,7302,78,,,0,155,,7303,78,,,0
5501,'65031',857,,7312,78,,,0,150,,7311,78,,,0,110,,7310,78,,,0,111,,7309,78,,,0,110,,7308,78,,,0,110,,7307,78,,,0,109,,7305,78,,,0
5501,'65032',857,,7320,78,,,0,150,,7319,78,,,0,110,,7318,78,,,0,111,,7317,78,,,0,110,,7316,78,,,0,110,,7315,78,,,0,109,,7313,78,,,0
90700,'65030',631,,7848,23,,,0
