401,'65040',638,,8500,7,,,0,19,,8456,39,,,0,61,,8457,39,,,0,17,,8458,39,,,0,19,,8482,7,,,0,56,,8459,39,,,0,34,,8460,39,,,0,62,,8461,39,,,0,34,,8462,39,,,0,15,,8483,7,,,0,55,,8484,7,,,0,21,,8463,39,,,0,16,,8485,7,,,0,63,,8486,7,,,0,20,,8464,39,,,0,18,,8487,7,,,0,60,,8488,7,,,0,23,,8480,39,,,0,15,,8489,7,,,0,62,,8490,7,,,0,23,,8479,39,,,0,17,,8491,7,,,0,63,,8478,39,,,0,24,,8492,7,,,0,19,,8493,7,,,0,72,,8494,7,,,0,15,,8476,39,,,0,70,,8475,39,,,0,15,,8495,7,,,0,15,,8474,39,,,0,13,,8499,7,,,0,55,,8473,39,,,0,19,,8472,39,,,0,31,,8471,39,,,0,73,,8470,39,,,0,80,,8469,39,,,0,45,,8468,39,,,0,69,,8467,39,,,0,31,,8466,39,,,0,72,,8465,39,,,0,25,,8498,7,,,0,84,,8497,7,,,0,101,,8496,7,,,0
401,'65041',709,,8517,7,,,0,24,,8518,7,,,0,76,,8519,7,,,0,22,,8516,39,,,0,78,,8530,39,,,0,16,,8531,7,,,0,29,,8508,39,,,0,71,,8501,7,,,0,29,,8509,39,,,0,71,,8502,7,,,0,29,,8510,39,,,0,71,,8503,7,,,0,29,,8511,39,,,0,71,,8504,7,,,0,30,,8512,39,,,0,70,,8505,7,,,0,30,,8513,39,,,0,70,,8506,7,,,0,29,,8514,39,,,0,70,,8507,7,,,0,30,,8515,39,,,0,70,,8523,7,,,0,29,,8529,39,,,0,61,,8520,39,,,0,22,,8521,39,,,0,99,,8524,7,,,0,100,,8525,7,,,0,99,,8526,7,,,0,100,,8527,7,,,0,100,,8528,7,,,0
401,'65042',709,,8548,7,,,0,24,,8549,7,,,0,76,,8550,7,,,0,22,,8547,39,,,0,78,,8561,39,,,0,16,,8562,7,,,0,29,,8539,39,,,0,71,,8532,7,,,0,29,,8540,39,,,0,71,,8533,7,,,0,29,,8541,39,,,0,71,,8534,7,,,0,29,,8542,39,,,0,71,,8535,7,,,0,30,,8543,39,,,0,70,,8536,7,,,0,30,,8544,39,,,0,70,,8537,7,,,0,29,,8545,39,,,0,70,,8538,7,,,0,30,,8546,39,,,0,70,,8554,7,,,0,29,,8560,39,,,0,61,,8551,39,,,0,22,,8552,39,,,0,99,,8555,7,,,0,100,,8556,7,,,0,99,,8557,7,,,0,100,,8558,7,,,0,100,,8559,7,,,0
1200,'65040',617,,9537,26,,,0,27,,9538,26,,,0,63,,9539,26,,,0,30,,9540,26,,,0,21,,9541,26,,,0,69,,9542,26,,,0,74,,9543,26,,,0,31,,9544,26,,,0,69,,9545,26,,,0,31,,9546,26,,,0,70,,9547,26,,,0,29,,9548,26,,,0,71,,9549,26,,,0,30,,9550,26,,,0,70,,9551,26,,,0,28,,9552,26,,,0,72,,9553,26,,,0,26,,9554,26,,,0,29,,9555,26,,,0,60,,9556,26,,,0,28,,9557,26,,,0,56,,9558,26,,,0,30,,9559,26,,,0,26,,9560,26,,,0,70,,9561,26,,,0,76,,9562,26,,,0,24,,9563,26,,,0,91,,9564,26,,,0,25,,9565,26,,,0,75,,9566,26,,,0,26,,9567,26,,,0,79,,9568,26,,,0
1200,'65041',713,,9578,26,,,0,99,,9579,26,,,0,91,,9569,26,,,0,30,,9586,26,,,0,69,,9570,26,,,0,29,,9587,26,,,0,71,,9571,26,,,0,28,,9588,26,,,0,72,,9572,26,,,0,28,,9589,26,,,0,72,,9573,26,,,0,28,,9590,26,,,0,72,,9574,26,,,0,28,,9591,26,,,0,72,,9575,26,,,0,28,,9592,26,,,0,72,,9576,26,,,0,30,,9593,26,,,0,70,,9594,26,,,0,34,,9577,26,,,0,69,,9580,26,,,0,107,,9581,26,,,0,103,,9582,26,,,0,100,,9583,26,,,0,100,,9584,26,,,0,99,,9585,26,,,0
1200,'65042',713,,9604,26,,,0,99,,9605,26,,,0,91,,9595,26,,,0,30,,9612,26,,,0,69,,9596,26,,,0,29,,9613,26,,,0,71,,9597,26,,,0,28,,9614,26,,,0,72,,9598,26,,,0,28,,9615,26,,,0,72,,9599,26,,,0,28,,9616,26,,,0,72,,9600,26,,,0,28,,9617,26,,,0,72,,9601,26,,,0,28,,9618,26,,,0,72,,9602,26,,,0,30,,9619,26,,,0,70,,9620,26,,,0,34,,9603,26,,,0,69,,9606,26,,,0,107,,9607,26,,,0,103,,9608,26,,,0,100,,9609,26,,,0,100,,9610,26,,,0,99,,9611,26,,,0
1701,'65040',832,,10125,7,,,0,678,,10132,7,,,0,45,,10133,7,,,0,186,,10136,7,,,0,71,,10137,7,,,0,31,,10138,7,,,0,85,,10139,7,,,0
5700,'65040',921,,11002,32,,,2,101,,11000,32,,,2,123,,11001,32,,,2,105,,10998,32,,,2,161,,11003,32,,,2,105,,10999,32,,,2,120,,11004,32,,,2
5700,'65041',1127,,11010,32,,,2,113,,11009,32,,,2,102,,11008,32,,,2,112,,11007,32,,,2,102,,11006,32,,,2,152,,11005,32,0,56,2
5700,'65042',1127,,11016,32,,,2,113,,11015,32,,,2,102,,11014,32,,,2,112,,11013,32,,,2,102,,11012,32,,,2,152,,11011,32,0,56,2
44901,'65040',1517,,11093,6,,,2,102,,11090,6,,,2,25,,11092,6,,,2,78,,11091,6,,,2
91200,'65040',2217,,11512,29,,,0,100,,11513,29,,,0
