300,'65030',643,,4213,60,,,0,12,,4269,60,,,0,53,,4214,60,,,0,17,,4215,60,,,0,16,,4216,60,,,0,12,,4217,60,,,0,50,,4218,60,,,0,9,,4219,60,,,0,9,,4220,60,,,0,11,,4221,60,,,0,10,,4222,60,,,0,13,,4223,60,,,0,51,,4224,60,,,0,14,,4270,60,,,0,15,,4225,60,,,0,20,,4226,60,,,0,60,,4227,60,,,0,20,,4228,60,,,0,20,,4229,60,,,0,61,,4230,60,,,0,20,,4231,60,,,0,20,,4232,60,,,0,61,,4233,60,,,0,21,,4234,60,,,0,20,,4235,60,,,0,60,,4236,60,,,0,20,,4237,60,,,0,20,,4238,60,,,0,60,,4239,60,,,0,20,,4240,60,,,0,20,,4241,60,,,0,57,,4242,60,,,0,15,,4243,60,,,0,15,,4245,60,,,0,55,,4251,60,,,0,12,,4246,60,,,0,10,,4247,60,,,0,10,,4248,60,,,0,10,,4249,60,,,0,10,,4250,60,,,0,59,,4252,60,,,0,15,,4253,60,,,0,15,,4254,60,,,0,13,,4255,60,,,0,59,,4256,60,,,0,19,,4257,60,,,0,19,,4258,60,,,0,60,,4259,60,,,0,25,,4260,60,,,0,69,,4261,60,,,0,30,,4262,60,,,0,71,,4267,60,,,0,25,,4263,60,,,0,19,,4264,60,,,0,61,,4265,60,,,0,36,,4266,60,,,0,70,,4244,60,,,0,30,,4268,19,,,0
300,'65031',738,,4287,60,,,0,65,,4288,60,,,0,35,,4289,60,,,0,63,,4300,60,,,0,24,,4271,60,,,0,29,,4272,60,,,0,70,,4273,60,,,0,31,,4274,60,,,0,70,,4275,60,,,0,30,,4276,60,,,0,70,,4277,60,,,0,31,,4278,60,,,0,70,,4279,60,,,0,30,,4280,60,,,0,70,,4281,60,,,0,30,,4282,60,,,0,70,,4283,60,,,0,30,,4284,60,,,0,70,,4285,60,,,0,30,,4286,60,,,0,67,,4290,60,,,0,22,,4291,60,,,0,58,,4292,60,,,0,30,,4293,60,,,0,72,,4294,60,,,0,35,,4295,60,,,0,72,,4301,60,,,0,31,,4296,60,,,0,100,,4297,60,,,0,100,,4298,60,,,0,100,,4299,60,,,0
300,'65032',738,,4318,60,,,0,65,,4319,60,,,0,35,,4320,60,,,0,63,,4331,60,,,0,24,,4302,60,,,0,29,,4303,60,,,0,70,,4304,60,,,0,31,,4305,60,,,0,70,,4306,60,,,0,30,,4307,60,,,0,70,,4308,60,,,0,31,,4309,60,,,0,70,,4310,60,,,0,30,,4311,60,,,0,70,,4312,60,,,0,30,,4313,60,,,0,70,,4314,60,,,0,30,,4315,60,,,0,70,,4316,60,,,0,30,,4317,60,,,0,67,,4321,60,,,0,22,,4322,60,,,0,58,,4323,60,,,0,30,,4324,60,,,0,72,,4325,60,,,0,35,,4326,60,,,0,72,,4332,60,,,0,31,,4327,60,,,0,100,,4328,60,,,0,100,,4329,60,,,0,100,,4330,60,,,0
2501,'65030',648,,6849,8,,,0,52,,6866,3,,,0,31,,6848,8,,,0,69,,6865,3,,,0,14,,6847,8,,,0,29,,6864,3,,,0,14,,6846,8,,,0,652,,6863,3,,,0,14,,6845,8,,,0,31,,6844,8,,,0,69,,6862,3,,,0,14,,6843,8,,,0,69,,6861,3,,,0,14,,6842,8,,,0,29,,6860,3,,,0,54,,6841,8,,,0,12,,6859,3,,,0,96,,6840,8,,,0
5500,'65030',833,,7269,115,,,0,112,,7270,115,,,0,110,,7271,115,,,0,155,,7278,115,,,0,123,,7272,115,,,0,110,,7273,115,,,0,161,,7274,115,,,0,118,,7275,115,,,0,111,,7276,115,,,0
5500,'65031',917,,7284,115,,,0,111,,7286,115,,,0,112,,7285,115,,,0,110,,7283,115,,,0,153,,7282,115,,,0,109,,7281,115,,,0,113,,7280,115,,,0
5500,'65032',917,,7292,115,,,0,111,,7294,115,,,0,112,,7293,115,,,0,110,,7291,115,,,0,153,,7290,115,,,0,109,,7289,115,,,0,113,,7288,115,,,0
5700,'65030',1001,,7321,91,,,0,105,,7322,91,,,0,120,,7323,91,,,0,105,,7324,91,,,0,120,,7325,91,,,0,105,,7326,91,,,0,160,,7327,91,,,0
5700,'65031',1207,,7333,91,,,0,113,,7332,91,,,0,102,,7331,91,,,0,111,,7330,91,,,0,102,,7329,91,,,0
5700,'65032',1207,,7339,91,,,0,113,,7338,91,,,0,102,,7337,91,,,0,111,,7336,91,,,0,102,,7335,91,,,0
