601,'65040',700,,8769,3,,,0,40,,8738,3,,,0,79,,8739,3,,,0,27,,8740,3,,,0,67,,8741,3,,,0,29,,8742,3,,,0,70,,8743,3,,,0,30,,8744,3,,,0,70,,8745,3,,,0,30,,8746,3,,,0,72,,8747,3,,,0,29,,8748,3,,,0,73,,8749,3,,,0,26,,8750,3,,,0,72,,8751,3,,,0,29,,8752,3,,,0,63,,8753,3,,,0,25,,8754,3,,,0,72,,8755,3,,,0,20,,8756,3,,,0,19,,8757,3,,,0,69,,8758,3,,,0,31,,8759,3,,,0,74,,8760,3,,,0,92,,8761,3,,,0,93,,8762,3,,,0,100,,8763,3,,,0,39,,8764,3,,,0,71,,8765,3,,,0,28,,8766,3,,,0,66,,8767,3,,,0,100,,8768,3,,,0
601,'65041',735,,8778,3,,,0,65,,8779,3,,,0,57,,8770,3,,,0,94,,8771,3,,,0,97,,8772,3,,,0,100,,8773,3,,,0,100,,8774,3,,,0,100,,8775,3,,,0,99,,8776,3,,,0,100,,8777,3,,,0,100,,8787,3,,,0,109,,8780,3,,,0,89,,8781,3,,,0,105,,8782,3,,,0,101,,8783,3,,,0,100,,8784,3,,,0,100,,8785,3,,,0,108,,8786,3,,,0
601,'65042',735,,8796,3,,,0,65,,8797,3,,,0,57,,8788,3,,,0,94,,8789,3,,,0,97,,8790,3,,,0,100,,8791,3,,,0,100,,8792,3,,,0,100,,8793,3,,,0,99,,8794,3,,,0,100,,8795,3,,,0,100,,8805,3,,,0,109,,8798,3,,,0,89,,8799,3,,,0,105,,8800,3,,,0,101,,8801,3,,,0,100,,8802,3,,,0,100,,8803,3,,,0,108,,8804,3,,,0
800,'65040',615,,9013,3,,,1,27,,9014,3,,,1,15,,9065,3,,,1,55,,9015,3,,,1,15,,9016,3,,,1,15,,9017,3,,,1,14,,9018,3,,,1,55,,9019,3,,,1,10,,9020,3,,,1,17,,9021,3,,,1,20,,9022,3,,,1,62,,9023,3,,,1,20,,9024,3,,,1,18,,9025,3,,,1,60,,9026,3,,,1,21,,9027,3,,,1,20,,9028,3,,,1,59,,9029,3,,,1,20,,9030,3,,,1,20,,9031,3,,,1,59,,9032,3,,,1,20,,9033,3,,,1,21,,9034,3,,,1,60,,9035,3,,,1,19,,9036,3,,,1,22,,9037,3,,,1,51,,9038,3,,,1,13,,9039,3,,,1,22,,9040,3,,,1,14,,9041,3,,,1,50,,9042,3,,,1,15,,9043,3,,,1,15,,9044,3,,,1,10,,9045,3,,,1,55,,9046,3,,,1,10,,9047,3,,,1,9,,9048,3,,,1,16,,9049,3,,,1,13,,9050,3,,,1,57,,9051,3,,,1,14,,9052,3,,,1,20,,9053,3,,,1,61,,9054,3,,,1,21,,9055,3,,,1,19,,9056,3,,,1,70,,9057,3,,,1,30,,9058,3,,,1,71,,9059,3,,,1,31,,9060,3,,,1,81,,9061,3,,,1,21,,9062,3,,,1,67,,9063,3,,,1,101,,9064,3,,,1
800,'65041',613,,9082,3,,,1,99,,9083,3,,,1,29,,9084,3,,,1,68,,9085,3,,,1,24,,9086,3,,,1,68,,9066,3,,,1,31,,9067,3,,,1,69,,9068,3,,,1,30,,9069,3,,,1,70,,9070,3,,,1,30,,9071,3,,,1,69,,9072,3,,,1,29,,9073,3,,,1,71,,9074,3,,,1,30,,9075,3,,,1,70,,9076,3,,,1,30,,9077,3,,,1,70,,9078,3,,,1,30,,9079,3,,,1,70,,9080,3,,,1,30,,9081,3,,,1,70,,9087,3,,,1,32,,9088,3,,,1,71,,9094,3,,,1,33,,9089,3,,,1,77,,9095,3,,,1,101,,9090,3,,,1,101,,9091,3,,,1,101,,9092,3,,,1,100,,9093,3,,,1
800,'65042',613,,9112,3,,,1,99,,9113,3,,,1,29,,9114,3,,,1,68,,9115,3,,,1,24,,9116,3,,,1,68,,9096,3,,,1,31,,9097,3,,,1,69,,9098,3,,,1,30,,9099,3,,,1,70,,9100,3,,,1,30,,9101,3,,,1,69,,9102,3,,,1,29,,9103,3,,,1,71,,9104,3,,,1,30,,9105,3,,,1,70,,9106,3,,,1,30,,9107,3,,,1,70,,9108,3,,,1,30,,9109,3,,,1,70,,9110,3,,,1,30,,9111,3,,,1,70,,9117,3,,,1,32,,9118,3,,,1,71,,9124,3,,,1,33,,9119,3,,,1,77,,9125,3,,,1,101,,9120,3,,,1,101,,9121,3,,,1,101,,9122,3,,,1,100,,9123,3,,,1
900,'65040',712,,9236,3,,,0,109,,9237,3,,,0,103,,9238,3,,,0,99,,9239,3,,,0,100,,9240,3,,,0,31,,9241,3,,,0,101,,9242,3,,,0,100,,9243,3,,,0,70,,9244,3,,,0,28,,9245,3,,,0,169,,9246,3,,,0,101,,9247,3,,,0,101,,9248,3,,,0,85,,9249,3,,,0
900,'65041',1023,,9260,3,,,0,100,,9261,3,,,0,100,,9262,3,,,0,100,,9263,3,,,0,99,,9264,3,,,0,100,,9265,3,,,0,101,,9266,3,,,0
900,'65042',1023,,9275,3,,,0,100,,9276,3,,,0,100,,9277,3,,,0,100,,9278,3,,,0,99,,9279,3,,,0,100,,9280,3,,,0,101,,9281,3,,,0
1101,'65040',545,,9457,3,,,0,70,,9458,3,,,0,23,,9472,29,0,54,0,7,,9472,36,0,54,0,13,,9436,29,,,0,47,,9436,36,,,0,27,,9437,29,,,0,7,,9437,36,,,0,63,,9459,29,0,54,0,7,,9459,36,0,54,0,29,,9438,29,,,0,7,,9438,36,,,0,11,,9460,29,0,54,0,47,,9460,36,0,54,0,24,,9461,29,0,54,0,7,,9461,36,0,54,0,20,,9439,29,,,0,47,,9439,36,,,0,23,,9462,29,0,54,0,7,,9462,36,0,54,0,23,,9440,29,,,0,47,,9440,36,,,0,33,,9463,29,0,54,0,7,,9463,36,0,54,0,13,,9441,29,,,0,47,,9441,36,,,0,32,,9473,7,0,54,0,7,,9473,14,0,54,0,13,,9442,29,,,0,47,,9442,36,,,0,32,,9464,7,0,54,0,7,,9464,14,0,54,0,16,,9443,29,,,0,47,,9443,36,,,0,23,,9465,7,0,54,0,7,,9465,14,0,54,0,22,,9444,29,,,0,47,,9444,36,,,0,23,,9445,29,,,0,7,,9445,36,,,0,23,,9446,29,,,0,48,,9446,36,,,0,6,,9466,7,0,54,0,8,,9466,14,0,54,0,8,,9447,29,,,0,8,,9447,36,,,0,23,,9448,29,,,0,48,,9448,36,,,0,23,,9449,29,,,0,8,,9449,36,,,0,8,,9475,29,0,54,0,7,,9475,36,0,54,0,7,,9450,29,,,0,47,,9450,36,,,0,22,,9451,29,,,0,7,,9451,36,,,0,23,,9467,29,0,54,0,47,,9467,36,0,54,0,22,,9452,29,,,0,7,,9452,36,,,0,23,,9476,7,0,54,0,47,,9476,14,0,54,0,23,,9453,29,,,0,7,,9453,36,,,0,23,,9468,7,0,54,0,47,,9468,14,0,54,0,8,,9471,29,0,54,0,7,,9471,36,0,54,0,19,,9454,29,,,0,7,,9454,36,,,0,4,,9469,7,0,54,0,7,,9469,14,0,54,0,6,,9470,7,0,54,0,47,,9470,14,0,54,0,26,,9455,29,,,0,7,,9455,36,,,0,97,,9456,29,,,0,7,,9456,36,,,0,68,,9474,29,0,54,0,7,,9474,36,0,54,0
1101,'65041',639,,9495,3,,,0,87,,9496,3,,,0,95,,9494,29,,,0,7,,9494,36,,,0,22,,9477,7,,,0,7,,9477,14,,,0,78,,9486,29,0,54,0,7,,9486,36,0,54,0,63,,9478,29,,,0,7,,9478,36,,,0,23,,9487,29,0,54,0,7,,9487,36,0,54,0,63,,9479,29,,,0,7,,9479,36,,,0,22,,9488,29,0,54,0,7,,9488,36,0,54,0,63,,9480,29,,,0,7,,9480,36,,,0,23,,9489,29,0,54,0,7,,9489,36,0,54,0,63,,9481,29,,,0,7,,9481,36,,,0,22,,9490,29,0,54,0,8,,9490,36,0,54,0,62,,9482,29,,,0,8,,9482,36,,,0,22,,9491,29,0,54,0,8,,9491,36,0,54,0,61,,9483,29,,,0,9,,9483,36,,,0,21,,9492,29,0,54,0,9,,9492,36,0,54,0,61,,9484,29,,,0,9,,9484,36,,,0,21,,9493,29,0,54,0,9,,9493,36,0,54,0,61,,9485,29,,,0,9,,9485,36,,,0,13,,9497,29,0,54,0,9,,9497,36,0,54,0,15,,9498,29,,,0,9,,9498,36,,,0,59,,9499,29,0,54,0,8,,9499,36,0,54,0,8,,9500,29,,,0,8,,9500,36,,,0,92,,9501,29,,,0,8,,9501,36,,,0,92,,9502,29,,,0,8,,9502,36,,,0,91,,9503,29,,,0,8,,9503,36,,,0,90,,9504,29,,,0,8,,9504,36,,,0,92,,9505,29,,,0,7,,9505,36,,,0,93,,9506,29,0,54,0,7,,9506,36,0,54,0
1101,'65042',639,,9525,3,,,0,87,,9526,3,,,0,95,,9524,29,,,0,7,,9524,36,,,0,22,,9507,7,,,0,7,,9507,14,,,0,78,,9516,29,0,54,0,7,,9516,36,0,54,0,63,,9508,29,,,0,7,,9508,36,,,0,23,,9517,29,0,54,0,7,,9517,36,0,54,0,63,,9509,29,,,0,7,,9509,36,,,0,22,,9518,29,0,54,0,7,,9518,36,0,54,0,63,,9510,29,,,0,7,,9510,36,,,0,23,,9519,29,0,54,0,7,,9519,36,0,54,0,63,,9511,29,,,0,7,,9511,36,,,0,22,,9520,29,0,54,0,8,,9520,36,0,54,0,62,,9512,29,,,0,8,,9512,36,,,0,22,,9521,29,0,54,0,8,,9521,36,0,54,0,61,,9513,29,,,0,9,,9513,36,,,0,21,,9522,29,0,54,0,9,,9522,36,0,54,0,61,,9514,29,,,0,9,,9514,36,,,0,21,,9523,29,0,54,0,9,,9523,36,0,54,0,61,,9515,29,,,0,9,,9515,36,,,0,13,,9527,29,0,54,0,9,,9527,36,0,54,0,15,,9528,29,,,0,9,,9528,36,,,0,59,,9529,29,0,54,0,8,,9529,36,0,54,0,8,,9530,29,,,0,8,,9530,36,,,0,92,,9531,29,,,0,8,,9531,36,,,0,92,,9532,29,,,0,8,,9532,36,,,0,91,,9533,29,,,0,8,,9533,36,,,0,90,,9534,29,,,0,8,,9534,36,,,0,92,,9535,29,,,0,7,,9535,36,,,0,93,,9536,29,0,54,0,7,,9536,36,0,54,0
1400,'65040',630,,9702,3,,,0,74,,9703,3,,,0,16,,9704,3,,,0,29,,9705,3,,,0,67,,9706,3,,,0,32,,9707,3,,,0,62,,9708,3,,,0,39,,9709,3,,,0,62,,9710,3,,,0,19,,9711,3,,,0,80,,9712,3,,,0,20,,9713,3,,,0,20,,9714,3,,,0,61,,9715,3,,,0,32,,9716,3,,,0,62,,9717,3,,,0,26,,9718,3,,,0,20,,9719,3,,,0,81,,9739,3,,,0,27,,9720,3,,,0,72,,9721,3,,,0,26,,9722,3,,,0,52,,9723,3,,,0,37,,9724,3,,,0,70,,9725,3,,,0,20,,9726,3,,,0,76,,9727,3,,,0,24,,9728,3,,,0,66,,9729,3,,,0,27,,9730,3,,,0,30,,9731,3,,,0,70,,9732,3,,,0,27,,9733,3,,,0,63,,9734,3,,,0,82,,9735,3,,,0,57,,9736,3,,,0,69,,9737,3,,,0,92,,9738,3,,,0
1400,'65041',658,,9748,3,,,0,101,,9749,3,,,0,90,,9740,3,,,0,99,,9741,3,,,0,100,,9742,3,,,0,100,,9743,3,,,0,103,,9744,3,,,0,99,,9757,3,,,0,100,,9745,3,,,0,100,,9746,3,,,0,101,,9747,3,,,0,102,,9750,3,,,0,148,,9751,3,,,0,102,,9752,3,,,0,101,,9753,3,,,0,98,,9754,3,,,0,100,,9755,3,,,0,118,,9756,3,,,0
1400,'65042',658,,9766,3,,,0,101,,9767,3,,,0,90,,9758,3,,,0,99,,9759,3,,,0,100,,9760,3,,,0,100,,9761,3,,,0,103,,9762,3,,,0,99,,9775,3,,,0,100,,9763,3,,,0,100,,9764,3,,,0,101,,9765,3,,,0,102,,9768,3,,,0,148,,9769,3,,,0,102,,9770,3,,,0,101,,9771,3,,,0,98,,9772,3,,,0,100,,9773,3,,,0,118,,9774,3,,,0
1500,'65040',728,,9867,3,,,0,74,,9852,3,,,0,27,,9868,3,,,0,23,,9853,3,,,0,104,,9854,3,,,0,144,,9855,3,,,0,57,,9856,3,,,0,95,,9857,3,,,0,88,,9858,3,,,0,112,,9859,3,,,0,70,,9860,3,,,0,31,,9861,3,,,0,68,,9866,3,,,0,32,,9862,3,,,0,99,,9863,3,,,0,99,,9864,3,,,0,100,,9865,3,,,0
1500,'65041',818,,9876,3,,,0,109,,9869,3,,,0,86,,9870,3,,,0,100,,9871,3,,,0,100,,9872,3,,,0,100,,9873,3,,,0,100,,9874,3,,,0,100,,9875,3,,,0,101,,9877,3,,,0,111,,9878,3,,,0,98,,9882,3,,,0,94,,9879,3,,,0,103,,9880,3,,,0,98,,9881,3,,,0
1500,'65042',818,,9890,3,,,0,109,,9883,3,,,0,86,,9884,3,,,0,100,,9885,3,,,0,100,,9886,3,,,0,100,,9887,3,,,0,100,,9888,3,,,0,100,,9889,3,,,0,101,,9891,3,,,0,111,,9892,3,,,0,98,,9896,3,,,0,94,,9893,3,,,0,103,,9894,3,,,0,98,,9895,3,,,0
1600,'65040',610,,9966,3,,,0,31,,9965,3,,,0,67,,9971,3,,,0,23,,9964,3,,,0,26,,9963,3,,,0,72,,9962,3,,,0,72,,9961,3,,,0,34,,9960,3,,,0,98,,9959,3,,,0,95,,9958,3,,,0,74,,9957,3,,,0,34,,9956,3,,,0,99,,9955,3,,,0,91,,9954,3,,,0,26,,9953,3,,,0,69,,9952,3,,,0,21,,9951,3,,,0,60,,9950,3,,,0,26,,9967,3,,,0,25,,9949,3,,,0,77,,9948,3,,,0,28,,9947,3,,,0,87,,9946,3,,,0,66,,9945,3,,,0,33,,9944,3,,,0,68,,9943,3,,,0,43,,9970,3,,,0,78,,9942,3,,,0,86,,9968,3,,,0,30,,9969,3,,,0
1600,'65041',645,,9987,3,,,0,93,,9981,3,,,0,96,,9980,3,,,0,97,,9988,3,,,0,70,,9972,3,,,0,100,,9973,3,,,0,100,,9974,3,,,0,100,,9975,3,,,0,100,,9976,3,,,0,99,,9977,3,,,0,100,,9978,3,,,0,102,,9979,3,,,0,99,,9986,3,,,0,40,,9982,3,,,0,100,,9983,3,,,0,100,,9985,3,,,0,100,,9984,3,,,0,75,,9989,3,,,0
1600,'65042',645,,10005,3,,,0,93,,9999,3,,,0,96,,9998,3,,,0,97,,10006,3,,,0,70,,9990,3,,,0,100,,9991,3,,,0,100,,9992,3,,,0,100,,9993,3,,,0,100,,9994,3,,,0,99,,9995,3,,,0,100,,9996,3,,,0,102,,9997,3,,,0,99,,10004,3,,,0,40,,10000,3,,,0,100,,10001,3,,,0,100,,10003,3,,,0,100,,10002,3,,,0,75,,10007,3,,,0
1800,'65040',706,,10171,37,,,0,36,,10172,37,,,0,73,,10173,37,,,0,90,,10174,37,,,0,100,,10175,37,,,0,100,,10176,37,,,0,41,,10177,37,,,0,101,,10178,37,,,0,101,,10179,37,,,0,101,,10180,37,,,0,100,,10181,37,,,0,88,,10182,37,,,0,89,,10183,37,,,0,81,,10184,37,,,0,106,,10185,37,,,0,91,,10186,37,,,0,46,,10187,37,,,0,68,,10188,37,,,0,98,,10189,37,,,0
1800,'65041',807,,10199,37,,,0,113,,10190,37,,,0,99,,10191,37,,,0,100,,10192,37,,,0,95,,10193,37,,,0,100,,10194,37,,,0,101,,10195,37,,,0,100,,10196,37,,,0,99,,10197,37,,,0,101,,10198,37,,,0,100,,10200,37,,,0,93,,10201,37,,,0,101,,10202,37,,,0,100,,10203,37,,,0,99,,10204,37,,,0
1800,'65042',807,,10214,37,,,0,113,,10205,37,,,0,99,,10206,37,,,0,100,,10207,37,,,0,95,,10208,37,,,0,100,,10209,37,,,0,101,,10210,37,,,0,100,,10211,37,,,0,99,,10212,37,,,0,101,,10213,37,,,0,100,,10215,37,,,0,93,,10216,37,,,0,101,,10217,37,,,0,100,,10218,37,,,0,99,,10219,37,,,0
2400,'65040',633,,10399,20,,,2,71,,10398,20,,,2,31,,10400,20,,,2,65,,10401,20,,,2,12,,10397,20,,,2,27,,10402,20,,,2,75,,10403,20,,,2,31,,10404,20,,,2,71,,10405,20,,,2,31,,10406,20,,,2,71,,10408,20,,,2,31,,10407,20,,,2,71,,10409,20,,,2,31,,10412,20,,,2,71,,10411,20,,,2,31,,10413,20,,,2,71,,10410,20,,,2,31,,10415,20,,,2,72,,10414,20,,,2,73,,10416,20,,,2,36,,10417,20,,,2,75,,10418,20,,,2,39,,10419,20,,,2,74,,10420,20,,,2,35,,10421,20,,,2,75,,10422,20,,,2,75,,10426,20,,,2,35,,10423,20,,,2,80,,10424,20,,,2,32,,10425,20,,,2
2400,'65041',801,,10443,20,,,2,41,,10439,20,,,2,78,,10440,20,,,2,96,,10442,20,,,2,100,,10441,20,,,2,100,,10438,20,,,2,100,,10437,20,,,2,100,,10436,20,,,2,100,,10435,20,,,2,100,,10432,20,,,2,105,,10429,20,,,2,99,,10428,20,,,2,84,,10431,20,,,2,46,,10434,20,,,2,100,,10427,20,,,2,98,,10433,20,,,2,100,,10430,20,,,2
2400,'65042',801,,10460,20,,,2,41,,10456,20,,,2,78,,10457,20,,,2,96,,10459,20,,,2,100,,10458,20,,,2,100,,10455,20,,,2,100,,10454,20,,,2,100,,10453,20,,,2,100,,10452,20,,,2,100,,10449,20,,,2,105,,10446,20,,,2,99,,10445,20,,,2,84,,10448,20,,,2,46,,10451,20,,,2,100,,10444,20,,,2,98,,10450,20,,,2,100,,10447,20,,,2
45301,'65040',815,,11101,7,,,2,505,,11102,8,,,2,226,,11103,7,,,2,113,,11105,7,,,2,93,,11106,7,,,2,98,,11104,8,,,2
91301,'65040',2519,,11520,48,,,0
91301,'65041',2520,,11521,48,,,0
91301,'65042',2520,,11522,48,,,0
91800,'65041',2303,,11528,39,,,0
91800,'65042',2303,,11529,39,,,0
