101,'65030',709,,4022,43,,,0,17,,4027,43,,,0,77,,4023,43,,,0,222,,4029,43,,,0,100,,4036,43,,,0,99,,4037,43,,,0,102,,4038,43,,,0,101,,4039,43,,,0,132,,4035,43,,,0,64,,4041,43,,,0,178,,4045,43,,,0,121,,4049,43,,,0,95,,4048,43,,,0,100,,4047,43,,,0,128,,4052,20,,,0,100,,4053,20,,,0
301,'65030',606,,4333,41,,,0,26,,4334,41,,,0,15,,4335,41,,,0,55,,4336,41,,,0,14,,4337,41,,,0,17,,4338,41,,,0,17,,4339,41,,,0,50,,4340,41,,,0,10,,4341,41,,,0,10,,4342,41,,,0,10,,4343,41,,,0,10,,4344,41,,,0,10,,4345,41,,,0,55,,4346,41,,,0,14,,4347,41,,,0,15,,4348,41,,,0,20,,4349,41,,,0,60,,4350,41,,,0,20,,4351,41,,,0,20,,4352,41,,,0,60,,4353,41,,,0,21,,4354,41,,,0,20,,4355,41,,,0,60,,4356,41,,,0,20,,4388,41,,,0,20,,4357,41,,,0,60,,4358,41,,,0,20,,4359,41,,,0,20,,4360,41,,,0,60,,4361,41,,,0,21,,4362,41,,,0,20,,4363,41,,,0,60,,4364,41,,,0,21,,4365,41,,,0,14,,4366,41,,,0,56,,4367,41,,,0,11,,4368,41,,,0,10,,4369,41,,,0,10,,4370,41,,,0,10,,4371,41,,,0,10,,4372,41,,,0,50,,4373,41,,,0,15,,4374,41,,,0,14,,4375,41,,,0,12,,4376,41,,,0,59,,4377,41,,,0,19,,4378,41,,,0,20,,4379,41,,,0,65,,4380,41,,,0,31,,4381,41,,,0,64,,4382,41,,,0,30,,4383,41,,,0,70,,4384,41,,,0,30,,4389,41,,,0,70,,4385,41,,,0,25,,4386,41,,,0,100,,4387,41,,,0
301,'65031',640,,4407,41,,,0,70,,4408,41,,,0,31,,4409,41,,,0,70,,4410,41,,,0,27,,4411,41,,,0,67,,4406,41,,,0,31,,4390,41,,,0,67,,4391,41,,,0,30,,4392,41,,,0,71,,4393,41,,,0,30,,4394,41,,,0,70,,4395,41,,,0,30,,4396,41,,,0,70,,4397,41,,,0,30,,4398,41,,,0,70,,4399,41,,,0,30,,4400,41,,,0,70,,4401,41,,,0,30,,4402,41,,,0,70,,4403,41,,,0,30,,4404,41,,,0,70,,4405,41,,,0,29,,4412,41,,,0,24,,4413,41,,,0,81,,4414,41,,,0,71,,4420,41,,,0,30,,4415,41,,,0,71,,4421,41,,,0,32,,4416,41,,,0,96,,4417,41,,,0,99,,4418,41,,,0,100,,4419,41,,,0
301,'65032',640,,4439,41,,,0,70,,4440,41,,,0,31,,4441,41,,,0,70,,4442,41,,,0,27,,4443,41,,,0,67,,4438,41,,,0,31,,4422,41,,,0,67,,4423,41,,,0,30,,4424,41,,,0,71,,4425,41,,,0,30,,4426,41,,,0,70,,4427,41,,,0,30,,4428,41,,,0,70,,4429,41,,,0,30,,4430,41,,,0,70,,4431,41,,,0,30,,4432,41,,,0,70,,4433,41,,,0,30,,4434,41,,,0,70,,4435,41,,,0,30,,4436,41,,,0,70,,4437,41,,,0,29,,4444,41,,,0,24,,4445,41,,,0,81,,4446,41,,,0,71,,4452,41,,,0,30,,4447,41,,,0,71,,4453,41,,,0,32,,4448,41,,,0,96,,4449,41,,,0,99,,4450,41,,,0,100,,4451,41,,,0
5501,'65030',815,,7295,90,,,0,112,,7296,90,,,0,116,,7297,90,,,0,158,,7298,90,,,0,114,,7299,90,,,0,115,,7300,90,,,0,115,,7301,90,,,0,160,,7302,90,,,0,112,,7303,90,,,0
5501,'65031',905,,7312,90,,,0,110,,7311,90,,,0,110,,7310,90,,,0,111,,7309,90,,,0,110,,7308,90,,,0,110,,7307,90,,,0,149,,7305,90,,,0
5501,'65032',905,,7320,90,,,0,110,,7319,90,,,0,110,,7318,90,,,0,111,,7317,90,,,0,110,,7316,90,,,0,110,,7315,90,,,0,149,,7313,90,,,0
5701,'65030',946,,7340,83,,,0,160,,7341,83,,,0,106,,7342,83,,,0,119,,7343,83,,,0,105,,7344,83,,,0,120,,7345,83,,,0,145,,7346,83,,,0
5701,'65031',1159,,7352,83,,,0,142,,7351,83,,,0,113,,7350,83,,,0,102,,7349,83,,,0,111,,7348,83,,,0
5701,'65032',1159,,7358,83,,,0,142,,7357,83,,,0,113,,7356,83,,,0,102,,7355,83,,,0,111,,7354,83,,,0
90700,'65030',636,,7848,31,,,0
91301,'65030',2458,,7860,20,,,0
91301,'65031',2458,,7861,20,,,0
91301,'65032',2458,,7862,20,,,0
