301,'65030',540,,4333,3,,,0,65,,4334,3,,,0,13,,4335,3,,,0,17,,4336,3,,,0,14,,4337,3,,,0,56,,4338,3,,,0,14,,4339,3,,,0,10,,4340,3,,,0,6,,4341,3,,,0,9,,4342,3,,,0,11,,4343,3,,,0,52,,4344,3,,,0,11,,4345,3,,,0,17,,4346,3,,,0,15,,4347,3,,,0,55,,4348,3,,,0,20,,4349,3,,,0,20,,4350,3,,,0,60,,4351,3,,,0,20,,4352,3,,,0,20,,4353,3,,,0,60,,4354,3,,,0,19,,4355,3,,,0,19,,4356,3,,,0,60,,4388,3,,,0,20,,4357,3,,,0,20,,4358,3,,,0,60,,4359,3,,,0,21,,4360,3,,,0,20,,4361,3,,,0,60,,4362,3,,,0,20,,4363,3,,,0,20,,4364,3,,,0,59,,4365,3,,,0,14,,4366,3,,,0,15,,4367,3,,,0,10,,4368,3,,,0,10,,4369,3,,,0,50,,4370,3,,,0,9,,4371,3,,,0,10,,4372,3,,,0,10,,4373,3,,,0,17,,4374,3,,,0,56,,4375,3,,,0,15,,4376,3,,,0,20,,4377,3,,,0,61,,4378,3,,,0,20,,4379,3,,,0,25,,4380,3,,,0,71,,4381,3,,,0,25,,4382,3,,,0,71,,4383,3,,,0,30,,4384,3,,,0,70,,4389,3,,,0,30,,4385,3,,,0,65,,4386,3,,,0,100,,4387,3,,,0
301,'65031',616,,4407,3,,,0,30,,4408,3,,,0,70,,4409,3,,,0,30,,4410,3,,,0,65,,4411,3,,,0,27,,4406,3,,,0,71,,4390,3,,,0,27,,4391,3,,,0,68,,4392,3,,,0,30,,4393,3,,,0,70,,4394,3,,,0,30,,4395,3,,,0,70,,4396,3,,,0,30,,4397,3,,,0,70,,4398,3,,,0,30,,4399,3,,,0,70,,4400,3,,,0,30,,4401,3,,,0,70,,4402,3,,,0,30,,4403,3,,,0,70,,4404,3,,,0,30,,4405,3,,,0,71,,4412,3,,,0,24,,4413,3,,,0,82,,4414,3,,,0,31,,4420,3,,,0,70,,4415,3,,,0,32,,4421,3,,,0,72,,4416,3,,,0,97,,4417,3,,,0,100,,4418,3,,,0,100,,4419,3,,,0
301,'65032',616,,4439,3,,,0,30,,4440,3,,,0,70,,4441,3,,,0,30,,4442,3,,,0,65,,4443,3,,,0,27,,4438,3,,,0,71,,4422,3,,,0,27,,4423,3,,,0,68,,4424,3,,,0,30,,4425,3,,,0,70,,4426,3,,,0,30,,4427,3,,,0,70,,4428,3,,,0,30,,4429,3,,,0,70,,4430,3,,,0,30,,4431,3,,,0,70,,4432,3,,,0,30,,4433,3,,,0,70,,4434,3,,,0,30,,4435,3,,,0,70,,4436,3,,,0,30,,4437,3,,,0,71,,4444,3,,,0,24,,4445,3,,,0,82,,4446,3,,,0,31,,4452,3,,,0,70,,4447,3,,,0,32,,4453,3,,,0,72,,4448,3,,,0,97,,4449,3,,,0,100,,4450,3,,,0,100,,4451,3,,,0
2500,'65030',637,,6813,3,0,48 49 50,0,14,,6832,3,0,46 3 47,0,69,,6814,3,0,48 49 50,0,31,,6833,3,0,46 3 47,0,52,,6815,3,0,48 49 50,0,31,,6834,3,0,46 3 47,0,12,,6816,3,0,48 49 50,0,654,,6835,3,0,46 3 47,0,12,,6817,3,0,48 49 50,0,31,,6818,3,0,48 49 50,0,71,,6836,3,0,46 3 47,0,12,,6819,3,0,48 49 50,0,31,,6837,3,0,46 3 47,0,52,,6820,3,0,48 49 50,0,31,,6838,3,0,46 3 47,0,12,,6821,3,0,48 49 50,0,54,,6839,3,0,46 3 47,0,94,,6822,3,0,48 49 50,0
5501,'65030',718,,7295,3,,,0,122,,7296,3,,,0,115,,7297,3,,,0,155,,7298,3,,,0,115,,7299,3,,,0,115,,7300,3,,,0,115,,7301,3,,,0,155,,7302,3,,,0,118,,7303,3,,,0,112,,7304,3,0,5 6,0
5501,'65031',815,,7312,3,,,0,111,,7311,3,,,0,110,,7310,3,,,0,110,,7309,3,,,0,110,,7308,3,,,0,150,,7307,3,,,0,109,,7305,3,,,0,113,,7306,3,0,5 6,0
5501,'65032',815,,7320,3,,,0,111,,7319,3,,,0,110,,7318,3,,,0,110,,7317,3,,,0,110,,7316,3,,,0,150,,7315,3,,,0,109,,7313,3,,,0,113,,7314,3,0,5 6,0
5701,'65030',857,,7340,4,,,0,160,,7341,4,,,0,105,,7342,4,,,0,120,,7343,4,,,0,105,,7344,4,,,0,160,,7345,4,,,0,105,,7346,4,,,0
5701,'65031',1117,,7352,4,,,0,102,,7351,4,,,0,113,,7350,4,,,0,102,,7349,4,,,0,111,,7348,4,,,0,113,,7347,4,0,56,0
5701,'65032',1117,,7358,4,,,0,102,,7357,4,,,0,113,,7356,4,,,0,102,,7355,4,,,0,111,,7354,4,,,0,113,,7353,4,0,56,0
