101,'65030',715,,4022,51,,,0,17,,4027,51,,,0,79,,4023,51,,,0,223,,4029,51,,,0,100,,4036,51,,,0,99,,4037,51,,,0,102,,4038,51,,,0,101,,4039,51,,,0,172,,4035,51,,,0,24,,4041,51,,,0,177,,4045,51,,,0,120,,4049,51,,,0,94,,4048,51,,,0,99,,4047,51,,,0,128,,4052,28,,,0,100,,4053,28,,,0
401,'65030',646,,4564,21,,,0,65,,4559,53,,,0,11,,4566,21,,,0,12,,4560,53,,,0,19,,4561,53,,,0,71,,4562,56,,,0,17,,4567,24,,,0,11,,4563,56,,,0,7,,4565,24,,,0,56,,4600,53,,,0,92,,4602,21,,,0,14,,4569,53,,,0,31,,4570,53,,,0,58,,4568,21,,,0,21,,4571,53,,,0,25,,4572,53,,,0,52,,4604,21,,,0,15,,4573,53,,,0,17,,4605,21,,,0,62,,4607,21,,,0,20,,4575,53,,,0,80,,4603,21,,,0,19,,4577,53,,,0,104,,4579,53,,,0,84,,4606,21,,,0,22,,4593,24,,,0,17,,4594,21,,,0,53,,4592,53,,,0,21,,4598,21,,,0,85,,4588,53,,,0,19,,4587,53,,,0,26,,4599,53,,,0,91,,4586,53,,,0,65,,4585,53,,,0,29,,4584,53,,,0,67,,4583,53,,,0,35,,4582,53,,,0,62,,4595,21,,,0,44,,4596,21,,,0,101,,4597,21,,,0
401,'65031',715,,4625,21,,,0,26,,4626,21,,,0,74,,4627,21,,,0,24,,4623,53,,,0,77,,4624,21,,,0,88,,4615,53,,,0,30,,4608,21,,,0,69,,4616,53,,,0,30,,4609,21,,,0,71,,4617,53,,,0,31,,4610,21,,,0,70,,4618,53,,,0,31,,4611,21,,,0,69,,4619,53,,,0,32,,4612,21,,,0,68,,4620,53,,,0,31,,4613,21,,,0,67,,4621,53,,,0,31,,4614,21,,,0,69,,4622,53,,,0,33,,4631,21,,,0,23,,4637,53,,,0,61,,4628,53,,,0,20,,4629,53,,,0,102,,4632,21,,,0,100,,4633,21,,,0,99,,4634,21,,,0,100,,4635,21,,,0,100,,4636,21,,,0
401,'65032',715,,4655,21,,,0,26,,4656,21,,,0,74,,4657,21,,,0,24,,4653,53,,,0,77,,4654,21,,,0,88,,4645,53,,,0,30,,4638,21,,,0,69,,4646,53,,,0,30,,4639,21,,,0,71,,4647,53,,,0,31,,4640,21,,,0,70,,4648,53,,,0,31,,4641,21,,,0,69,,4649,53,,,0,32,,4642,21,,,0,68,,4650,53,,,0,31,,4643,21,,,0,67,,4651,53,,,0,31,,4644,21,,,0,69,,4652,53,,,0,33,,4661,21,,,0,23,,4667,53,,,0,61,,4658,53,,,0,20,,4659,53,,,0,102,,4662,21,,,0,100,,4663,21,,,0,99,,4664,21,,,0,100,,4665,21,,,0,100,,4666,21,,,0
401,'65035',815,,4668,56,,,0
1701,'65030',636,,6348,21,,,0,67,,6349,21,,,0,109,,6351,21,,,0,20,,6352,24,,,0,102,,6354,21,,,0,21,,6355,21,,,0,81,,6356,21,,,0,305,,6362,21,,,0,102,,6364,21,,,0,62,,6377,21,,,0,35,,6365,21,,,0,16,,6366,21,,,0,65,,6367,21,,,0,19,,6368,24,,,0,68,,6369,21,,,0,28,,6371,21,,,0,18,,6370,21,,,0,165,,6374,21,,,0
5701,'65030',955,,7340,93,,,0,160,,7341,93,,,0,107,,7342,93,,,0,118,,7343,93,,,0,105,,7344,93,,,0,160,,7345,93,,,0,105,,7346,93,,,0
5701,'65031',1206,,7352,93,,,0,102,,7351,93,,,0,113,,7350,93,,,0,102,,7349,93,,,0,111,,7348,93,,,0
5701,'65032',1206,,7358,93,,,0,102,,7357,93,,,0,113,,7356,93,,,0,102,,7355,93,,,0,111,,7354,93,,,0
90700,'65030',642,,7848,39,,,0
