101,'65030',718,,4022,52,4,,0,17,,4027,52,4,,0,79,,4023,52,4,,0,223,,4029,52,4,,0,100,,4036,52,4,,0,99,,4037,52,4,,0,102,,4038,52,4,,0,101,,4039,52,4,,0,197,,4041,52,4,,0,176,,4045,52,4,,0,214,,4048,52,4,,0,99,,4047,52,4,,0,128,,4052,29,4,,0
301,'65030',622,,4333,64,4,,0,26,,4334,64,4,,0,55,,4335,64,4,,0,16,,4336,64,4,,0,16,,4337,64,4,,0,19,,4338,64,4,,0,57,,4339,64,4,,0,10,,4340,64,4,,0,22,,4342,64,4,,0,10,,4343,64,4,,0,50,,4344,64,4,,0,7,,4345,64,4,,0,13,,4346,64,4,,0,14,,4347,64,4,,0,15,,4348,64,4,,0,60,,4349,64,4,,0,20,,4350,64,4,,0,21,,4351,64,4,,0,60,,4352,64,4,,0,21,,4353,64,4,,0,21,,4354,64,4,,0,63,,4355,64,4,,0,20,,4356,64,4,,0,19,,4388,64,4,,0,79,,4358,64,4,,0,78,,4360,64,4,,0,20,,4361,64,4,,0,21,,4362,64,4,,0,61,,4363,64,4,,0,20,,4364,64,4,,0,23,,4365,64,4,,0,56,,4366,64,4,,0,19,,4367,64,4,,0,11,,4368,64,4,,0,10,,4369,64,4,,0,50,,4370,64,4,,0,20,,4372,64,4,,0,6,,4373,64,4,,0,23,,4375,64,4,,0,52,,4376,64,4,,0,19,,4377,64,4,,0,19,,4378,64,4,,0,59,,4379,64,4,,0,25,,4380,64,4,,0,31,,4381,64,4,,0,64,,4382,64,4,,0,30,,4383,64,4,,0,70,,4384,64,4,,0,29,,4389,64,4,,0,95,,4386,64,4,,0,99,,4387,64,4,,0
301,'65031',655,,4407,64,4,,0,70,,4408,64,4,,0,31,,4409,64,4,,0,70,,4410,64,4,,0,28,,4411,64,4,,0,67,,4406,64,4,,0,31,,4390,64,4,,0,68,,4391,64,4,,0,30,,4392,64,4,,0,72,,4393,64,4,,0,31,,4394,64,4,,0,70,,4395,64,4,,0,30,,4396,64,4,,0,70,,4397,64,4,,0,30,,4398,64,4,,0,70,,4399,64,4,,0,30,,4400,64,4,,0,70,,4401,64,4,,0,30,,4402,64,4,,0,70,,4403,64,4,,0,28,,4404,64,4,,0,70,,4405,64,4,,0,29,,4412,64,4,,0,63,,4413,64,4,,0,41,,4414,64,4,,0,71,,4420,64,4,,0,29,,4415,64,4,,0,103,,4416,64,4,,0,96,,4417,64,4,,0,99,,4418,64,4,,0,99,,4419,64,4,,0
301,'65032',655,,4439,64,4,,0,70,,4440,64,4,,0,31,,4441,64,4,,0,70,,4442,64,4,,0,28,,4443,64,4,,0,67,,4438,64,4,,0,31,,4422,64,4,,0,68,,4423,64,4,,0,30,,4424,64,4,,0,72,,4425,64,4,,0,31,,4426,64,4,,0,70,,4427,64,4,,0,30,,4428,64,4,,0,70,,4429,64,4,,0,30,,4430,64,4,,0,70,,4431,64,4,,0,30,,4432,64,4,,0,70,,4433,64,4,,0,30,,4434,64,4,,0,70,,4435,64,4,,0,28,,4436,64,4,,0,70,,4437,64,4,,0,29,,4444,64,4,,0,63,,4445,64,4,,0,41,,4446,64,4,,0,71,,4452,64,4,,0,29,,4447,64,4,,0,103,,4448,64,4,,0,96,,4449,64,4,,0,99,,4450,64,4,,0,99,,4451,64,4,,0
401,'65030',649,,4564,22,4,,0,65,,4559,54,4,,0,11,,4566,22,4,,0,12,,4560,54,4,,0,19,,4561,54,4,,0,88,,4567,25,4,,0,58,,4565,25,4,,0,16,,4600,54,4,,0,92,,4602,22,4,,0,14,,4569,54,4,,0,89,,4568,22,4,,0,21,,4571,54,4,,0,25,,4572,54,4,,0,52,,4604,22,4,,0,32,,4605,22,4,,0,62,,4607,22,4,,0,20,,4575,54,4,,0,80,,4603,22,4,,0,19,,4577,54,4,,0,104,,4579,54,4,,0,85,,4606,22,4,,0,22,,4593,25,4,,0,17,,4594,22,4,,0,52,,4592,54,4,,0,125,,4587,54,4,,0,26,,4599,54,4,,0,91,,4586,54,4,,0,94,,4584,54,4,,0,67,,4583,54,4,,0,35,,4582,54,4,,0,62,,4595,22,4,,0,44,,4596,22,4,,0,100,,4597,22,4,,0
401,'65031',717,,4625,22,4,,0,26,,4626,22,4,,0,74,,4627,22,4,,0,24,,4623,54,4,,0,78,,4624,22,4,,0,88,,4615,54,4,,0,30,,4608,22,4,,0,69,,4616,54,4,,0,30,,4609,22,4,,0,71,,4617,54,4,,0,101,,4618,54,4,,0,31,,4611,22,4,,0,69,,4619,54,4,,0,32,,4612,22,4,,0,68,,4620,54,4,,0,31,,4613,22,4,,0,67,,4621,54,4,,0,31,,4614,22,4,,0,69,,4622,54,4,,0,33,,4631,22,4,,0,63,,4637,54,4,,0,21,,4628,54,4,,0,20,,4629,54,4,,0,102,,4632,22,4,,0,100,,4633,22,4,,0,199,,4635,22,4,,0,100,,4636,22,4,,0
401,'65032',717,,4655,22,4,,0,26,,4656,22,4,,0,74,,4657,22,4,,0,24,,4653,54,4,,0,78,,4654,22,4,,0,88,,4645,54,4,,0,30,,4638,22,4,,0,69,,4646,54,4,,0,30,,4639,22,4,,0,71,,4647,54,4,,0,101,,4648,54,4,,0,31,,4641,22,4,,0,69,,4649,54,4,,0,32,,4642,22,4,,0,68,,4650,54,4,,0,31,,4643,22,4,,0,67,,4651,54,4,,0,31,,4644,22,4,,0,69,,4652,54,4,,0,33,,4661,22,4,,0,63,,4667,54,4,,0,21,,4658,54,4,,0,20,,4659,54,4,,0,102,,4662,22,4,,0,100,,4663,22,4,,0,199,,4665,22,4,,0,100,,4666,22,4,,0
401,'65035',818,,4668,57,4,,0
1201,'65030',649,,5829,39,4,,0,68,,5830,39,4,,0,30,,5825,39,4,,0,71,,5826,39,4,,0,27,,5827,39,4,,0,66,,5828,39,4,,0,23,,5831,39,4,,0,68,,5832,39,4,,0,32,,5833,39,4,,0,68,,5834,39,4,,0,32,,5835,39,4,,0,71,,5836,39,4,,0,32,,5837,39,4,,0,14,,5860,39,4,,0,84,,5839,39,4,,0,70,,5840,39,4,,0,31,,5841,39,4,,0,72,,5842,39,4,,0,27,,5843,39,4,,0,71,,5844,39,4,,0,26,,5845,39,4,,0,15,,5846,39,4,,0,68,,5848,39,4,,0,15,,5849,39,4,,0,19,,5850,39,4,,0,80,,5852,39,4,,0,23,,5853,39,4,,0,104,,5855,39,4,,0,95,,5856,39,4,,0,100,,5857,39,4,,0,79,,5858,39,4,,0,118,,5859,39,4,,0
1201,'65031',753,,5869,39,4,,0,101,,5870,39,4,,0,158,,5861,39,4,,0,101,,5862,39,4,,0,100,,5863,39,4,,0,100,,5864,39,4,,0,100,,5865,39,4,,0,100,,5866,39,4,,0,100,,5867,39,4,,0,143,,5871,39,4,,0,100,,5872,39,4,,0,100,,5873,39,4,,0,100,,5874,39,4,,0,100,,5875,39,4,,0
1201,'65032',753,,5884,39,4,,0,101,,5885,39,4,,0,158,,5876,39,4,,0,101,,5877,39,4,,0,100,,5878,39,4,,0,100,,5879,39,4,,0,100,,5880,39,4,,0,100,,5881,39,4,,0,100,,5882,39,4,,0,143,,5886,39,4,,0,100,,5887,39,4,,0,100,,5888,39,4,,0,100,,5889,39,4,,0,100,,5890,39,4,,0
1201,'65035',1642,,5891,39,4,,0
2600,'65030',702,,6867,17,4,,0,17,,6868,17,4,,0,30,,6869,17,4,,0,70,,6870,17,4,,0,30,,6871,17,4,,0,669,,6872,17,4,,0,31,,6873,17,4,,0,70,,6874,17,4,,0,30,,6875,17,4,,0,69,,6876,17,4,,0,30,,6877,17,4,,0,70,,6878,17,4,,0,30,,6879,17,4,,0,71,,6880,17,4,,0,29,,6881,17,4,,0,71,,6882,17,4,,0
3600,'65030',639,,6962,20,4,,0,67,,6963,20,4,,0,18,,6964,20,4,,0,32,,6965,20,4,,0,70,,6966,20,4,,0,30,,6967,20,4,,0,90,,6968,20,4,,0,100,,6969,20,4,,0,100,,6970,20,4,,0,100,,6971,20,4,,0,100,,6972,20,4,,0,80,,6973,20,4,,0,85,,6974,20,4,,0,30,,6975,20,4,,0,70,,6976,20,4,,0,30,,6977,20,4,,0,70,,6978,20,4,,0,30,,6979,20,4,,0,70,,6980,20,4,,0,90,,6981,20,4,,0,100,,6982,20,4,,0,58,,6983,20,4,,0,99,,6984,20,4,,0,86,,6985,20,4,,0
5000,'65030',641,,7011,32,4,,0,65,,7033,31,4,,0,34,,7012,32,4,,0,66,,7034,31,4,,0,29,,7013,32,4,,0,71,,7035,31,4,,0,29,,7014,32,4,,0,111,,7015,32,4,,0,99,,7016,32,4,,0,100,,7017,32,4,,0,101,,7018,32,4,,0,100,,7019,32,4,,0,76,,7036,32,4,,0,25,,7029,31,4,,0,77,,7027,32,4,,0,78,,7032,31,4,,0,33,,7028,32,4,,0,67,,7031,31,4,,0,31,,7026,32,4,,0,67,,7030,31,4,,0,49,,7024,32,4,,0,85,,7023,32,4,,0,85,,7022,32,4,,0,85,,7021,32,4,,0,44,,7020,32,4,,0
5000,'65031',837,,7054,32,4,,0,99,,7055,32,4,,0,106,,7053,32,4,,0,100,,7052,32,4,,0,100,,7051,32,4,,0,100,,7050,32,4,,0,100,,7049,32,4,,0,95,,7048,32,4,,0,97,,7047,32,4,,0,93,,7046,32,4,,0,91,,7045,32,4,,0,91,,7044,32,4,,0,48,,7043,32,4,,0,94,,7042,32,4,,0,100,,7040,32,4,,0,93,,7039,32,4,,0
5000,'65032',837,,7071,32,4,,0,99,,7072,32,4,,0,106,,7070,32,4,,0,100,,7069,32,4,,0,100,,7068,32,4,,0,100,,7067,32,4,,0,100,,7066,32,4,,0,95,,7065,32,4,,0,97,,7064,32,4,,0,93,,7063,32,4,,0,91,,7062,32,4,,0,91,,7061,32,4,,0,48,,7060,32,4,,0,94,,7059,32,4,,0,100,,7057,32,4,,0,93,,7056,32,4,,0
5000,'65035',730,,7073,19,4,,0
5701,'65030',958,,7340,94,4,,0,160,,7341,94,4,,0,107,,7342,94,4,,0,118,,7343,94,4,,0,105,,7344,94,4,,0,160,,7345,94,4,,0,105,,7346,94,4,,0
5701,'65031',1209,,7352,94,4,,0,102,,7351,94,4,,0,113,,7350,94,4,,0,102,,7349,94,4,,0,111,,7348,94,4,,0
5701,'65032',1209,,7358,94,4,,0,102,,7357,94,4,,0,113,,7356,94,4,,0,102,,7355,94,4,,0,111,,7354,94,4,,0
41101,'65030',716,,7384,3,4,,0,17,,7385,3,4,,0,17,,7386,3,4,,0,66,,7387,3,4,,0,20,,7388,3,4,,0,1312,,7382,3,4,,0,159,,7383,3,4,,0
41101,'65031',804,,7389,3,4,,0,102,,7390,3,4,,0,1402,,7391,3,4,,0
41101,'65032',804,,7392,3,4,,0,102,,7393,3,4,,0,1402,,7394,3,4,,0
91201,'65030',2401,,7855,43,4,,0
91201,'65031',2254,,7856,43,4,,0
91201,'65032',2254,,7858,43,4,,0
