1201,'65030',638,,5829,27,,,0,68,,5830,27,,,0,30,,5825,27,,,0,68,,5826,27,,,0,29,,5827,27,,,0,26,,5828,27,,,0,64,,5831,27,,,0,28,,5832,27,,,0,72,,5833,27,,,0,28,,5834,27,,,0,72,,5835,27,,,0,29,,5836,27,,,0,72,,5837,27,,,0,14,,5860,27,,,0,14,,5838,27,,,0,72,,5839,27,,,0,30,,5840,27,,,0,71,,5841,27,,,0,31,,5842,27,,,0,67,,5843,27,,,0,30,,5844,27,,,0,63,,5845,27,,,0,15,,5846,27,,,0,16,,5847,27,,,0,53,,5848,27,,,0,15,,5849,27,,,0,19,,5850,27,,,0,17,,5851,27,,,0,65,,5852,27,,,0,25,,5853,27,,,0,69,,5854,27,,,0,35,,5855,27,,,0,95,,5856,27,,,0,100,,5857,27,,,0,79,,5858,27,,,0,118,,5859,27,,,0
1201,'65031',742,,5869,27,,,0,101,,5870,27,,,0,158,,5861,27,,,0,101,,5862,27,,,0,100,,5863,27,,,0,100,,5864,27,,,0,100,,5865,27,,,0,100,,5866,27,,,0,100,,5867,27,,,0,57,,5868,27,,,0,86,,5871,27,,,0,100,,5872,27,,,0,100,,5873,27,,,0,100,,5874,27,,,0,100,,5875,27,,,0
1201,'65032',742,,5884,27,,,0,101,,5885,27,,,0,158,,5876,27,,,0,101,,5877,27,,,0,100,,5878,27,,,0,100,,5879,27,,,0,100,,5880,27,,,0,100,,5881,27,,,0,100,,5882,27,,,0,57,,5883,27,,,0,86,,5886,27,,,0,100,,5887,27,,,0,100,,5888,27,,,0,100,,5889,27,,,0,100,,5890,27,,,0
1201,'65035',1626,,5891,27,,,0
1600,'65030',621,,6136,17,,,0,81,,6135,17,,,0,18,,6134,17,,,0,15,,6133,17,,,0,14,,6132,17,,,0,59,,6131,17,,,0,33,,6130,17,,,0,65,,6129,17,,,0,24,,6143,17,,,0,72,,6137,17,,,0,30,,6144,17,,,0,71,,6138,17,,,0,27,,6145,17,,,0,13,,6149,17,,,0,15,,6139,17,,,0,53,,6150,17,,,0,16,,6146,17,,,0,17,,6169,17,,,0,59,,6140,17,,,0,30,,6147,17,,,0,70,,6141,17,,,0,28,,6148,17,,,0,70,,6142,17,,,0,16,,6171,17,,,0,17,,6168,17,,,0,24,,6151,17,,,0,67,,6152,17,,,0,12,,6153,17,,,0,15,,6154,17,,,0,57,,6155,17,,,0,14,,6156,17,,,0,17,,6157,17,,,0,19,,6158,17,,,0,66,,6170,17,,,0,26,,6159,17,,,0,67,,6160,17,,,0,29,,6161,17,,,0,71,,6162,17,,,0,33,,6163,17,,,0,69,,6172,17,,,0,29,,6164,17,,,0,63,,6165,17,,,0,16,,6166,17,,,0,75,,6167,17,,,0
1600,'65031',650,,6188,17,,,0,101,,6182,17,,,0,100,,6181,17,,,0,92,,6189,17,,,0,68,,6173,17,,,0,100,,6174,17,,,0,100,,6175,17,,,0,101,,6176,17,,,0,100,,6177,17,,,0,101,,6178,17,,,0,99,,6179,17,,,0,99,,6180,17,,,0,101,,6183,17,,,0,38,,6184,17,,,0,100,,6185,17,,,0,100,,6186,17,,,0,165,,6187,17,,,0
1600,'65032',650,,6205,17,,,0,101,,6199,17,,,0,100,,6198,17,,,0,92,,6206,17,,,0,68,,6190,17,,,0,100,,6191,17,,,0,100,,6192,17,,,0,101,,6193,17,,,0,100,,6194,17,,,0,101,,6195,17,,,0,99,,6196,17,,,0,99,,6197,17,,,0,101,,6200,17,,,0,38,,6201,17,,,0,100,,6202,17,,,0,100,,6203,17,,,0,165,,6204,17,,,0
91201,'65030',2250,,7854,31,,,0,100,,7855,31,,,0
91201,'65031',2244,,7856,31,,,0,100,,7857,31,,,0
91201,'65032',2244,,7858,31,,,0,100,,7859,31,,,0
