100,'65030',904,,3974,19,,,0,98,,3975,19,,,0,99,,3976,19,,,0,101,,3977,19,,,0,99,,3978,19,,,0,100,,3979,19,,,0,230,,3991,19,,,0,69,,3992,19,,,0,30,,3993,19,,,0,27,,3994,19,,,0,175,,3995,19,,,0,101,,3996,19,,,0,92,,3997,19,,,0,93,,3998,19,0,5 6,0,101,,3999,19,0,5 6,0
100,'65031',1725,,4009,19,0,5 6,0
100,'65032',1725,,4020,19,0,5 6,0
300,'65030',618,,4213,34,,,0,15,,4269,34,,,0,15,,4214,34,,,0,55,,4215,34,,,0,14,,4216,34,,,0,10,,4217,34,,,0,10,,4218,34,,,0,6,,4219,34,,,0,8,,4220,34,,,0,50,,4221,34,,,0,10,,4222,34,,,0,16,,4223,34,,,0,15,,4224,34,,,0,15,,4270,34,,,0,55,,4225,34,,,0,20,,4226,34,,,0,20,,4227,34,,,0,60,,4228,34,,,0,20,,4229,34,,,0,20,,4230,34,,,0,60,,4231,34,,,0,20,,4232,34,,,0,20,,4233,34,,,0,60,,4234,34,,,0,20,,4235,34,,,0,20,,4236,34,,,0,60,,4237,34,,,0,20,,4238,34,,,0,20,,4239,34,,,0,60,,4240,34,,,0,20,,4241,34,,,0,15,,4242,34,,,0,55,,4243,34,,,0,14,,4245,34,,,0,15,,4251,34,,,0,10,,4246,34,,,0,10,,4247,34,,,0,49,,4248,34,,,0,10,,4249,34,,,0,10,,4250,34,,,0,20,,4252,34,,,0,15,,4253,34,,,0,55,,4254,34,,,0,15,,4255,34,,,0,22,,4256,34,,,0,60,,4257,34,,,0,20,,4258,34,,,0,20,,4259,34,,,0,65,,4260,34,,,0,30,,4261,34,,,0,70,,4262,34,,,0,30,,4267,34,,,0,65,,4263,34,,,0,20,,4264,34,,,0,20,,4265,34,,,0,78,,4266,34,,,0,32,,4244,34,,,0
300,'65031',717,,4287,34,,,0,25,,4288,34,,,0,73,,4289,34,,,0,23,,4300,34,,,0,64,,4271,34,,,0,29,,4272,34,,,0,70,,4273,34,,,0,29,,4274,34,,,0,70,,4275,34,,,0,30,,4276,34,,,0,70,,4277,34,,,0,30,,4278,34,,,0,70,,4279,34,,,0,30,,4280,34,,,0,70,,4281,34,,,0,30,,4282,34,,,0,70,,4283,34,,,0,30,,4284,34,,,0,70,,4285,34,,,0,30,,4286,34,,,0,27,,4290,34,,,0,62,,4291,34,,,0,18,,4292,34,,,0,70,,4293,34,,,0,34,,4294,34,,,0,75,,4295,34,,,0,32,,4301,34,,,0,71,,4296,34,,,0,100,,4297,34,,,0,100,,4298,34,,,0,100,,4299,34,,,0
300,'65032',717,,4318,34,,,0,25,,4319,34,,,0,73,,4320,34,,,0,23,,4331,34,,,0,64,,4302,34,,,0,29,,4303,34,,,0,70,,4304,34,,,0,29,,4305,34,,,0,70,,4306,34,,,0,30,,4307,34,,,0,70,,4308,34,,,0,30,,4309,34,,,0,70,,4310,34,,,0,30,,4311,34,,,0,70,,4312,34,,,0,30,,4313,34,,,0,70,,4314,34,,,0,30,,4315,34,,,0,70,,4316,34,,,0,30,,4317,34,,,0,27,,4321,34,,,0,62,,4322,34,,,0,18,,4323,34,,,0,70,,4324,34,,,0,34,,4325,34,,,0,75,,4326,34,,,0,32,,4332,34,,,0,71,,4327,34,,,0,100,,4328,34,,,0,100,,4329,34,,,0,100,,4330,34,,,0
90300,'65030',2326,,7807,41,,,0,107,,7808,41,,,0
90300,'65031',2434,,7811,41,,,0
90300,'65032',2434,,7813,41,,,0
2400080000,'65030',620,,7898,7,,,1,28,,7897,7,,,1,69,,7896,7,,,1,32,,7895,7,,,1,67,,7894,7,,,1,30,,7893,7,,,1,73,,7892,7,,,1,97,,7891,7,,,1,100,,7890,7,,,1,100,,7889,7,,,1,103,,7888,7,,,1,100,,7887,7,,,1,97,,7886,7,,,1,30,,7885,7,,,1,71,,7884,7,,,1,33,,7883,7,,,1,70,,7882,7,,,1,32,,7881,7,,,1,65,,7880,7,,,1
