1500,'65030',728,,6071,9,,,0,77,,6057,9,,,0,28,,6058,9,,,0,88,,6059,9,,,0,112,,6060,9,,,0,83,,6061,9,,,0,123,,6062,9,,,0,92,,6063,9,,,0,92,,6064,9,,,0,100,,6065,9,,,0,34,,6066,9,,,0,68,,6072,9,,,0,80,,6067,9,,,0,53,,6068,9,,,0,100,,6069,9,,,0,100,,6070,9,,,0
1500,'65031',823,,6080,9,,,0,100,,6073,9,,,0,94,,6074,9,,,0,127,,6075,9,,,0,100,,6076,9,,,0,101,,6077,9,,,0,101,,6078,9,,,0,101,,6079,9,,,0,99,,6082,9,,,0,99,,6081,9,,,0
1500,'65032',823,,6090,9,,,0,100,,6083,9,,,0,94,,6084,9,,,0,127,,6085,9,,,0,100,,6086,9,,,0,101,,6087,9,,,0,101,,6088,9,,,0,101,,6089,9,,,0,99,,6092,9,,,0,99,,6091,9,,,0
60100,'65030',814,,7443,3,4,,0,12,,7444,3,4,,0,17,,7445,3,4,,0,9,,7446,3,4,,0,77,,7447,3,4,,0,10,,7448,3,4,,0,98,,7449,3,4,,0,18,,7450,3,4,,0,73,,7451,3,4,,0,76,,7452,3,4,,0,18,,7453,3,4,,0,28,,7454,3,4,,0,52,,7455,3,4,,0,8,,7456,3,4,,0,16,,7457,3,4,,0,10,,7458,3,4,,0,14,,7459,3,4,,0,269,,7460,3,4,,0,32,,7461,3,4,,0,5,,7462,3,4,,0,63,,7463,3,4,,0,5,,7464,3,4,,0,82,,7465,3,4,,0,107,,7466,3,4,,0,5,,7467,3,4,,0,190,,7468,3,4,,0,112,,7469,3,4,,0,15,,7442,3,4,,0,117,,7441,3,4,,0
60100,'65031',1450,,7471,3,4,,0,59,,7472,3,4,,0,30,,7473,3,4,,0,70,,7474,3,4,,0,14,,7475,3,4,,0,30,,7476,3,4,,0,262,,7477,3,4,,0,20,,7478,3,4,,0,18,,7479,3,4,,0,69,,7480,3,4,,0,291,,7470,3,4,,0
60100,'65032',1450,,7482,3,4,,0,59,,7483,3,4,,0,30,,7484,3,4,,0,70,,7485,3,4,,0,14,,7486,3,4,,0,30,,7487,3,4,,0,262,,7488,3,4,,0,20,,7489,3,4,,0,18,,7490,3,4,,0,69,,7491,3,4,,0,291,,7481,3,4,,0
60201,'65030',842,,7593,3,4,,0,14,,7594,3,4,,0,46,,7595,3,4,,0,19,,7596,3,4,,0,96,,7597,3,4,,0,101,,7598,3,4,,0,28,,7599,3,4,,0,10,,7600,3,4,,0,81,,7601,3,4,,0,20,,7602,3,4,,0,51,,7603,3,4,,0,15,,7604,3,4,,0,26,,7605,3,4,,0,8,,7606,3,4,,0,81,,7607,3,4,,0,63,,7608,3,4,,0,27,,7609,3,4,,0,175,,7610,3,4,,0,50,,7611,3,4,,0,51,,7612,3,4,,0,14,,7613,3,4,,0,7,,7614,3,4,,0,25,,7615,3,4,,0,65,,7616,3,4,,0,34,,7617,3,4,,0,67,,7618,3,4,,0,213,,7591,3,4,,0,218,,7592,3,4,,0
60201,'65031',1332,,7619,3,4,,0,76,,7620,3,4,,0,101,,7621,3,4,,0,100,,7622,3,4,,0,116,,7623,3,4,,0,105,,7624,3,4,,0,81,,7625,3,4,,0,225,,7626,3,4,,0,200,,7627,3,4,,0
60201,'65032',1332,,7628,3,4,,0,76,,7629,3,4,,0,101,,7630,3,4,,0,100,,7631,3,4,,0,116,,7632,3,4,,0,105,,7633,3,4,,0,81,,7634,3,4,,0,225,,7635,3,4,,0,200,,7636,3,4,,0
60301,'65030',838,,7679,3,4,,0,7,,7680,3,4,,0,5,,7681,3,4,,0,56,,7682,3,4,,0,7,,7683,3,4,,0,20,,7684,3,4,,0,180,,7685,3,4,,0,131,,7686,3,4,,0,63,,7687,3,4,,0,16,,7688,3,4,,0,12,,7689,3,4,,0,77,,7690,3,4,,0,221,,7691,3,4,,0,78,,7692,3,4,,0,13,,7693,3,4,,0,12,,7694,3,4,,0,10,,7695,3,4,,0,13,,7696,3,4,,0,49,,7697,3,4,,0,14,,7698,3,4,,0,6,,7699,3,4,,0,111,,7700,3,4,,0,11,,7701,3,4,,0,79,,7702,3,4,,0,209,,7678,3,4,,0,79,,7703,3,4,,0,92,,7704,3,4,,0,43,,7677,3,4,,0
60301,'65031',1253,,7705,3,4,,0,375,,7706,3,4,,0,97,,7707,3,4,,0,107,,7708,3,4,,0,208,,7709,3,4,,0,119,,7710,3,4,,0,249,,7711,3,4,,0
60301,'65032',1253,,7712,3,4,,0,375,,7713,3,4,,0,97,,7714,3,4,,0,107,,7715,3,4,,0,208,,7716,3,4,,0,119,,7717,3,4,,0,249,,7718,3,4,,0
60401,'65030',839,,7729,3,4,,0,15,,7730,3,4,,0,55,,7731,3,4,,0,16,,7732,3,4,,0,797,,7733,3,4,,0,100,,7734,3,4,,0,94,,7735,3,4,,0,333,,7728,3,4,,0,163,,7727,3,4,,0
60401,'65031',2409,,7736,3,4,,0
60401,'65032',2409,,7737,3,4,,0
60501,'65030',1149,,7756,3,4,,0,482,,7757,3,4,,0,23,,7758,3,4,,0,81,,7759,3,4,,0,24,,7760,3,4,,0,70,,7761,3,4,,0,16,,7762,3,4,,0,80,,7763,3,4,,0,21,,7764,3,4,,0,181,,7765,3,4,,0,106,,7766,3,4,,0,173,,7767,3,4,,0,39,,7754,3,4,,0,75,,7755,3,4,,0
60501,'65031',1824,,7768,3,4,,0,18,,7769,3,4,,0,517,,7770,3,4,,0,158,,7771,3,4,,0
60501,'65032',1824,,7772,3,4,,0,18,,7773,3,4,,0,517,,7774,3,4,,0,158,,7775,3,4,,0
60601,'65030',1354,,7782,3,4,,0,172,,7783,3,4,,0
60601,'65031',1709,,7784,3,4,,0,702,,7785,3,4,,0,12,,7786,3,4,,0
60601,'65032',1709,,7787,3,4,,0,702,,7788,3,4,,0,12,,7789,3,4,,0
60700,'65030',931,,7792,3,4,,0,328,,7793,3,4,,0,569,,7791,3,4,,0,27,,7790,3,4,,0
60801,'65030',1501,,7804,3,4,,0,331,,7805,3,4,,0,24,,7806,3,4,,0
