400,'65040',643,,8360,9,,,0,15,,8361,30,,,0,75,,8362,9,,,0,74,,8363,9,,,0,22,,8364,30,,,0,74,,8365,30,,,0,51,,8366,30,,,0,100,,8367,30,,,0,100,,8368,30,,,0,99,,8369,30,,,0,80,,8370,30,,,0,106,,8371,30,,,0,64,,8372,30,,,0,30,,8373,30,,,0,70,,8374,30,,,0,30,,8375,30,,,0,19,,8376,30,,,0,71,,8377,30,,,0,35,,8378,30,,,0,81,,8379,30,,,0,85,,8380,30,,,0,29,,8381,30,,,0,71,,8382,30,,,0,32,,8383,30,,,0,92,,8384,30,,,0
400,'65041',832,,8427,30,,,0,85,,8408,30,,,0,101,,8409,30,,,0,100,,8410,30,,,0,100,,8411,30,,,0,100,,8412,30,,,0,100,,8413,30,,,0,100,,8414,30,,,0,100,,8415,30,,,0,100,,8425,30,,,0,21,,8417,30,,,0,62,,8418,30,,,0,42,,8419,30,,,0
400,'65042',832,,8455,30,,,0,85,,8436,30,,,0,101,,8437,30,,,0,100,,8438,30,,,0,100,,8439,30,,,0,100,,8440,30,,,0,100,,8441,30,,,0,100,,8442,30,,,0,100,,8443,30,,,0,100,,8453,30,,,0,21,,8445,30,,,0,62,,8446,30,,,0,42,,8447,30,,,0
801,'65040',624,,9126,25,,,1,28,,9127,25,,,1,56,,9128,20,,,1,14,,9129,25,,,1,15,,9130,25,,,1,15,,9175,20,,,1,57,,9131,20,,,1,13,,9132,25,,,1,22,,9133,20,,,1,59,,9134,20,,,1,20,,9135,20,,,1,21,,9136,20,,,1,59,,9137,20,,,1,22,,9138,20,,,1,20,,9139,20,,,1,59,,9140,20,,,1,20,,9141,20,,,1,21,,9142,20,,,1,60,,9143,20,,,1,20,,9144,20,,,1,21,,9145,20,,,1,60,,9146,20,,,1,20,,9147,20,,,1,20,,9148,20,,,1,60,,9149,20,,,1,20,,9150,20,,,1,19,,9151,20,,,1,13,,9152,20,,,1,56,,9153,20,,,1,17,,9154,20,,,1,12,,9155,20,,,1,16,,9156,20,,,1,54,,9157,25,,,1,14,,9158,20,,,1,16,,9159,20,,,1,15,,9160,20,,,1,55,,9161,20,,,1,16,,9162,20,,,1,15,,9163,20,,,1,59,,9164,20,,,1,21,,9165,20,,,1,22,,9166,20,,,1,66,,9167,20,,,1,31,,9168,20,,,1,70,,9169,20,,,1,30,,9170,20,,,1,70,,9171,20,,,1,30,,9172,20,,,1,78,,9173,20,,,1,99,,9174,20,,,1
801,'65041',722,,9193,20,,,1,27,,9204,25,,,1,69,,9194,20,,,1,20,,9195,20,,,1,69,,9176,20,,,1,30,,9177,20,,,1,70,,9178,20,,,1,30,,9179,20,,,1,70,,9180,20,,,1,30,,9181,20,,,1,70,,9182,20,,,1,30,,9183,20,,,1,70,,9184,20,,,1,30,,9185,20,,,1,70,,9186,20,,,1,30,,9187,20,,,1,69,,9188,20,,,1,30,,9189,20,,,1,70,,9190,20,,,1,30,,9191,20,,,1,70,,9192,20,,,1,29,,9196,20,,,1,72,,9197,20,,,1,41,,9198,20,,,1,72,,9199,20,,,1,30,,9200,20,,,1,70,,9205,20,,,1,100,,9201,20,,,1,100,,9202,20,,,1,100,,9203,20,,,1
801,'65042',722,,9223,20,,,1,27,,9234,25,,,1,69,,9224,20,,,1,20,,9225,20,,,1,69,,9206,20,,,1,30,,9207,20,,,1,70,,9208,20,,,1,30,,9209,20,,,1,70,,9210,20,,,1,30,,9211,20,,,1,70,,9212,20,,,1,30,,9213,20,,,1,70,,9214,20,,,1,30,,9215,20,,,1,70,,9216,20,,,1,30,,9217,20,,,1,69,,9218,20,,,1,30,,9219,20,,,1,70,,9220,20,,,1,30,,9221,20,,,1,70,,9222,20,,,1,29,,9226,20,,,1,72,,9227,20,,,1,41,,9228,20,,,1,72,,9229,20,,,1,30,,9230,20,,,1,70,,9235,20,,,1,100,,9231,20,,,1,100,,9232,20,,,1,100,,9233,20,,,1
5500,'65040',810,,10946,86,,,2,118,,10952,86,,,2,111,,10948,86,,,2,115,,10955,86,,,2,159,,10949,86,,,2,114,,10953,86,,,2,122,,10950,86,,,2,157,,10954,86,,,2,116,,10947,86,,,2
5500,'65041',903,,10961,86,,,2,111,,10963,86,,,2,111,,10962,86,,,2,110,,10960,86,,,2,113,,10959,86,,,2,110,,10958,86,,,2,153,,10957,86,,,2
5500,'65042',903,,10969,86,,,2,111,,10971,86,,,2,111,,10970,86,,,2,110,,10968,86,,,2,113,,10967,86,,,2,110,,10966,86,,,2,153,,10965,86,,,2
44901,'65040',650,,11089,2,0,39 40 41,2,91,,11088,2,0,39 40 41,2,82,,11087,2,0,39 40 41,2,28,,11086,2,0,39 40 41,2,661,,11093,2,,,2,100,,11090,2,,,2,27,,11092,2,,,2,78,,11091,2,,,2
90400,'65040',2213,,11474,9,0,7 8 1 9,0,28,,11475,9,0,7 8 1 9,0,100,,11476,9,0,7 8 1 9,0,106,,11477,9,,,0
90400,'65041',734,,11484,9,0,7 8 1 9,0,1201,,11483,9,0,7 8 1 9,0,101,,11479,9,0,7 8 1 9,0,101,,11481,9,0,7 8 1 9,0,100,,11480,9,0,7 8 1 9,0,98,,11482,9,0,7 8 1 9,0,112,,11478,9,,,0
90400,'65042',734,,11491,9,0,7 8 1 9,0,1201,,11490,9,0,7 8 1 9,0,101,,11486,9,0,7 8 1 9,0,101,,11488,9,0,7 8 1 9,0,100,,11487,9,0,7 8 1 9,0,98,,11489,9,0,7 8 1 9,0,112,,11485,9,,,0
