600,'65030',654,,4791,19,,,0,60,,4792,19,,,0,19,,4793,19,,,0,22,,4794,19,,,0,56,,4828,19,,,0,17,,4795,19,,,0,9,,4796,19,,,0,69,,4797,19,,,0,36,,4809,19,,,0,68,,4808,19,,,0,32,,4807,19,,,0,68,,4806,19,,,0,32,,4805,19,,,0,70,,4804,19,,,0,22,,4810,19,,,0,20,,4803,19,,,0,58,,4802,19,,,0,29,,4801,19,,,0,69,,4800,19,,,0,31,,4799,19,,,0,71,,4798,19,,,0,31,,4811,19,,,0,75,,4812,19,,,0,18,,4813,19,,,0,70,,4814,19,,,0,24,,4815,19,,,0,72,,4816,19,,,0,29,,4817,19,,,0,74,,4818,19,,,0,32,,4819,19,,,0,85,,4820,19,,,0,30,,4821,19,,,0,64,,4822,19,,,0,40,,4823,19,,,0,69,,4824,19,,,0,30,,4825,19,,,0,64,,4826,19,,,0
600,'65031',652,,4838,19,,,0,97,,4839,19,,,0,66,,4840,19,,,0,90,,4829,19,,,0,44,,4830,19,,,0,102,,4831,19,,,0,101,,4832,19,,,0,100,,4833,19,,,0,101,,4834,19,,,0,103,,4835,19,,,0,100,,4836,19,,,0,100,,4837,19,,,0,102,,4847,19,,,0,90,,4846,19,,,0,83,,4845,19,,,0,99,,4844,19,,,0,99,,4843,19,,,0,75,,4842,19,,,0,102,,4841,19,,,0
600,'65032',652,,4858,19,,,0,97,,4859,19,,,0,66,,4860,19,,,0,90,,4849,19,,,0,44,,4850,19,,,0,102,,4851,19,,,0,101,,4852,19,,,0,100,,4853,19,,,0,101,,4854,19,,,0,103,,4855,19,,,0,100,,4856,19,,,0,100,,4857,19,,,0,102,,4867,19,,,0,90,,4866,19,,,0,83,,4865,19,,,0,99,,4864,19,,,0,99,,4863,19,,,0,75,,4862,19,,,0,102,,4861,19,,,0
801,'65030',642,,5275,50,,,1,70,,5276,50,,,1,19,,5277,45,,,1,17,,5278,45,,,1,9,,5326,45,,,1,48,,5279,45,,,1,8,,5280,45,,,1,12,,5322,50,,,1,9,,5281,45,,,1,13,,5282,45,,,1,54,,5283,45,,,1,13,,5284,45,,,1,20,,5285,45,,,1,19,,5286,45,,,1,60,,5287,45,,,1,20,,5288,45,,,1,20,,5289,45,,,1,60,,5290,45,,,1,21,,5291,45,,,1,20,,5292,45,,,1,61,,5293,45,,,1,20,,5294,45,,,1,20,,5295,45,,,1,59,,5296,45,,,1,20,,5297,45,,,1,20,,5298,45,,,1,60,,5299,45,,,1,21,,5300,45,,,1,21,,5301,45,,,1,60,,5325,45,,,1,15,,5302,45,,,1,15,,5303,45,,,1,61,,5304,50,,,1,15,,5305,45,,,1,18,,5306,45,,,1,16,,5307,50,,,1,51,,5308,45,,,1,15,,5309,45,,,1,14,,5310,45,,,1,15,,5311,45,,,1,54,,5312,45,,,1,20,,5313,45,,,1,25,,5314,45,,,1,59,,5315,45,,,1,33,,5316,45,,,1,66,,5317,45,,,1,29,,5318,45,,,1,64,,5319,45,,,1,31,,5320,45,,,1,70,,5321,45,,,1,37,,5324,45,,,1,100,,5323,45,,,1
801,'65031',737,,5344,45,,,1,99,,5345,45,,,1,65,,5346,45,,,1,21,,5327,45,,,1,31,,5328,45,,,1,70,,5329,45,,,1,31,,5330,45,,,1,71,,5331,45,,,1,30,,5332,45,,,1,70,,5333,45,,,1,31,,5334,45,,,1,70,,5335,45,,,1,30,,5336,45,,,1,70,,5337,45,,,1,30,,5338,45,,,1,70,,5339,45,,,1,30,,5340,45,,,1,70,,5341,45,,,1,30,,5342,45,,,1,70,,5343,45,,,1,29,,5347,45,,,1,70,,5348,45,,,1,30,,5349,45,,,1,67,,5355,45,,,1,18,,5350,45,,,1,69,,5356,45,,,1,31,,5351,45,,,1,100,,5352,45,,,1,98,,5353,45,,,1,99,,5354,45,,,1
801,'65032',737,,5374,45,,,1,99,,5375,45,,,1,65,,5376,45,,,1,21,,5357,45,,,1,31,,5358,45,,,1,70,,5359,45,,,1,31,,5360,45,,,1,71,,5361,45,,,1,30,,5362,45,,,1,70,,5363,45,,,1,31,,5364,45,,,1,70,,5365,45,,,1,30,,5366,45,,,1,70,,5367,45,,,1,30,,5368,45,,,1,70,,5369,45,,,1,30,,5370,45,,,1,70,,5371,45,,,1,30,,5372,45,,,1,70,,5373,45,,,1,29,,5377,45,,,1,70,,5378,45,,,1,30,,5379,45,,,1,67,,5385,45,,,1,18,,5380,45,,,1,69,,5386,45,,,1,31,,5381,45,,,1,100,,5382,45,,,1,98,,5383,45,,,1,99,,5384,45,,,1
901,'65030',708,,5452,53,,,0,28,,5453,53,,,0,65,,5454,53,,,0,9,,5459,23,,,0,16,,5455,53,,,0,17,,5456,53,,,0,57,,5457,53,,,0,24,,5458,53,,,0,26,,5474,53,,,0,62,,5473,53,,,0,20,,5472,53,,,0,81,,5471,53,,,0,21,,5470,53,,,0,80,,5469,53,,,0,21,,5468,53,,,0,81,,5467,53,,,0,20,,5466,53,,,0,80,,5465,53,,,0,20,,5464,53,,,0,80,,5463,53,,,0,21,,5462,53,,,0,66,,5486,53,,,0,28,,5461,53,,,0,25,,5460,53,,,0,88,,5482,53,,,0,82,,5485,53,,,0,22,,5484,53,,,0,72,,5483,53,,,0
901,'65031',1037,,5487,53,,,0,100,,5488,53,,,0,99,,5494,53,,,0,101,,5493,53,,,0,100,,5492,53,,,0,99,,5491,53,,,0,105,,5490,53,,,0,97,,5489,53,,,0
901,'65032',1037,,5503,53,,,0,100,,5504,53,,,0,99,,5510,53,,,0,101,,5509,53,,,0,100,,5508,53,,,0,99,,5507,53,,,0,105,,5506,53,,,0,97,,5505,53,,,0
1100,'65030',606,,5563,22,0,22 23,0,21,,5578,22,0,22 23,0,27,,5519,43,,,0,67,,5520,43,,,0,18,,5524,22,,,0,18,,5567,43,0,22 23,0,46,,5566,22,0,22 23,0,12,,5521,43,,,0,9,,5565,22,0,22 23,0,12,,5522,43,,,0,16,,5564,22,0,22 23,0,64,,5523,43,,,0,14,,5571,22,0,22 23,0,14,,5525,43,,,0,14,,5568,22,0,22 23,0,56,,5526,43,,,0,13,,5572,22,0,22 23,0,17,,5527,43,,,0,13,,5560,22,0,22 23,0,57,,5528,43,,,0,12,,5573,22,0,22 23,0,17,,5529,43,,,0,11,,5561,22,0,22 23,0,58,,5530,43,,,0,14,,5559,22,0,22 23,0,17,,5531,43,,,0,15,,5562,22,0,22 23,0,56,,5532,43,,,0,13,,5557,22,0,22 23,0,17,,5533,43,,,0,14,,5558,22,0,22 23,0,55,,5534,43,,,0,13,,5576,22,,,0,17,,5535,43,,,0,13,,5554,22,0,22 23,0,57,,5536,43,,,0,13,,5556,22,0,22 23,0,17,,5537,43,,,0,5,,5552,22,0,22 23,0,9,,5555,22,0,22 23,0,52,,5538,43,,,0,15,,5549,22,,,0,15,,5539,43,,,0,14,,5574,22,0,22 23,0,54,,5540,43,,,0,19,,5577,22,0,22 23,0,16,,5541,43,,,0,12,,5575,22,0,22 23,0,58,,5542,43,,,0,12,,5553,22,0,22 23,0,14,,5569,43,,,0,73,,5543,43,,,0,30,,5544,43,,,0,83,,5545,43,,,0,30,,5550,22,,,0,70,,5546,43,,,0,26,,5551,22,0,24 1 25,0,77,,5547,43,,,0,100,,5548,43,0,24 1 25,0,90,,5570,43,0,22 23,0
1100,'65031',718,,5594,22,,,0,100,,5595,43,,,0,31,,5596,22,,,0,66,,5579,43,,,0,32,,5580,43,,,0,72,,5587,22,,,0,28,,5581,43,,,0,62,,5588,22,,,0,30,,5582,43,,,0,69,,5589,22,,,0,28,,5583,43,,,0,74,,5590,22,,,0,32,,5584,43,,,0,67,,5591,22,,,0,33,,5585,43,,,0,67,,5592,22,,,0,36,,5586,43,,,0,64,,5593,22,,,0,36,,5597,43,,,0,67,,5598,43,,,0,44,,5599,22,0,22 23,0,61,,5600,43,,,0,97,,5601,43,,,0,100,,5602,43,,,0,100,,5603,43,,,0,101,,5604,43,,,0,108,,5605,43,0,24 1 25,0
1100,'65032',718,,5621,22,,,0,100,,5622,43,,,0,31,,5623,22,,,0,66,,5606,43,,,0,32,,5607,43,,,0,72,,5614,22,,,0,28,,5608,43,,,0,62,,5615,22,,,0,30,,5609,43,,,0,69,,5616,22,,,0,28,,5610,43,,,0,74,,5617,22,,,0,32,,5611,43,,,0,67,,5618,22,,,0,33,,5612,43,,,0,67,,5619,22,,,0,36,,5613,43,,,0,64,,5620,22,,,0,36,,5624,43,,,0,67,,5625,43,,,0,44,,5626,22,0,22 23,0,61,,5627,43,,,0,97,,5628,43,,,0,100,,5629,43,,,0,100,,5630,43,,,0,101,,5631,43,,,0,108,,5632,43,0,24 1 25,0
1100,'65037',800,,5633,22,0,22 23,0,10,,5634,22,0,22 23,0
1301,'65030',814,,5892,29,,,0
1401,'65030',600,,5972,36,,,0,30,,6020,36,,,0,26,,5973,36,,,0,67,,5974,36,,,0,19,,5975,36,,,0,16,,5976,36,,,0,52,,5977,36,,,0,27,,5978,36,,,0,20,,6019,36,,,0,57,,5979,36,,,0,19,,5987,36,,,0,19,,6018,36,,,0,60,,5980,36,,,0,20,,5988,36,,,0,20,,5994,36,,,0,60,,5981,36,,,0,21,,5989,36,,,0,20,,5995,36,,,0,55,,5982,36,,,0,25,,5990,36,,,0,15,,5996,36,,,0,64,,5983,36,,,0,21,,5991,36,,,0,20,,5997,36,,,0,60,,5984,36,,,0,21,,5992,36,,,0,19,,5998,36,,,0,60,,5985,36,,,0,24,,5993,36,,,0,21,,5999,36,,,0,63,,5986,36,,,0,22,,6000,36,,,0,64,,6001,36,,,0,12,,6002,36,,,0,15,,6003,36,,,0,18,,6004,36,,,0,63,,6005,36,,,0,21,,6006,36,,,0,64,,6007,36,,,0,24,,6008,36,,,0,33,,6009,36,,,0,71,,6010,36,,,0,26,,6011,36,,,0,69,,6012,36,,,0,30,,6013,36,,,0,69,,6014,36,,,0,33,,6015,36,,,0,98,,6016,36,,,0,57,,6017,36,,,0
1401,'65031',751,,6029,36,,,0,100,,6030,36,,,0,98,,6021,36,,,0,90,,6022,36,,,0,100,,6023,36,,,0,101,,6024,36,,,0,100,,6025,36,,,0,100,,6026,36,,,0,100,,6027,36,,,0,100,,6028,36,,,0,117,,6031,36,,,0,101,,6032,36,,,0,97,,6033,36,,,0,100,,6034,36,,,0,97,,6035,36,,,0,97,,6036,36,,,0,101,,6037,36,,,0,60,,6038,36,,,0
1401,'65032',751,,6047,36,,,0,100,,6048,36,,,0,98,,6039,36,,,0,90,,6040,36,,,0,100,,6041,36,,,0,101,,6042,36,,,0,100,,6043,36,,,0,100,,6044,36,,,0,100,,6045,36,,,0,100,,6046,36,,,0,117,,6049,36,,,0,101,,6050,36,,,0,97,,6051,36,,,0,100,,6052,36,,,0,97,,6053,36,,,0,97,,6054,36,,,0,101,,6055,36,,,0,60,,6056,36,,,0
1601,'65030',643,,6208,16,,,0,81,,6209,16,,,0,19,,6210,16,,,0,16,,6211,16,,,0,54,,6212,16,,,0,21,,6207,16,,,0,69,,6213,16,,,0,24,,6214,16,,,0,24,,6221,16,,,0,72,,6220,16,,,0,29,,6222,16,,,0,71,,6219,16,,,0,27,,6223,16,,,0,53,,6227,16,,,0,17,,6218,16,,,0,13,,6228,16,,,0,16,,6224,16,,,0,57,,6247,16,,,0,17,,6217,16,,,0,30,,6225,16,,,0,70,,6216,16,,,0,29,,6226,16,,,0,70,,6215,16,,,0,17,,6249,16,,,0,18,,6246,16,,,0,65,,6245,16,,,0,29,,6244,16,,,0,52,,6243,16,,,0,12,,6242,16,,,0,16,,6241,16,,,0,13,,6240,16,,,0,57,,6239,16,,,0,19,,6238,16,,,0,24,,6248,16,,,0,66,,6237,16,,,0,27,,6236,16,,,0,69,,6235,16,,,0,31,,6234,16,,,0,73,,6233,16,,,0,29,,6250,16,,,0,69,,6232,16,,,0,23,,6231,16,,,0,16,,6230,16,,,0,75,,6229,16,,,0
1601,'65031',705,,6260,16,,,0,102,,6261,16,,,0,101,,6259,16,,,0,93,,6267,16,,,0,28,,6251,16,,,0,100,,6252,16,,,0,100,,6253,16,,,0,101,,6254,16,,,0,101,,6255,16,,,0,101,,6256,16,,,0,99,,6257,16,,,0,99,,6258,16,,,0,100,,6262,16,,,0,78,,6263,16,,,0,100,,6264,16,,,0,98,,6265,16,,,0,125,,6266,16,,,0
1601,'65032',705,,6277,16,,,0,102,,6278,16,,,0,101,,6276,16,,,0,93,,6284,16,,,0,28,,6268,16,,,0,100,,6269,16,,,0,100,,6270,16,,,0,101,,6271,16,,,0,101,,6272,16,,,0,101,,6273,16,,,0,99,,6274,16,,,0,99,,6275,16,,,0,100,,6279,16,,,0,78,,6280,16,,,0,100,,6281,16,,,0,98,,6282,16,,,0,125,,6283,16,,,0
2901,'65033',2423,,6961,18,,,0,30,,6960,18,,,0,70,,6959,18,,,0,30,,6958,18,,,0,70,,6957,18,,,0,30,,6956,18,,,0
