1201,'65030',633,,5829,17,,,0,68,,5830,17,,,0,30,,5825,17,,,0,27,,5826,17,,,0,70,,5827,17,,,0,26,,5828,17,,,0,64,,5831,17,,,0,28,,5832,17,,,0,72,,5833,17,,,0,28,,5834,17,,,0,72,,5835,17,,,0,29,,5836,17,,,0,72,,5837,17,,,0,14,,5860,17,,,0,14,,5838,17,,,0,72,,5839,17,,,0,30,,5840,17,,,0,71,,5841,17,,,0,30,,5842,17,,,0,67,,5843,17,,,0,30,,5844,17,,,0,61,,5845,17,,,0,15,,5846,17,,,0,16,,5847,17,,,0,14,,5848,17,,,0,55,,5849,17,,,0,21,,5850,17,,,0,17,,5851,17,,,0,65,,5852,17,,,0,25,,5853,17,,,0,69,,5854,17,,,0,35,,5855,17,,,0,95,,5856,17,,,0,100,,5857,17,,,0,79,,5858,17,,,0,118,,5859,17,,,0
1201,'65031',738,,5869,17,,,0,100,,5870,17,,,0,118,,5861,17,,,0,101,,5862,17,,,0,100,,5863,17,,,0,100,,5864,17,,,0,100,,5865,17,,,0,100,,5866,17,,,0,100,,5867,17,,,0,98,,5868,17,,,0,86,,5871,17,,,0,100,,5872,17,,,0,100,,5873,17,,,0,100,,5874,17,,,0,100,,5875,17,,,0
1201,'65032',738,,5884,17,,,0,100,,5885,17,,,0,118,,5876,17,,,0,101,,5877,17,,,0,100,,5878,17,,,0,100,,5879,17,,,0,100,,5880,17,,,0,100,,5881,17,,,0,100,,5882,17,,,0,98,,5883,17,,,0,86,,5886,17,,,0,100,,5887,17,,,0,100,,5888,17,,,0,100,,5889,17,,,0,100,,5890,17,,,0
1201,'65035',1618,,5891,17,,,0
5701,'65030',936,,7340,66,,,0,120,,7341,66,,,0,146,,7342,66,,,0,119,,7343,66,,,0,105,,7344,66,,,0,120,,7345,66,,,0,105,,7346,66,,,0
5701,'65031',1149,,7352,66,,,0,102,,7351,66,,,0,153,,7350,66,,,0,102,,7349,66,,,0,111,,7348,66,,,0
5701,'65032',1149,,7358,66,,,0,102,,7357,66,,,0,153,,7356,66,,,0,102,,7355,66,,,0,111,,7354,66,,,0
91201,'65030',2243,,7854,17,,,0,100,,7855,17,,,0
91201,'65031',2236,,7856,17,,,0,100,,7857,17,,,0
91201,'65032',2236,,7858,17,,,0,100,,7859,17,,,0
