101,'65030',652,,4022,17,,,0,55,,4027,17,,,0,34,,4023,17,,,0,59,,4024,17,0,5 6,0,32,,4025,17,0,5 6,0,25,,4026,17,0,5 6,0,78,,4028,17,0,5 6,0,70,,4029,17,,,0,29,,4030,17,0,5 6,0,71,,4036,17,,,0,29,,4031,17,0,5 6,0,68,,4037,17,,,0,33,,4032,17,0,5 6,0,69,,4038,17,,,0,30,,4033,17,0,5 6,0,70,,4039,17,,,0,30,,4034,17,0,5 6,0,70,,4040,17,0,5 6,0,29,,4035,17,,,0,24,,4041,17,,,0,67,,4042,17,0,5 6,0,29,,4043,17,0,5 6,0,60,,4044,17,0,5 6,0,27,,4045,17,,,0,63,,4046,17,0,5 6,0,25,,4050,17,0,5 6,0,75,,4049,17,,,0,97,,4048,17,,,0,100,,4047,17,,,0,56,,4051,17,0,5 6,0
101,'65031',817,,4063,17,0,5 6,0,116,,4054,17,0,5 6,0,99,,4055,17,0,5 6,0,100,,4056,17,0,5 6,0,101,,4057,17,0,5 6,0,100,,4058,17,0,5 6,0,100,,4059,17,0,5 6,0,99,,4060,17,0,5 6,0,100,,4061,17,0,5 6,0,98,,4062,17,0,5 6,0,81,,4064,17,0,5 6,0
101,'65032',817,,4074,17,0,5 6,0,116,,4065,17,0,5 6,0,99,,4066,17,0,5 6,0,100,,4067,17,0,5 6,0,101,,4068,17,0,5 6,0,100,,4069,17,0,5 6,0,100,,4070,17,0,5 6,0,99,,4071,17,0,5 6,0,100,,4072,17,0,5 6,0,98,,4073,17,0,5 6,0,81,,4075,17,0,5 6,0
401,'65030',650,,4559,26,,,0,62,,4560,26,,,0,16,,4561,26,,,0,25,,4562,26,,,0,70,,4563,26,,,0,30,,4600,26,,,0,70,,4601,26,0,5 6,0,35,,4569,26,,,0,70,,4570,26,,,0,78,,4571,26,,,0,25,,4572,26,,,0,27,,4573,26,,,0,75,,4574,26,0,5 6,0,25,,4575,26,,,0,74,,4576,26,0,5 6,0,24,,4577,26,,,0,72,,4578,26,0,5 6,0,31,,4579,26,,,0,70,,4580,26,0,5 6,0,76,,4591,26,0,5 6,0,29,,4592,26,,,0,72,,4590,26,0,5 6,0,24,,4589,26,0,5 6,0,15,,4588,26,,,0,60,,4587,26,,,0,26,,4599,26,,,0,91,,4586,26,,,0,25,,4585,26,,,0,71,,4584,26,,,0,28,,4583,26,,,0,75,,4582,26,,,0,85,,4581,26,0,5 6,0
401,'65031',816,,4623,26,,,0,126,,4615,26,,,0,99,,4616,26,,,0,100,,4617,26,,,0,100,,4618,26,,,0,100,,4619,26,,,0,100,,4620,26,,,0,101,,4621,26,,,0,100,,4622,26,,,0,97,,4637,26,,,0,61,,4628,26,,,0,20,,4629,26,,,0
401,'65032',816,,4653,26,,,0,126,,4645,26,,,0,99,,4646,26,,,0,100,,4647,26,,,0,100,,4648,26,,,0,100,,4649,26,,,0,100,,4650,26,,,0,101,,4651,26,,,0,100,,4652,26,,,0,97,,4667,26,,,0,61,,4658,26,,,0,20,,4659,26,,,0
401,'65035',747,,4668,26,,,0
5501,'65030',734,,7295,34,,,0,122,,7296,34,,,0,155,,7297,34,,,0,115,,7298,34,,,0,115,,7299,34,,,0,115,,7300,34,,,0,155,,7301,34,,,0,115,,7302,34,,,0,118,,7303,34,,,0,112,,7304,34,0,5 6,0
5501,'65031',831,,7312,34,,,0,110,,7311,34,,,0,110,,7310,34,,,0,150,,7309,34,,,0,110,,7308,34,,,0,110,,7307,34,,,0,109,,7305,34,,,0,112,,7306,34,0,5 6,0
5501,'65032',831,,7320,34,,,0,110,,7319,34,,,0,110,,7318,34,,,0,150,,7317,34,,,0,110,,7316,34,,,0,110,,7315,34,,,0,109,,7313,34,,,0,112,,7314,34,0,5 6,0
90401,'65030',614,,7832,33,,,0,1703,,7833,33,,,0
90401,'65031',622,,7834,33,,,0,100,,7835,33,,,0,1197,,7836,33,,,0,100,,7837,33,,,0,100,,7838,33,,,0,100,,7839,33,,,0,100,,7840,33,,,0
90401,'65032',622,,7841,33,,,0,100,,7842,33,,,0,1197,,7843,33,,,0,100,,7844,33,,,0,100,,7845,33,,,0,100,,7846,33,,,0,100,,7847,33,,,0
90801,'65030',2442,,7849,34,,,0
90801,'65031',2442,,7850,34,,,0
90801,'65032',2442,,7851,34,,,0
