201,'65040',641,,8072,14,,,0,85,,8073,14,,,0,25,,8074,14,,,0,73,,8075,14,,,0,34,,8076,14,,,0,142,,8077,14,,,0,59,,8078,14,,,0,98,,8079,14,,,0,100,,8080,14,,,0,100,,8081,14,,,0,99,,8082,14,,,0,67,,8083,14,,,0,30,,8084,14,,,0,71,,8085,14,,,0,31,,8086,14,,,0,73,,8087,14,,,0,73,,8094,14,,,0,31,,8088,14,,,0,74,,8089,14,,,0,39,,8095,14,,,0,100,,8090,14,,,0,105,,8091,14,,,0,91,,8092,14,,,0,100,,8093,14,,,0
201,'65041',738,,8104,14,,,0,102,,8105,14,,,0,89,,8096,14,,,0,29,,8097,14,,,0,100,,8098,14,,,0,99,,8099,14,,,0,99,,8100,14,,,0,100,,8101,14,,,0,100,,8102,14,,,0,100,,8103,14,,,0,70,,8106,14,,,0,114,,8107,14,,,0,100,,8108,14,,,0,102,,8109,14,,,0,100,,8110,14,,,0,100,,8111,14,,,0,100,,8112,14,,,0,100,,8113,14,,,0
201,'65042',738,,8122,14,,,0,102,,8123,14,,,0,89,,8114,14,,,0,29,,8115,14,,,0,100,,8116,14,,,0,99,,8117,14,,,0,99,,8118,14,,,0,100,,8119,14,,,0,100,,8120,14,,,0,100,,8121,14,,,0,70,,8124,14,,,0,114,,8125,14,,,0,100,,8126,14,,,0,102,,8127,14,,,0,100,,8128,14,,,0,100,,8129,14,,,0,100,,8130,14,,,0,100,,8131,14,,,0
1401,'65040',543,,9776,8,,,0,98,,9777,8,,,0,88,,9778,8,,,0,11,,9812,8,,,0,14,,9779,8,,,0,68,,9780,8,,,0,25,,9781,8,,,0,57,,9782,8,,,0,18,,9783,8,,,0,35,,9784,8,,,0,65,,9785,8,,,0,79,,9786,8,,,0,21,,9787,8,,,0,36,,9788,8,,,0,63,,9789,8,,,0,36,,9790,8,,,0,65,,9791,8,,,0,37,,9792,8,,,0,57,,9793,8,,,0,20,,9813,8,,,0,20,,9794,8,,,0,65,,9795,8,,,0,25,,9796,8,,,0,66,,9797,8,,,0,30,,9798,8,,,0,71,,9799,8,,,0,14,,9800,8,,,0,21,,9801,8,,,0,74,,9802,8,,,0,22,,9803,8,,,0,84,,9804,8,,,0,81,,9805,8,,,0,23,,9806,8,,,0,77,,9807,8,,,0,33,,9808,8,,,0,97,,9809,8,,,0,100,,9810,8,,,0,17,,9811,8,,,0
1401,'65041',736,,9821,8,,,0,95,,9822,8,,,0,96,,9814,8,,,0,28,,9815,8,,,0,100,,9816,8,,,0,99,,9817,8,,,0,99,,9830,8,,,0,98,,9818,8,,,0,100,,9819,8,,,0,101,,9820,8,,,0,100,,9832,8,,,0,99,,9831,8,,,0,79,,9823,8,,,0,105,,9824,8,,,0,101,,9825,8,,,0,100,,9826,8,,,0,100,,9827,8,,,0,100,,9828,8,,,0,21,,9829,8,,,0
1401,'65042',736,,9840,8,,,0,95,,9841,8,,,0,96,,9833,8,,,0,28,,9834,8,,,0,100,,9835,8,,,0,99,,9836,8,,,0,99,,9849,8,,,0,98,,9837,8,,,0,100,,9838,8,,,0,101,,9839,8,,,0,100,,9851,8,,,0,99,,9850,8,,,0,79,,9842,8,,,0,105,,9843,8,,,0,101,,9844,8,,,0,100,,9845,8,,,0,100,,9846,8,,,0,100,,9847,8,,,0,21,,9848,8,,,0
1901,'65040',555,,10299,8,0,10 55,0,87,,10298,8,,,0,75,,10297,8,,,0,20,,10296,8,,,0,98,,10295,8,,,0,101,,10294,8,,,0,104,,10293,8,,,0,100,,10292,8,,,0,96,,10291,8,,,0,100,,10290,8,,,0,97,,10289,8,,,0,81,,10288,8,,,0,40,,10287,8,,,0,70,,10286,8,,,0,34,,10285,8,,,0,69,,10284,8,,,0,84,,10283,8,,,0
5501,'65040',750,,10979,56,,,2,157,,10972,56,,,2,116,,10980,56,,,2,114,,10973,56,,,2,117,,10981,56,,,2,158,,10974,56,,,2,113,,10977,56,,,2,123,,10975,56,,,2,155,,10978,56,,,2
5501,'65041',847,,10989,56,,,2,110,,10988,56,,,2,150,,10987,56,,,2,110,,10986,56,,,2,110,,10985,56,,,2,110,,10984,56,,,2,109,,10982,56,,,2
5501,'65042',847,,10997,56,,,2,110,,10996,56,,,2,150,,10995,56,,,2,110,,10994,56,,,2,110,,10993,56,,,2,110,,10992,56,,,2,109,,10990,56,,,2
