800,'65030',617,,5160,7,,,1,16,,5212,7,,,1,11,,5161,7,,,1,61,,5162,7,,,1,9,,5163,7,,,1,13,,5164,7,,,1,14,,5165,7,,,1,15,,5166,7,,,1,55,,5167,7,,,1,15,,5168,7,,,1,23,,5169,7,,,1,61,,5170,7,,,1,20,,5171,7,,,1,20,,5172,7,,,1,60,,5173,7,,,1,20,,5174,7,,,1,20,,5175,7,,,1,60,,5176,7,,,1,20,,5177,7,,,1,19,,5178,7,,,1,60,,5179,7,,,1,21,,5180,7,,,1,21,,5181,7,,,1,61,,5182,7,,,1,18,,5183,7,,,1,20,,5184,7,,,1,62,,5185,7,,,1,17,,5186,7,,,1,19,,5187,7,,,1,10,,5188,7,,,1,54,,5189,7,,,1,15,,5190,7,,,1,13,,5191,7,,,1,15,,5192,7,,,1,47,,5193,7,,,1,7,,5194,7,,,1,10,,5195,7,,,1,13,,5196,7,,,1,18,,5197,7,,,1,60,,5198,7,,,1,15,,5199,7,,,1,24,,5200,7,,,1,58,,5201,7,,,1,18,,5202,7,,,1,23,,5203,7,,,1,70,,5204,7,,,1,30,,5205,7,,,1,70,,5206,7,,,1,30,,5207,7,,,1,76,,5208,7,,,1,25,,5209,7,,,1,68,,5210,7,,,1,100,,5211,7,,,1
800,'65031',617,,5229,7,,,1,101,,5230,7,,,1,29,,5231,7,,,1,69,,5232,7,,,1,19,,5233,7,,,1,71,,5213,7,,,1,30,,5214,7,,,1,69,,5215,7,,,1,30,,5216,7,,,1,69,,5217,7,,,1,30,,5218,7,,,1,70,,5219,7,,,1,30,,5220,7,,,1,70,,5221,7,,,1,30,,5222,7,,,1,69,,5223,7,,,1,30,,5224,7,,,1,70,,5225,7,,,1,31,,5226,7,,,1,71,,5227,7,,,1,29,,5228,7,,,1,70,,5234,7,,,1,32,,5235,7,,,1,70,,5242,7,,,1,22,,5236,7,,,1,25,,5243,7,,,1,63,,5237,7,,,1,101,,5238,7,,,1,100,,5239,7,,,1,100,,5240,7,,,1,101,,5241,7,,,1
800,'65032',617,,5260,7,,,1,101,,5261,7,,,1,29,,5262,7,,,1,69,,5263,7,,,1,19,,5264,7,,,1,71,,5244,7,,,1,30,,5245,7,,,1,69,,5246,7,,,1,30,,5247,7,,,1,69,,5248,7,,,1,30,,5249,7,,,1,70,,5250,7,,,1,30,,5251,7,,,1,70,,5252,7,,,1,30,,5253,7,,,1,69,,5254,7,,,1,30,,5255,7,,,1,70,,5256,7,,,1,31,,5257,7,,,1,71,,5258,7,,,1,29,,5259,7,,,1,70,,5265,7,,,1,32,,5266,7,,,1,70,,5273,7,,,1,22,,5267,7,,,1,25,,5274,7,,,1,63,,5268,7,,,1,101,,5269,7,,,1,100,,5270,7,,,1,100,,5271,7,,,1,101,,5272,7,,,1
900,'65030',702,,5387,7,,,0,14,,5388,7,,,0,43,,5389,7,,,0,70,,5390,7,,,0,26,,5395,7,,,0,61,,5394,7,,,0,40,,5396,7,,,0,60,,5402,7,,,0,39,,5397,7,,,0,59,,5403,7,,,0,38,,5398,7,,,0,60,,5404,7,,,0,40,,5399,7,,,0,62,,5405,7,,,0,40,,5400,7,,,0,60,,5406,7,,,0,25,,5420,7,,,0,62,,5401,7,,,0,21,,5407,7,,,0,24,,5408,7,,,0,66,,5409,7,,,0,20,,5410,7,,,0,25,,5411,7,,,0,71,,5412,7,,,0,76,,5415,7,,,0,25,,5413,7,,,0,78,,5414,7,,,0
900,'65031',1025,,5422,7,,,0,98,,5423,7,,,0,101,,5424,7,,,0,98,,5425,7,,,0,98,,5426,7,,,0,105,,5427,7,,,0,97,,5428,7,,,0
900,'65032',1025,,5437,7,,,0,98,,5438,7,,,0,101,,5439,7,,,0,98,,5440,7,,,0,98,,5441,7,,,0,105,,5442,7,,,0,97,,5443,7,,,0
1101,'65030',548,,5635,7,,,0,69,,5636,7,,,0,33,,5692,40,0,15 1 16,0,59,,5637,40,,,0,31,,5638,40,,,0,68,,5693,40,,,0,15,,5639,40,,,0,29,,5640,40,,,0,67,,5641,40,,,0,25,,5642,40,,,0,68,,5643,40,,,0,14,,5656,18,0,15 1 16,0,16,,5644,40,,,0,70,,5645,40,,,0,17,,5657,18,0,15 1 16,0,13,,5646,40,,,0,15,,5661,18,0,15 1 16,0,55,,5647,40,,,0,14,,5658,18,0,15 1 16,0,16,,5648,40,,,0,15,,5662,18,0,15 1 16,0,55,,5649,40,,,0,13,,5659,18,0,15 1 16,0,17,,5650,40,,,0,70,,5651,40,,,0,11,,5660,18,0,15 1 16,0,18,,5652,40,,,0,15,,5663,18,0,15 1 16,0,57,,5653,40,,,0,9,,5655,18,0,15 1 16,0,9,,5664,18,0,15 1 16,0,12,,5654,40,,,0,13,,5680,40,0,15 1 16,0,48,,5681,18,0,15 1 16,0,7,,5682,18,0,15 1 16,0,9,,5665,40,,,0,16,,5683,18,0,15 1 16,0,14,,5666,40,,,0,7,,5684,18,0,15 1 16,0,52,,5685,18,0,15 1 16,0,10,,5667,40,,,0,15,,5686,18,0,15 1 16,0,15,,5668,40,,,0,55,,5677,40,0,15 1 16,0,15,,5669,40,,,0,20,,5670,40,,,0,15,,5687,18,0,15 1 16,0,56,,5671,40,,,0,8,,5688,18,0,15 1 16,0,21,,5672,40,,,0,69,,5689,40,0,15 1 16,0,31,,5673,40,,,0,64,,5678,40,0,15 1 16,0,26,,5679,40,0,15 1 16,0,16,,5674,40,,,0,11,,5690,40,0,15 1 16,0,54,,5691,18,0,15 1 16,0,33,,5675,40,,,0,103,,5676,40,,,0,76,,5694,40,0,15 1 16,0
1101,'65031',643,,5713,7,,,0,98,,5714,7,,,0,95,,5712,40,,,0,79,,5695,18,,,0,34,,5704,40,0,15 1 16,0,65,,5696,40,,,0,35,,5705,40,0,15 1 16,0,65,,5697,40,,,0,35,,5706,40,0,15 1 16,0,65,,5698,40,,,0,35,,5707,40,0,15 1 16,0,65,,5699,40,,,0,35,,5708,40,0,15 1 16,0,65,,5700,40,,,0,34,,5709,40,0,15 1 16,0,70,,5701,40,,,0,30,,5710,40,0,15 1 16,0,71,,5702,40,,,0,32,,5711,40,0,15 1 16,0,69,,5703,40,,,0,14,,5715,40,0,15 1 16,0,15,,5716,40,,,0,70,,5717,40,0,15 1 16,0,24,,5718,40,,,0,101,,5719,40,,,0,100,,5720,40,,,0,99,,5721,40,,,0,100,,5722,40,,,0,100,,5723,40,,,0
1101,'65032',643,,5742,7,,,0,98,,5743,7,,,0,95,,5741,40,,,0,79,,5724,18,,,0,34,,5733,40,0,15 1 16,0,65,,5725,40,,,0,35,,5734,40,0,15 1 16,0,65,,5726,40,,,0,35,,5735,40,0,15 1 16,0,65,,5727,40,,,0,35,,5736,40,0,15 1 16,0,65,,5728,40,,,0,35,,5737,40,0,15 1 16,0,65,,5729,40,,,0,34,,5738,40,0,15 1 16,0,70,,5730,40,,,0,30,,5739,40,0,15 1 16,0,71,,5731,40,,,0,32,,5740,40,0,15 1 16,0,69,,5732,40,,,0,14,,5744,40,0,15 1 16,0,15,,5745,40,,,0,70,,5746,40,0,15 1 16,0,24,,5747,40,,,0,101,,5748,40,,,0,100,,5749,40,,,0,99,,5750,40,,,0,100,,5751,40,,,0,100,,5752,40,,,0
1101,'65035',1526,,5753,7,0,15 1 16,0,106,,5754,18,0,15 1 16,0
1400,'65030',635,,5893,7,,,0,17,,5894,7,,,0,66,,5895,7,,,0,29,,5896,7,,,0,69,,5897,7,,,0,24,,5898,7,,,0,74,,5899,7,,,0,28,,5910,7,,,0,72,,5900,7,,,0,28,,5911,7,,,0,72,,5901,7,,,0,21,,5906,7,,,0,18,,5912,7,,,0,60,,5902,7,,,0,21,,5907,7,,,0,21,,5913,7,,,0,60,,5903,7,,,0,16,,5908,7,,,0,22,,5914,7,,,0,62,,5904,7,,,0,17,,5909,7,,,0,18,,5915,7,,,0,65,,5905,7,,,0,18,,5916,7,,,0,16,,5917,7,,,0,65,,5918,7,,,0,23,,5919,7,,,0,77,,5920,7,,,0,22,,5921,7,,,0,77,,5922,7,,,0,25,,5923,7,,,0,71,,5924,7,,,0,30,,5925,7,,,0,65,,5926,7,,,0,29,,5927,7,,,0,77,,5928,7,,,0,21,,5929,7,,,0,74,,5930,7,,,0,18,,5931,7,,,0,84,,5932,7,,,0,22,,5933,7,,,0,93,,5934,7,,,0
1400,'65031',706,,5944,7,,,0,97,,5945,7,,,0,46,,5935,7,,,0,103,,5936,7,,,0,99,,5937,7,,,0,100,,5938,7,,,0,100,,5939,7,,,0,101,,5940,7,,,0,100,,5941,7,,,0,99,,5942,7,,,0,105,,5943,7,,,0,96,,5946,7,,,0,151,,5947,7,,,0,100,,5948,7,,,0,101,,5949,7,,,0,101,,5950,7,,,0,100,,5951,7,,,0,116,,5952,7,,,0
1400,'65032',706,,5962,7,,,0,97,,5963,7,,,0,46,,5953,7,,,0,103,,5954,7,,,0,99,,5955,7,,,0,100,,5956,7,,,0,100,,5957,7,,,0,101,,5958,7,,,0,100,,5959,7,,,0,99,,5960,7,,,0,105,,5961,7,,,0,96,,5964,7,,,0,151,,5965,7,,,0,100,,5966,7,,,0,101,,5967,7,,,0,101,,5968,7,,,0,100,,5969,7,,,0,116,,5970,7,,,0
1400,'65036',742,,5971,7,,,0
2900,'65033',2437,,6951,7,,,0,70,,6952,7,,,0,30,,6953,7,,,0,70,,6954,7,,,0,30,,6955,7,,,0
91900,'65030',602,,7879,21,,,0
