801,'65030',639,,5275,45,,,1,70,,5276,45,,,1,19,,5277,40,,,1,16,,5278,40,,,1,9,,5326,40,,,1,48,,5279,40,,,1,8,,5280,40,,,1,12,,5322,45,,,1,9,,5281,40,,,1,13,,5282,40,,,1,14,,5283,40,,,1,53,,5284,40,,,1,21,,5285,40,,,1,19,,5286,40,,,1,60,,5287,40,,,1,20,,5288,40,,,1,20,,5289,40,,,1,60,,5290,40,,,1,21,,5291,40,,,1,20,,5292,40,,,1,61,,5293,40,,,1,20,,5294,40,,,1,20,,5295,40,,,1,59,,5296,40,,,1,20,,5297,40,,,1,20,,5298,40,,,1,60,,5299,40,,,1,21,,5300,40,,,1,20,,5301,40,,,1,60,,5325,40,,,1,15,,5302,40,,,1,15,,5303,40,,,1,61,,5304,45,,,1,15,,5305,40,,,1,18,,5306,40,,,1,16,,5307,45,,,1,51,,5308,40,,,1,15,,5309,40,,,1,14,,5310,40,,,1,15,,5311,40,,,1,54,,5312,40,,,1,20,,5313,40,,,1,25,,5314,40,,,1,59,,5315,40,,,1,33,,5316,40,,,1,66,,5317,40,,,1,30,,5318,40,,,1,24,,5319,40,,,1,71,,5320,40,,,1,30,,5321,40,,,1,77,,5324,40,,,1,100,,5323,40,,,1
801,'65031',735,,5344,40,,,1,98,,5345,40,,,1,25,,5346,40,,,1,61,,5327,40,,,1,31,,5328,40,,,1,70,,5329,40,,,1,31,,5330,40,,,1,71,,5331,40,,,1,30,,5332,40,,,1,70,,5333,40,,,1,30,,5334,40,,,1,70,,5335,40,,,1,30,,5336,40,,,1,70,,5337,40,,,1,30,,5338,40,,,1,70,,5339,40,,,1,30,,5340,40,,,1,70,,5341,40,,,1,30,,5342,40,,,1,70,,5343,40,,,1,29,,5347,40,,,1,70,,5348,40,,,1,30,,5349,40,,,1,68,,5355,40,,,1,18,,5350,40,,,1,69,,5356,40,,,1,31,,5351,40,,,1,100,,5352,40,,,1,98,,5353,40,,,1,99,,5354,40,,,1
801,'65032',735,,5374,40,,,1,98,,5375,40,,,1,25,,5376,40,,,1,61,,5357,40,,,1,31,,5358,40,,,1,70,,5359,40,,,1,31,,5360,40,,,1,71,,5361,40,,,1,30,,5362,40,,,1,70,,5363,40,,,1,30,,5364,40,,,1,70,,5365,40,,,1,30,,5366,40,,,1,70,,5367,40,,,1,30,,5368,40,,,1,70,,5369,40,,,1,30,,5370,40,,,1,70,,5371,40,,,1,30,,5372,40,,,1,70,,5373,40,,,1,29,,5377,40,,,1,70,,5378,40,,,1,30,,5379,40,,,1,68,,5385,40,,,1,18,,5380,40,,,1,69,,5386,40,,,1,31,,5381,40,,,1,100,,5382,40,,,1,98,,5383,40,,,1,99,,5384,40,,,1
901,'65030',704,,5452,48,,,0,28,,5453,48,,,0,23,,5454,48,,,0,49,,5459,18,,,0,16,,5455,48,,,0,17,,5456,48,,,0,19,,5457,48,,,0,64,,5458,48,,,0,26,,5474,48,,,0,62,,5473,48,,,0,20,,5472,48,,,0,81,,5471,48,,,0,21,,5470,48,,,0,80,,5469,48,,,0,21,,5468,48,,,0,81,,5467,48,,,0,20,,5466,48,,,0,80,,5465,48,,,0,20,,5464,48,,,0,80,,5463,48,,,0,21,,5462,48,,,0,26,,5486,48,,,0,67,,5461,48,,,0,25,,5460,48,,,0,88,,5482,48,,,0,83,,5485,48,,,0,22,,5484,48,,,0,72,,5483,48,,,0
901,'65031',1035,,5487,48,,,0,99,,5488,48,,,0,99,,5494,48,,,0,101,,5493,48,,,0,100,,5492,48,,,0,99,,5491,48,,,0,105,,5490,48,,,0,97,,5489,48,,,0
901,'65032',1035,,5503,48,,,0,99,,5504,48,,,0,99,,5510,48,,,0,101,,5509,48,,,0,100,,5508,48,,,0,99,,5507,48,,,0,105,,5506,48,,,0,97,,5505,48,,,0
1100,'65030',602,,5563,17,0,22 23,0,21,,5578,17,0,22 23,0,28,,5519,38,,,0,67,,5520,38,,,0,16,,5524,17,,,0,18,,5567,38,0,22 23,0,6,,5566,17,0,22 23,0,53,,5521,38,,,0,8,,5565,17,0,22 23,0,13,,5522,38,,,0,15,,5564,17,0,22 23,0,65,,5523,38,,,0,13,,5571,17,0,22 23,0,15,,5525,38,,,0,13,,5568,17,0,22 23,0,57,,5526,38,,,0,12,,5572,17,0,22 23,0,19,,5527,38,,,0,12,,5560,17,0,22 23,0,58,,5528,38,,,0,11,,5573,17,0,22 23,0,17,,5529,38,,,0,11,,5561,17,0,22 23,0,58,,5530,38,,,0,14,,5559,17,0,22 23,0,17,,5531,38,,,0,15,,5562,17,0,22 23,0,56,,5532,38,,,0,13,,5557,17,0,22 23,0,18,,5533,38,,,0,13,,5558,17,0,22 23,0,56,,5534,38,,,0,12,,5576,17,,,0,17,,5535,38,,,0,13,,5554,17,0,22 23,0,57,,5536,38,,,0,13,,5556,17,0,22 23,0,17,,5537,38,,,0,5,,5552,17,0,22 23,0,9,,5555,17,0,22 23,0,52,,5538,38,,,0,14,,5549,17,,,0,14,,5539,38,,,0,15,,5574,17,0,22 23,0,54,,5540,38,,,0,20,,5577,17,0,22 23,0,16,,5541,38,,,0,12,,5575,17,0,22 23,0,59,,5542,38,,,0,11,,5553,17,0,22 23,0,15,,5569,38,,,0,73,,5543,38,,,0,30,,5544,38,,,0,83,,5545,38,,,0,30,,5550,17,,,0,71,,5546,38,,,0,25,,5551,17,0,57,0,78,,5547,38,,,0,100,,5548,38,0,57,0,90,,5570,38,0,22 23,0
1100,'65031',715,,5594,17,,,0,101,,5595,38,,,0,30,,5596,17,,,0,67,,5579,38,,,0,32,,5580,38,,,0,71,,5587,17,,,0,29,,5581,38,,,0,61,,5588,17,,,0,31,,5582,38,,,0,68,,5589,17,,,0,29,,5583,38,,,0,73,,5590,17,,,0,33,,5584,38,,,0,66,,5591,17,,,0,34,,5585,38,,,0,66,,5592,17,,,0,37,,5586,38,,,0,63,,5593,17,,,0,37,,5597,38,,,0,67,,5598,38,,,0,43,,5599,17,0,22 23,0,62,,5600,38,,,0,97,,5601,38,,,0,100,,5602,38,,,0,100,,5603,38,,,0,101,,5604,38,,,0,108,,5605,38,0,57,0
1100,'65032',715,,5621,17,,,0,101,,5622,38,,,0,30,,5623,17,,,0,67,,5606,38,,,0,32,,5607,38,,,0,71,,5614,17,,,0,29,,5608,38,,,0,61,,5615,17,,,0,31,,5609,38,,,0,68,,5616,17,,,0,29,,5610,38,,,0,73,,5617,17,,,0,33,,5611,38,,,0,66,,5618,17,,,0,34,,5612,38,,,0,66,,5619,17,,,0,37,,5613,38,,,0,63,,5620,17,,,0,37,,5624,38,,,0,67,,5625,38,,,0,43,,5626,17,0,22 23,0,62,,5627,38,,,0,97,,5628,38,,,0,100,,5629,38,,,0,100,,5630,38,,,0,101,,5631,38,,,0,108,,5632,38,0,57,0
1100,'65037',755,,5633,17,0,22 23,0,50,,5634,17,0,22 23,0
1301,'65030',810,,5892,24,,,0
1401,'65030',557,,5972,31,,,0,70,,6020,31,,,0,26,,5973,31,,,0,66,,5974,31,,,0,18,,5975,31,,,0,16,,5976,31,,,0,52,,5977,31,,,0,27,,5978,31,,,0,20,,6019,31,,,0,57,,5979,31,,,0,19,,5987,31,,,0,20,,6018,31,,,0,60,,5980,31,,,0,20,,5988,31,,,0,20,,5994,31,,,0,60,,5981,31,,,0,21,,5989,31,,,0,20,,5995,31,,,0,55,,5982,31,,,0,24,,5990,31,,,0,15,,5996,31,,,0,64,,5983,31,,,0,22,,5991,31,,,0,20,,5997,31,,,0,60,,5984,31,,,0,21,,5992,31,,,0,19,,5998,31,,,0,59,,5985,31,,,0,24,,5993,31,,,0,21,,5999,31,,,0,63,,5986,31,,,0,22,,6000,31,,,0,64,,6001,31,,,0,12,,6002,31,,,0,15,,6003,31,,,0,18,,6004,31,,,0,64,,6005,31,,,0,21,,6006,31,,,0,24,,6007,31,,,0,64,,6008,31,,,0,33,,6009,31,,,0,71,,6010,31,,,0,26,,6011,31,,,0,69,,6012,31,,,0,30,,6013,31,,,0,69,,6014,31,,,0,33,,6015,31,,,0,99,,6016,31,,,0,57,,6017,31,,,0
1401,'65031',749,,6029,31,,,0,99,,6030,31,,,0,98,,6021,31,,,0,90,,6022,31,,,0,100,,6023,31,,,0,100,,6024,31,,,0,100,,6025,31,,,0,100,,6026,31,,,0,100,,6027,31,,,0,100,,6028,31,,,0,117,,6031,31,,,0,101,,6032,31,,,0,97,,6033,31,,,0,100,,6034,31,,,0,97,,6035,31,,,0,97,,6036,31,,,0,102,,6037,31,,,0,61,,6038,31,,,0
1401,'65032',749,,6047,31,,,0,99,,6048,31,,,0,98,,6039,31,,,0,90,,6040,31,,,0,100,,6041,31,,,0,100,,6042,31,,,0,100,,6043,31,,,0,100,,6044,31,,,0,100,,6045,31,,,0,100,,6046,31,,,0,117,,6049,31,,,0,101,,6050,31,,,0,97,,6051,31,,,0,100,,6052,31,,,0,97,,6053,31,,,0,97,,6054,31,,,0,102,,6055,31,,,0,61,,6056,31,,,0
2901,'65033',2421,,6961,13,,,0,30,,6960,13,,,0,70,,6959,13,,,0,30,,6958,13,,,0,70,,6957,13,,,0,30,,6956,13,,,0
5501,'65030',806,,7295,80,,,0,115,,7296,80,,,0,116,,7297,80,,,0,118,,7298,80,,,0,154,,7299,80,,,0,115,,7300,80,,,0,115,,7301,80,,,0,117,,7302,80,,,0,155,,7303,80,,,0
5501,'65031',858,,7312,80,,,0,150,,7311,80,,,0,110,,7310,80,,,0,111,,7309,80,,,0,110,,7308,80,,,0,110,,7307,80,,,0,109,,7305,80,,,0
5501,'65032',858,,7320,80,,,0,150,,7319,80,,,0,110,,7318,80,,,0,111,,7317,80,,,0,110,,7316,80,,,0,110,,7315,80,,,0,109,,7313,80,,,0
90700,'65030',632,,7848,25,,,0
