200,'65040',629,,8011,32,4,,0,72,,8012,32,4,,0,24,,8013,32,4,,0,31,,8014,32,4,,0,75,,8015,32,4,,0,74,,8016,32,4,,0,33,,8017,32,4,,0,114,,8018,32,4,,0,100,,8019,32,4,,0,102,,8020,32,4,,0,100,,8021,32,4,,0,104,,8022,32,4,,0,142,,8023,32,4,,0,30,,8024,32,4,,0,72,,8025,32,4,,0,30,,8026,32,4,,0,69,,8027,32,4,,0,28,,8028,32,4,,0,28,,8029,32,4,,0,67,,8030,32,4,,0,98,,8031,32,4,,0,100,,8032,32,4,,0,108,,8033,32,4,,0,99,,8034,32,4,,0,101,,8035,32,4,,0
200,'65041',725,,8045,32,4,,0,96,,8046,32,4,,0,95,,8036,32,4,,0,89,,8037,32,4,,0,97,,8038,32,4,,0,100,,8039,32,4,,0,101,,8040,32,4,,0,99,,8041,32,4,,0,100,,8042,32,4,,0,102,,8043,32,4,,0,99,,8044,32,4,,0,99,,8047,32,4,,0,46,,8048,32,4,,0,83,,8049,32,4,,0,98,,8051,32,4,,0,99,,8052,32,4,,0,99,,8050,32,4,,0,98,,8053,32,4,,0
200,'65042',725,,8063,32,4,,0,96,,8064,32,4,,0,95,,8054,32,4,,0,89,,8055,32,4,,0,97,,8056,32,4,,0,100,,8057,32,4,,0,101,,8058,32,4,,0,99,,8059,32,4,,0,100,,8060,32,4,,0,102,,8061,32,4,,0,99,,8062,32,4,,0,99,,8065,32,4,,0,46,,8066,32,4,,0,83,,8067,32,4,,0,98,,8069,32,4,,0,99,,8070,32,4,,0,99,,8068,32,4,,0,98,,8071,32,4,,0
501,'65040',628,,8622,20,4,,0,96,,8615,20,4,,0,85,,8614,20,4,,0,39,,8632,20,4,,0,99,,8631,20,4,,0,100,,8630,20,4,,0,100,,8629,20,4,,0,98,,8628,20,4,,0,102,,8627,20,4,,0,100,,8626,20,4,,0,101,,8625,20,4,,0,81,,8624,20,4,,0,72,,8623,20,4,,0,100,,8621,20,4,,0,29,,8620,20,4,,0,83,,8619,20,4,,0,45,,8618,20,4,,0,100,,8617,20,4,,0,155,,8616,20,4,,0,107,,8633,20,4,,0
501,'65041',725,,8641,20,4,,0,98,,8642,20,4,,0,89,,8643,20,4,,0,102,,8634,20,4,,0,101,,8635,20,4,,0,102,,8636,20,4,,0,100,,8637,20,4,,0,99,,8638,20,4,,0,101,,8639,20,4,,0,99,,8640,20,4,,0,101,,8645,20,4,,0,103,,8646,20,4,,0,104,,8647,20,4,,0,100,,8648,20,4,,0,100,,8649,20,4,,0,100,,8650,20,4,,0,99,,8644,20,4,,0
501,'65042',725,,8658,20,4,,0,98,,8659,20,4,,0,89,,8660,20,4,,0,102,,8651,20,4,,0,101,,8652,20,4,,0,102,,8653,20,4,,0,100,,8654,20,4,,0,99,,8655,20,4,,0,101,,8656,20,4,,0,99,,8657,20,4,,0,101,,8662,20,4,,0,103,,8663,20,4,,0,104,,8664,20,4,,0,100,,8665,20,4,,0,100,,8666,20,4,,0,100,,8667,20,4,,0,99,,8661,20,4,,0
1200,'65040',628,,9537,37,4,,0,27,,9538,37,4,,0,65,,9539,37,4,,0,31,,9540,37,4,,0,61,,9541,37,4,,0,29,,9542,37,4,,0,74,,9543,37,4,,0,31,,9544,37,4,,0,69,,9545,37,4,,0,31,,9546,37,4,,0,70,,9547,37,4,,0,29,,9548,37,4,,0,71,,9549,37,4,,0,30,,9550,37,4,,0,70,,9551,37,4,,0,28,,9552,37,4,,0,72,,9553,37,4,,0,26,,9554,37,4,,0,69,,9555,37,4,,0,20,,9556,37,4,,0,69,,9557,37,4,,0,16,,9558,37,4,,0,29,,9559,37,4,,0,65,,9560,37,4,,0,30,,9561,37,4,,0,75,,9562,37,4,,0,24,,9563,37,4,,0,91,,9564,37,4,,0,25,,9565,37,4,,0,75,,9566,37,4,,0,26,,9567,37,4,,0,79,,9568,37,4,,0
1200,'65041',725,,9578,37,4,,0,99,,9579,37,4,,0,91,,9569,37,4,,0,30,,9586,37,4,,0,70,,9570,37,4,,0,30,,9587,37,4,,0,71,,9571,37,4,,0,28,,9588,37,4,,0,72,,9572,37,4,,0,28,,9589,37,4,,0,72,,9573,37,4,,0,28,,9590,37,4,,0,72,,9574,37,4,,0,28,,9591,37,4,,0,72,,9575,37,4,,0,28,,9592,37,4,,0,72,,9576,37,4,,0,30,,9593,37,4,,0,70,,9594,37,4,,0,34,,9577,37,4,,0,69,,9580,37,4,,0,106,,9581,37,4,,0,102,,9582,37,4,,0,100,,9583,37,4,,0,98,,9584,37,4,,0,99,,9585,37,4,,0
1200,'65042',725,,9604,37,4,,0,99,,9605,37,4,,0,91,,9595,37,4,,0,30,,9612,37,4,,0,70,,9596,37,4,,0,30,,9613,37,4,,0,71,,9597,37,4,,0,28,,9614,37,4,,0,72,,9598,37,4,,0,28,,9615,37,4,,0,72,,9599,37,4,,0,28,,9616,37,4,,0,72,,9600,37,4,,0,28,,9617,37,4,,0,72,,9601,37,4,,0,28,,9618,37,4,,0,72,,9602,37,4,,0,30,,9619,37,4,,0,70,,9620,37,4,,0,34,,9603,37,4,,0,69,,9606,37,4,,0,106,,9607,37,4,,0,102,,9608,37,4,,0,100,,9609,37,4,,0,98,,9610,37,4,,0,99,,9611,37,4,,0
1400,'65040',655,,9702,38,4,,0,75,,9703,38,4,,0,16,,9704,38,4,,0,70,,9705,38,4,,0,28,,9706,38,4,,0,71,,9707,38,4,,0,21,,9708,38,4,,0,79,,9709,38,4,,0,22,,9710,38,4,,0,20,,9711,38,4,,0,80,,9712,38,4,,0,20,,9713,38,4,,0,60,,9714,38,4,,0,21,,9715,38,4,,0,72,,9716,38,4,,0,22,,9717,38,4,,0,25,,9718,38,4,,0,60,,9719,38,4,,0,42,,9739,38,4,,0,68,,9720,38,4,,0,32,,9721,38,4,,0,67,,9722,38,4,,0,12,,9723,38,4,,0,77,,9724,38,4,,0,30,,9725,38,4,,0,60,,9726,38,4,,0,33,,9727,38,4,,0,64,,9728,38,4,,0,26,,9729,38,4,,0,27,,9730,38,4,,0,70,,9731,38,4,,0,30,,9732,38,4,,0,66,,9733,38,4,,0,23,,9734,38,4,,0,81,,9735,38,4,,0,96,,9736,38,4,,0,28,,9737,38,4,,0,92,,9738,38,4,,0
1400,'65041',722,,9748,38,4,,0,101,,9749,38,4,,0,90,,9740,38,4,,0,100,,9741,38,4,,0,102,,9742,38,4,,0,100,,9743,38,4,,0,103,,9744,38,4,,0,100,,9757,38,4,,0,100,,9745,38,4,,0,100,,9746,38,4,,0,99,,9747,38,4,,0,102,,9750,38,4,,0,108,,9751,38,4,,0,101,,9752,38,4,,0,100,,9753,38,4,,0,98,,9754,38,4,,0,99,,9755,38,4,,0,116,,9756,38,4,,0
1400,'65042',722,,9766,38,4,,0,101,,9767,38,4,,0,90,,9758,38,4,,0,100,,9759,38,4,,0,102,,9760,38,4,,0,100,,9761,38,4,,0,103,,9762,38,4,,0,100,,9775,38,4,,0,100,,9763,38,4,,0,100,,9764,38,4,,0,99,,9765,38,4,,0,102,,9768,38,4,,0,108,,9769,38,4,,0,101,,9770,38,4,,0,100,,9771,38,4,,0,98,,9772,38,4,,0,99,,9773,38,4,,0,116,,9774,38,4,,0
1700,'65040',723,,10074,61,4,,0,36,,10075,61,4,,0,73,,10076,61,4,,0,90,,10077,61,4,,0,100,,10078,61,4,,0,100,,10079,61,4,,0,82,,10080,61,4,,0,101,,10081,61,4,,0,101,,10082,61,4,,0,101,,10083,61,4,,0,149,,10085,61,4,,0,450,,10090,61,4,,0
1900,'65040',723,,10267,43,4,,0,35,,10268,43,4,,0,61,,10269,43,4,,0,103,,10270,43,4,,0,101,,10271,43,4,,0,101,,10272,43,4,,0,100,,10273,43,4,,0,96,,10274,43,4,,0,100,,10275,43,4,,0,101,,10276,43,4,,0,83,,10277,43,4,,0,40,,10278,43,4,,0,69,,10279,43,4,,0,30,,10280,43,4,,0,69,,10281,43,4,,0,43,,10282,43,4,,0
2001,'65040',653,,10313,7,4,,2,65,,10314,7,4,,2,32,,10315,7,4,,2,69,,10316,7,4,,2,34,,10317,7,4,,2,371,,10318,7,4,,2,30,,10319,7,4,,2,304,,10324,7,4,,2,70,,10325,7,4,,2,30,,10322,7,4,,2,68,,10321,7,4,,2,28,,10320,7,4,,2,71,,10323,7,4,,2
5101,'65040',700,,10881,26,4,,0,25,,10882,26,4,,0,81,,10883,26,4,,0,16,,10884,26,4,,0,109,,10886,26,4,,0,98,,10888,26,4,,0,104,,10890,26,4,,0,97,,10892,26,4,,0,99,,10894,26,4,,0,102,,10896,26,4,,0,107,,10897,26,4,,0,65,,10895,26,4,,0,32,,10893,26,4,,0,66,,10891,26,4,,0,25,,10889,26,4,,0,24,,10887,26,4,,0,69,,10885,26,4,,0,97,,10880,26,4,,0,85,,10879,26,4,,0,46,,10878,26,4,,0,97,,10877,26,4,,0,80,,10876,26,4,,0
5101,'65041',822,,10912,26,4,,2,92,,10910,26,4,,2,97,,10909,26,4,,2,99,,10911,26,4,,2,100,,10908,26,4,,2,100,,10907,26,4,,2,100,,10906,26,4,,2,100,,10905,26,4,,2,100,,10904,26,4,,2,100,,10903,26,4,,2,111,,10898,26,4,,2,99,,10899,26,4,,2,100,,10900,26,4,,2,100,,10901,26,4,,2,100,,10902,26,4,,2
5101,'65042',822,,10927,26,4,,2,92,,10925,26,4,,2,97,,10924,26,4,,2,99,,10926,26,4,,2,100,,10923,26,4,,2,100,,10922,26,4,,2,100,,10921,26,4,,2,100,,10920,26,4,,2,100,,10919,26,4,,2,100,,10918,26,4,,2,111,,10913,26,4,,2,99,,10914,26,4,,2,100,,10915,26,4,,2,100,,10916,26,4,,2,100,,10917,26,4,,2
60200,'65040',539,,11224,4,4,,0,99,,11225,4,4,,0,80,,11226,4,4,,0,25,,11227,4,4,,0,402,,11228,4,4,,0,82,,11229,4,4,,0,21,,11230,4,4,,0,10,,11231,4,4,,0,87,,11232,4,4,,0,95,,11233,4,4,,0,11,,11234,4,4,,0,59,,11235,4,4,,0,49,,11236,4,4,,0,59,,11237,4,4,,0,33,,11238,4,4,,0
60200,'65041',705,,11242,4,4,,0,228,,11243,4,4,,0,16,,11244,4,4,,0,199,,11245,4,4,,0,470,,11246,4,4,,0,29,,11239,4,4,,0,74,,11241,4,4,,0,15,,11240,4,4,,0
60200,'65042',705,,11250,4,4,,0,228,,11251,4,4,,0,16,,11252,4,4,,0,199,,11253,4,4,,0,470,,11254,4,4,,0,29,,11247,4,4,,0,74,,11249,4,4,,0,15,,11248,4,4,,0
90300,'65040',2334,,11467,49,4,,0,106,,11468,49,4,,0
90300,'65041',2441,,11471,49,4,,0
90300,'65042',2441,,11473,49,4,,0
90401,'65040',620,,11492,40,4,,0,1702,,11493,40,4,,0
90401,'65041',623,,11494,40,4,,0,102,,11495,40,4,,0,1199,,11496,40,4,,0,100,,11497,40,4,,0,100,,11498,40,4,,0,99,,11499,40,4,,0,101,,11500,40,4,,0
90401,'65042',623,,11501,40,4,,0,102,,11502,40,4,,0,1199,,11503,40,4,,0,100,,11504,40,4,,0,100,,11505,40,4,,0,99,,11506,40,4,,0,101,,11507,40,4,,0
90801,'65040',2447,,11509,41,4,,0
90801,'65041',2447,,11510,41,4,,0
90801,'65042',2447,,11511,41,4,,0
91200,'65040',2228,,11512,40,4,,0,100,,11513,40,4,,0
91700,'65040',624,,11523,61,4,,0
91900,'65040',623,,11539,52,4,,0
