201,'65030',642,,4146,15,,,0,73,,4176,15,,,0,15,,4147,15,,,0,21,,4148,15,,,0,83,,4149,15,,,0,70,,4150,15,,,0,31,,4151,15,,,0,71,,4152,15,,,0,30,,4153,15,,,0,68,,4154,15,,,0,28,,4155,15,,,0,71,,4156,15,,,0,31,,4157,15,,,0,71,,4158,15,,,0,29,,4159,15,,,0,69,,4160,15,,,0,29,,4161,15,,,0,70,,4162,15,,,0,24,,4163,15,,,0,25,,4164,15,,,0,67,,4165,15,,,0,38,,4166,15,,,0,74,,4167,15,,,0,28,,4168,15,,,0,74,,4169,15,,,0,72,,4170,15,,,0,43,,4171,15,,,0,101,,4172,15,,,0,103,,4173,15,,,0,91,,4174,15,,,0,100,,4175,15,,,0
201,'65031',743,,4185,15,,,0,97,,4186,15,,,0,72,,4177,15,,,0,100,,4178,15,,,0,92,,4179,15,,,0,97,,4180,15,,,0,106,,4181,15,,,0,100,,4182,15,,,0,101,,4183,15,,,0,101,,4184,15,,,0,28,,4187,15,,,0,103,,4188,15,,,0,100,,4189,15,,,0,100,,4190,15,,,0,100,,4191,15,,,0,100,,4192,15,,,0,100,,4193,15,,,0,100,,4194,15,,,0
201,'65032',743,,4203,15,,,0,97,,4204,15,,,0,72,,4195,15,,,0,100,,4196,15,,,0,92,,4197,15,,,0,97,,4198,15,,,0,106,,4199,15,,,0,100,,4200,15,,,0,101,,4201,15,,,0,101,,4202,15,,,0,28,,4205,15,,,0,103,,4206,15,,,0,100,,4207,15,,,0,100,,4208,15,,,0,100,,4209,15,,,0,100,,4210,15,,,0,100,,4211,15,,,0,100,,4212,15,,,0
1401,'65030',546,,5972,9,,,0,70,,6020,9,,,0,25,,5973,9,,,0,65,,5974,9,,,0,16,,5975,9,,,0,13,,5976,9,,,0,12,,5977,9,,,0,65,,5978,9,,,0,22,,6019,9,,,0,19,,5979,9,,,0,60,,5987,9,,,0,20,,6018,9,,,0,20,,5980,9,,,0,60,,5988,9,,,0,20,,5994,9,,,0,20,,5981,9,,,0,61,,5989,9,,,0,20,,5995,9,,,0,15,,5982,9,,,0,63,,5990,9,,,0,16,,5996,9,,,0,24,,5983,9,,,0,62,,5991,9,,,0,20,,5997,9,,,0,20,,5984,9,,,0,61,,5992,9,,,0,19,,5998,9,,,0,19,,5985,9,,,0,63,,5993,9,,,0,20,,5999,9,,,0,20,,5986,9,,,0,61,,6000,9,,,0,25,,6001,9,,,0,15,,6002,9,,,0,55,,6003,9,,,0,20,,6004,9,,,0,24,,6005,9,,,0,61,,6006,9,,,0,24,,6007,9,,,0,65,,6008,9,,,0,34,,6009,9,,,0,71,,6010,9,,,0,26,,6011,9,,,0,69,,6012,9,,,0,31,,6013,9,,,0,69,,6014,9,,,0,34,,6015,9,,,0,99,,6016,9,,,0,17,,6017,9,,,0
1401,'65031',736,,6029,9,,,0,99,,6030,9,,,0,97,,6021,9,,,0,89,,6022,9,,,0,100,,6023,9,,,0,100,,6024,9,,,0,100,,6025,9,,,0,100,,6026,9,,,0,100,,6027,9,,,0,100,,6028,9,,,0,117,,6031,9,,,0,101,,6032,9,,,0,97,,6033,9,,,0,100,,6034,9,,,0,99,,6035,9,,,0,98,,6036,9,,,0,102,,6037,9,,,0,21,,6038,9,,,0
1401,'65032',736,,6047,9,,,0,99,,6048,9,,,0,97,,6039,9,,,0,89,,6040,9,,,0,100,,6041,9,,,0,100,,6042,9,,,0,100,,6043,9,,,0,100,,6044,9,,,0,100,,6045,9,,,0,100,,6046,9,,,0,117,,6049,9,,,0,101,,6050,9,,,0,97,,6051,9,,,0,100,,6052,9,,,0,99,,6053,9,,,0,98,,6054,9,,,0,102,,6055,9,,,0,21,,6056,9,,,0
1901,'65030',555,,6556,9,0,10 17 1 18,0,84,,6557,9,,,0,78,,6558,9,,,0,12,,6559,9,,,0,72,,6560,9,,,0,31,,6561,9,,,0,74,,6562,9,,,0,30,,6563,9,,,0,70,,6564,9,,,0,30,,6565,9,,,0,70,,6566,9,,,0,30,,6567,9,,,0,72,,6568,9,,,0,28,,6569,9,,,0,72,,6570,9,,,0,29,,6571,9,,,0,69,,6572,9,,,0,30,,6573,9,,,0,69,,6574,9,,,0,31,,6575,9,,,0,20,,6576,9,,,0,65,,6577,9,,,0,26,,6578,9,,,0,71,,6579,9,,,0,28,,6580,9,,,0,70,,6581,9,,,0,29,,6582,9,,,0
5501,'65030',753,,7295,57,,,0,156,,7296,57,,,0,116,,7297,57,,,0,116,,7298,57,,,0,115,,7299,57,,,0,155,,7300,57,,,0,115,,7301,57,,,0,115,,7302,57,,,0,118,,7303,57,,,0
5501,'65031',847,,7312,57,,,0,110,,7311,57,,,0,150,,7310,57,,,0,110,,7309,57,,,0,110,,7308,57,,,0,110,,7307,57,,,0,109,,7305,57,,,0
5501,'65032',847,,7320,57,,,0,110,,7319,57,,,0,150,,7318,57,,,0,110,,7317,57,,,0,110,,7316,57,,,0,110,,7315,57,,,0,109,,7313,57,,,0
