300,'65040',602,,8132,7,,,0,25,,8133,7,,,0,15,,8134,7,,,0,16,,8135,7,,,0,52,,8136,7,,,0,13,,8137,7,,,0,16,,8138,7,,,0,15,,8139,7,,,0,52,,8140,7,,,0,17,,8141,7,,,0,20,,8142,7,,,0,60,,8143,7,,,0,20,,8144,7,,,0,20,,8145,7,,,0,60,,8146,7,,,0,20,,8147,7,,,0,20,,8148,7,,,0,60,,8149,7,,,0,20,,8150,7,,,0,16,,8151,7,,,0,61,,8152,7,,,0,20,,8153,7,,,0,20,,8154,7,,,0,60,,8155,7,,,0,21,,8156,7,,,0,20,,8157,7,,,0,16,,8158,7,,,0,53,,8159,7,,,0,17,,8181,7,,,0,15,,8160,7,,,0,15,,8161,7,,,0,52,,8162,7,,,0,20,,8163,7,,,0,15,,8164,7,,,0,60,,8165,7,,,0,25,,8166,7,,,0,25,,8167,7,,,0,71,,8168,7,,,0,23,,8169,7,,,0,60,,8170,7,,,0,20,,8171,7,,,0,25,,8172,7,,,0,69,,8173,7,,,0,34,,8174,7,,,0,67,,8175,7,,,0,28,,8180,7,,,0,61,,8176,7,,,0,20,,8177,7,,,0,77,,8178,7,,,0
300,'65041',659,,8198,7,,,0,60,,8199,7,,,0,29,,8200,7,,,0,69,,8211,7,,,0,29,,8182,7,,,0,70,,8183,7,,,0,29,,8184,7,,,0,70,,8185,7,,,0,30,,8186,7,,,0,70,,8187,7,,,0,30,,8188,7,,,0,69,,8189,7,,,0,30,,8190,7,,,0,70,,8191,7,,,0,29,,8192,7,,,0,70,,8193,7,,,0,29,,8194,7,,,0,70,,8195,7,,,0,30,,8196,7,,,0,70,,8197,7,,,0,31,,8201,7,,,0,15,,8202,7,,,0,59,,8203,7,,,0,32,,8204,7,,,0,74,,8205,7,,,0,78,,8206,7,,,0,31,,8212,7,,,0,70,,8207,7,,,0,101,,8208,7,,,0,100,,8209,7,,,0,99,,8210,7,,,0
300,'65042',659,,8229,7,,,0,60,,8230,7,,,0,29,,8231,7,,,0,69,,8242,7,,,0,29,,8213,7,,,0,70,,8214,7,,,0,29,,8215,7,,,0,70,,8216,7,,,0,30,,8217,7,,,0,70,,8218,7,,,0,30,,8219,7,,,0,69,,8220,7,,,0,30,,8221,7,,,0,70,,8222,7,,,0,29,,8223,7,,,0,70,,8224,7,,,0,29,,8225,7,,,0,70,,8226,7,,,0,30,,8227,7,,,0,70,,8228,7,,,0,31,,8232,7,,,0,15,,8233,7,,,0,59,,8234,7,,,0,32,,8235,7,,,0,74,,8236,7,,,0,78,,8237,7,,,0,31,,8243,7,,,0,70,,8238,7,,,0,101,,8239,7,,,0,100,,8240,7,,,0,99,,8241,7,,,0
5001,'65040',656,,10766,7,,,2,67,,10782,7,0,31 32,2,29,,10767,7,,,2,71,,10786,7,0,31 32,2,31,,10768,7,,,2,75,,10790,7,,,2,76,,10777,7,,,2,99,,10773,7,,,2,100,,10778,7,,,2,100,,10774,7,,,2,100,,10779,7,,,2,100,,10787,7,0,31 32,2,35,,10771,7,,,2,81,,10785,7,0,31 32,2,30,,10769,7,,,2,69,,10784,7,0,31 32,2,31,,10772,7,,,2,69,,10783,7,0,31 32,2,29,,10770,7,,,2,56,,10780,7,,,2,48,,10775,7,,,2,86,,10789,7,,,2,86,,10781,7,,,2,86,,10776,7,,,2,47,,10788,7,,,2
5001,'65041',854,,10804,7,,,2,146,,10805,7,,,2,100,,10806,7,,,2,100,,10803,7,,,2,100,,10802,7,,,2,59,,10801,7,,,2,100,,10800,7,,,2,100,,10799,7,,,2,95,,10798,7,,,2,93,,10796,7,,,2,97,,10797,7,,,2,89,,10794,7,,,2,92,,10795,7,,,2,91,,10793,7,,,2,94,,10792,7,,,2,94,,10791,7,,,2
5001,'65042',854,,10820,7,,,2,146,,10821,7,,,2,100,,10822,7,,,2,100,,10819,7,,,2,100,,10818,7,,,2,59,,10817,7,,,2,100,,10816,7,,,2,100,,10815,7,,,2,95,,10814,7,,,2,93,,10812,7,,,2,97,,10813,7,,,2,89,,10810,7,,,2,92,,10811,7,,,2,91,,10809,7,,,2,94,,10808,7,,,2,94,,10807,7,,,2
90300,'65040',2312,,11467,14,,,0,107,,11468,14,,,0
90300,'65041',2419,,11471,14,,,0
90300,'65042',2419,,11473,14,,,0
91301,'65040',2509,,11520,39,,,0
91301,'65041',2509,,11521,39,,,0
91301,'65042',2509,,11522,39,,,0
