701,'65030',710,,5051,4,0,54,0,19,,5052,4,0,54,0,82,,5053,4,0,54,0,19,,5054,4,,,0,17,,5055,4,0,54,0,57,,5056,4,0,54,0,20,,5057,4,0,54,0,76,,5058,4,,,0,23,,5064,4,0,54,0,79,,5059,4,0,54,0,20,,5065,4,0,54,0,35,,5060,4,,,0,64,,5066,4,0,54,0,36,,5061,4,,,0,64,,5067,9,0,54,0,34,,5062,4,,,0,65,,5068,4,0,54,0,80,,5063,9,0,54,0,18,,5069,4,0,54,0,26,,5078,4,,,0,71,,5079,4,,,0,15,,5080,9,0,54,0,16,,5081,4,,,0,71,,5082,4,,,0,22,,5083,4,,,0,20,,5084,9,0,54,0,63,,5085,4,0,54,0,17,,5086,4,0,54,0,61,,5087,4,0,54,0,20,,5088,4,0,54,0,30,,5089,4,,,0,73,,5090,4,0,54,0,23,,5091,4,,,0,74,,5092,4,0,54,0,29,,5093,4,0,54,0,73,,5098,4,,,0,100,,5099,4,0,54,0,87,,5095,4,0,12 59,0
701,'65031',859,,5116,4,0,54,0,99,,5100,4,0,54,0,95,,5101,4,0,54,0,103,,5102,4,0,54,0,98,,5103,4,0,54,0,100,,5104,4,0,54,0,100,,5105,4,0,54,0,146,,5106,4,0,54,0,316,,5122,4,,,0,101,,5123,4,,,0,101,,5124,4,,,0,100,,5125,4,,,0,100,,5126,4,0,54,0,90,,5128,4,0,12 59,0
701,'65032',859,,5146,4,0,54,0,99,,5130,4,0,54,0,95,,5131,4,0,54,0,103,,5132,4,0,54,0,98,,5133,4,0,54,0,100,,5134,4,0,54,0,100,,5135,4,0,54,0,146,,5136,4,0,54,0,316,,5152,4,,,0,101,,5153,4,,,0,101,,5154,4,,,0,100,,5155,4,,,0,100,,5156,4,0,54,0,90,,5158,4,0,12 59,0
801,'65030',615,,5275,9,,,1,29,,5276,9,,,1,59,,5277,4,,,1,13,,5278,4,,,1,8,,5326,4,,,1,8,,5279,4,,,1,7,,5280,4,,,1,11,,5322,9,,,1,9,,5281,4,,,1,53,,5282,4,,,1,15,,5283,4,,,1,16,,5284,4,,,1,61,,5285,4,,,1,19,,5286,4,,,1,20,,5287,4,,,1,60,,5288,4,,,1,20,,5289,4,,,1,20,,5290,4,,,1,60,,5291,4,,,1,19,,5292,4,,,1,20,,5293,4,,,1,59,,5294,4,,,1,21,,5295,4,,,1,20,,5296,4,,,1,61,,5297,4,,,1,20,,5298,4,,,1,20,,5299,4,,,1,60,,5300,4,,,1,20,,5301,4,,,1,19,,5325,4,,,1,15,,5302,4,,,1,55,,5303,4,,,1,20,,5304,9,,,1,12,,5305,4,,,1,15,,5306,4,,,1,56,,5307,9,,,1,14,,5308,4,,,1,17,,5309,4,,,1,56,,5310,4,,,1,17,,5311,4,,,1,15,,5312,4,,,1,20,,5313,4,,,1,65,,5314,4,,,1,20,,5315,4,,,1,73,,5316,4,,,1,26,,5317,4,,,1,71,,5318,4,,,1,25,,5319,4,,,1,71,,5320,4,,,1,31,,5321,4,,,1,77,,5324,4,,,1,100,,5323,4,,,1
801,'65031',713,,5344,4,,,1,97,,5345,4,,,1,25,,5346,4,,,1,21,,5327,4,,,1,70,,5328,4,,,1,30,,5329,4,,,1,70,,5330,4,,,1,30,,5331,4,,,1,69,,5332,4,,,1,30,,5333,4,,,1,70,,5334,4,,,1,30,,5335,4,,,1,70,,5336,4,,,1,30,,5337,4,,,1,70,,5338,4,,,1,30,,5339,4,,,1,70,,5340,4,,,1,30,,5341,4,,,1,70,,5342,4,,,1,31,,5343,4,,,1,70,,5347,4,,,1,30,,5348,4,,,1,70,,5349,4,,,1,28,,5355,4,,,1,58,,5350,4,,,1,29,,5356,4,,,1,71,,5351,4,,,1,100,,5352,4,,,1,100,,5353,4,,,1,100,,5354,4,,,1
801,'65032',713,,5374,4,,,1,97,,5375,4,,,1,25,,5376,4,,,1,21,,5357,4,,,1,70,,5358,4,,,1,30,,5359,4,,,1,70,,5360,4,,,1,30,,5361,4,,,1,69,,5362,4,,,1,30,,5363,4,,,1,70,,5364,4,,,1,30,,5365,4,,,1,70,,5366,4,,,1,30,,5367,4,,,1,70,,5368,4,,,1,30,,5369,4,,,1,70,,5370,4,,,1,30,,5371,4,,,1,70,,5372,4,,,1,31,,5373,4,,,1,70,,5377,4,,,1,30,,5378,4,,,1,70,,5379,4,,,1,28,,5385,4,,,1,58,,5380,4,,,1,29,,5386,4,,,1,71,,5381,4,,,1,100,,5382,4,,,1,100,,5383,4,,,1,100,,5384,4,,,1
2201,'65030',705,,6638,4,,,0,41,,6639,4,,,0,81,,6640,4,,,0,693,,6641,4,,,0,95,,6642,4,,,0,41,,6643,4,,,0,81,,6644,4,,,0,80,,6645,4,,,0,40,,6637,4,0,42 43,0
90801,'65030',2428,,7849,9,,,0
90801,'65031',2428,,7850,9,,,0
90801,'65032',2428,,7851,9,,,0
