101,'65030',652,,4022,18,,,0,55,,4027,18,,,0,35,,4023,18,,,0,59,,4024,18,0,5 6,0,31,,4025,18,0,5 6,0,25,,4026,18,0,5 6,0,78,,4028,18,0,5 6,0,70,,4029,18,,,0,29,,4030,18,0,5 6,0,71,,4036,18,,,0,29,,4031,18,0,5 6,0,68,,4037,18,,,0,33,,4032,18,0,5 6,0,69,,4038,18,,,0,30,,4033,18,0,5 6,0,70,,4039,18,,,0,30,,4034,18,0,5 6,0,70,,4040,18,0,5 6,0,30,,4035,18,,,0,24,,4041,18,,,0,67,,4042,18,0,5 6,0,28,,4043,18,0,5 6,0,60,,4044,18,0,5 6,0,28,,4045,18,,,0,63,,4046,18,0,5 6,0,25,,4050,18,0,5 6,0,75,,4049,18,,,0,97,,4048,18,,,0,100,,4047,18,,,0,56,,4051,18,0,5 6,0
101,'65031',818,,4063,18,0,5 6,0,115,,4054,18,0,5 6,0,99,,4055,18,0,5 6,0,100,,4056,18,0,5 6,0,101,,4057,18,0,5 6,0,100,,4058,18,0,5 6,0,100,,4059,18,0,5 6,0,99,,4060,18,0,5 6,0,100,,4061,18,0,5 6,0,98,,4062,18,0,5 6,0,82,,4064,18,0,5 6,0
101,'65032',818,,4074,18,0,5 6,0,115,,4065,18,0,5 6,0,99,,4066,18,0,5 6,0,100,,4067,18,0,5 6,0,101,,4068,18,0,5 6,0,100,,4069,18,0,5 6,0,100,,4070,18,0,5 6,0,99,,4071,18,0,5 6,0,100,,4072,18,0,5 6,0,98,,4073,18,0,5 6,0,82,,4075,18,0,5 6,0
401,'65030',651,,4559,27,,,0,62,,4560,27,,,0,16,,4561,27,,,0,25,,4562,27,,,0,71,,4563,27,,,0,29,,4600,27,,,0,70,,4601,27,0,5 6,0,76,,4569,27,,,0,30,,4570,27,,,0,78,,4571,27,,,0,25,,4572,27,,,0,67,,4573,27,,,0,35,,4574,27,0,5 6,0,65,,4575,27,,,0,34,,4576,27,0,5 6,0,24,,4577,27,,,0,72,,4578,27,0,5 6,0,70,,4579,27,,,0,30,,4580,27,0,5 6,0,76,,4591,27,0,5 6,0,30,,4592,27,,,0,71,,4590,27,0,5 6,0,24,,4589,27,0,5 6,0,15,,4588,27,,,0,60,,4587,27,,,0,26,,4599,27,,,0,91,,4586,27,,,0,25,,4585,27,,,0,71,,4584,27,,,0,28,,4583,27,,,0,75,,4582,27,,,0,85,,4581,27,0,5 6,0
401,'65031',818,,4623,27,,,0,126,,4615,27,,,0,99,,4616,27,,,0,100,,4617,27,,,0,100,,4618,27,,,0,100,,4619,27,,,0,100,,4620,27,,,0,100,,4621,27,,,0,100,,4622,27,,,0,97,,4637,27,,,0,61,,4628,27,,,0,20,,4629,27,,,0
401,'65032',818,,4653,27,,,0,126,,4645,27,,,0,99,,4646,27,,,0,100,,4647,27,,,0,100,,4648,27,,,0,100,,4649,27,,,0,100,,4650,27,,,0,100,,4651,27,,,0,100,,4652,27,,,0,97,,4667,27,,,0,61,,4658,27,,,0,20,,4659,27,,,0
401,'65035',748,,4668,27,,,0
5501,'65030',735,,7295,35,,,0,121,,7296,35,,,0,155,,7297,35,,,0,115,,7298,35,,,0,115,,7299,35,,,0,115,,7300,35,,,0,155,,7301,35,,,0,115,,7302,35,,,0,118,,7303,35,,,0,112,,7304,35,0,5 6,0
5501,'65031',832,,7312,35,,,0,110,,7311,35,,,0,110,,7310,35,,,0,150,,7309,35,,,0,110,,7308,35,,,0,110,,7307,35,,,0,109,,7305,35,,,0,112,,7306,35,0,5 6,0
5501,'65032',832,,7320,35,,,0,110,,7319,35,,,0,110,,7318,35,,,0,150,,7317,35,,,0,110,,7316,35,,,0,110,,7315,35,,,0,109,,7313,35,,,0,112,,7314,35,0,5 6,0
90401,'65030',615,,7832,34,,,0,1703,,7833,34,,,0
90401,'65031',623,,7834,34,,,0,100,,7835,34,,,0,1197,,7836,34,,,0,100,,7837,34,,,0,100,,7838,34,,,0,100,,7839,34,,,0,100,,7840,34,,,0
90401,'65032',623,,7841,34,,,0,100,,7842,34,,,0,1197,,7843,34,,,0,100,,7844,34,,,0,100,,7845,34,,,0,100,,7846,34,,,0,100,,7847,34,,,0
90801,'65030',2443,,7849,35,,,0
90801,'65031',2443,,7850,35,,,0
90801,'65032',2443,,7851,35,,,0
