301,'65040',616,,8244,62,,,0,30,,8245,62,,,0,56,,8246,62,,,0,25,,8247,62,,,0,17,,8251,62,,,0,57,,8248,62,,,0,14,,8249,62,,,0,15,,8250,62,,,0,17,,8252,62,,,0,53,,8260,62,,,0,21,,8253,62,,,0,21,,8254,62,,,0,59,,8255,62,,,0,23,,8256,62,,,0,19,,8257,62,,,0,62,,8258,62,,,0,21,,8259,62,,,0,19,,8261,62,,,0,60,,8262,62,,,0,21,,8263,62,,,0,21,,8264,62,,,0,60,,8265,62,,,0,21,,8266,62,,,0,20,,8267,62,,,0,59,,8268,62,,,0,20,,8269,62,,,0,19,,8270,62,,,0,61,,8271,62,,,0,19,,8272,62,,,0,13,,8294,62,,,0,16,,8273,62,,,0,57,,8274,62,,,0,12,,8275,62,,,0,16,,8276,62,,,0,14,,8277,62,,,0,54,,8278,62,,,0,14,,8279,62,,,0,14,,8293,62,,,0,14,,8280,62,,,0,56,,8281,62,,,0,18,,8282,62,,,0,15,,8283,62,,,0,69,,8284,62,,,0,15,,8285,62,,,0,30,,8286,62,,,0,70,,8287,62,,,0,29,,8288,62,,,0,71,,8289,62,,,0,25,,8290,62,,,0,70,,8295,62,,,0,25,,8291,62,,,0,100,,8292,62,,,0
301,'65041',648,,8313,62,,,0,70,,8314,62,,,0,33,,8315,62,,,0,70,,8316,62,,,0,30,,8317,62,,,0,65,,8312,62,,,0,31,,8296,62,,,0,70,,8297,62,,,0,31,,8298,62,,,0,70,,8299,62,,,0,31,,8300,62,,,0,70,,8301,62,,,0,30,,8302,62,,,0,70,,8303,62,,,0,30,,8304,62,,,0,70,,8305,62,,,0,30,,8306,62,,,0,71,,8307,62,,,0,29,,8308,62,,,0,72,,8309,62,,,0,29,,8310,62,,,0,69,,8311,62,,,0,29,,8318,62,,,0,70,,8319,62,,,0,30,,8320,62,,,0,72,,8326,62,,,0,30,,8321,62,,,0,70,,8327,62,,,0,30,,8322,62,,,0,100,,8323,62,,,0,98,,8324,62,,,0,100,,8325,62,,,0
301,'65042',648,,8345,62,,,0,70,,8346,62,,,0,33,,8347,62,,,0,70,,8348,62,,,0,30,,8349,62,,,0,65,,8344,62,,,0,31,,8328,62,,,0,70,,8329,62,,,0,31,,8330,62,,,0,70,,8331,62,,,0,31,,8332,62,,,0,70,,8333,62,,,0,30,,8334,62,,,0,70,,8335,62,,,0,30,,8336,62,,,0,70,,8337,62,,,0,30,,8338,62,,,0,71,,8339,62,,,0,29,,8340,62,,,0,72,,8341,62,,,0,29,,8342,62,,,0,69,,8343,62,,,0,29,,8350,62,,,0,70,,8351,62,,,0,30,,8352,62,,,0,72,,8358,62,,,0,30,,8353,62,,,0,70,,8359,62,,,0,30,,8354,62,,,0,100,,8355,62,,,0,98,,8356,62,,,0,100,,8357,62,,,0
1100,'65040',623,,9378,30,0,22 23 2 67,0,84,,9365,30,,,0,31,,9345,51,,,0,16,,9366,30,,,0,58,,9371,30,0,22 23 2 67,0,17,,9346,51,,,0,25,,9347,51,,,0,72,,9367,30,,,0,31,,9348,51,,,0,65,,9368,30,,,0,34,,9349,51,,,0,68,,9372,30,0,22 23 2 67,0,32,,9350,51,,,0,64,,9373,30,0,22 23 2 67,0,38,,9351,51,,,0,62,,9374,30,0,22 23 2 67,0,38,,9352,51,,,0,61,,9369,30,,,0,38,,9353,51,,,0,69,,9370,30,,,0,31,,9354,51,,,0,70,,9355,51,,,0,31,,9356,51,,,0,67,,9357,51,,,0,30,,9358,51,,,0,70,,9359,51,,,0,30,,9376,51,0,22 23 2 67,0,71,,9360,51,,,0,74,,9377,51,0,22 23 2 67,0,39,,9361,51,,,0,66,,9375,30,0,22 23 2 67,0,34,,9362,51,,,0,104,,9363,51,,,0,100,,9364,51,0,57,0,90,,9379,51,0,22 23 2 67,0
1100,'65041',733,,9395,30,,,0,100,,9396,51,,,0,73,,9397,30,,,0,28,,9380,51,,,0,71,,9381,51,,,0,17,,9388,30,,,0,30,,9382,51,,,0,70,,9389,30,,,0,29,,9383,51,,,0,72,,9390,30,,,0,29,,9384,51,,,0,71,,9391,30,,,0,29,,9385,51,,,0,71,,9392,30,,,0,29,,9386,51,,,0,71,,9393,30,,,0,28,,9387,51,,,0,71,,9394,30,,,0,29,,9398,51,,,0,70,,9399,51,,,0,92,,9400,30,0,22 23 2 67,0,21,,9401,51,,,0,99,,9402,51,,,0,100,,9403,51,,,0,98,,9404,51,,,0,100,,9405,51,,,0,99,,9406,51,,,0,100,,9407,51,0,22 23 2 67,0
1100,'65042',733,,9423,30,,,0,100,,9424,51,,,0,73,,9425,30,,,0,28,,9408,51,,,0,71,,9409,51,,,0,17,,9416,30,,,0,30,,9410,51,,,0,70,,9417,30,,,0,29,,9411,51,,,0,72,,9418,30,,,0,29,,9412,51,,,0,71,,9419,30,,,0,29,,9413,51,,,0,71,,9420,30,,,0,29,,9414,51,,,0,71,,9421,30,,,0,28,,9415,51,,,0,71,,9422,30,,,0,29,,9426,51,,,0,70,,9427,51,,,0,92,,9428,30,0,22 23 2 67,0,21,,9429,51,,,0,99,,9430,51,,,0,100,,9431,51,,,0,98,,9432,51,,,0,100,,9433,51,,,0,99,,9434,51,,,0,100,,9435,51,0,22 23 2 67,0
1700,'65040',703,,10074,38,,,0,35,,10075,38,,,0,73,,10076,38,,,0,90,,10077,38,,,0,100,,10078,38,,,0,100,,10079,38,,,0,41,,10080,38,,,0,101,,10081,38,,,0,101,,10082,38,,,0,101,,10083,38,,,0,100,,10084,38,0,22 23 2 70,0,88,,10085,38,,,0,89,,10086,38,0,22 23 2 70,0,82,,10087,38,0,22 23 2 70,0,106,,10088,38,0,22 23 2 70,0,91,,10089,38,0,22 23 2 70,0,46,,10090,38,,,0,68,,10091,38,0,22 23 2 70,0,98,,10092,38,0,22 23 2 70,0
1700,'65041',805,,10102,38,0,22 23 2 70,0,113,,10093,38,0,22 23 2 70,0,99,,10094,38,0,22 23 2 70,0,100,,10095,38,0,22 23 2 70,0,95,,10096,38,0,22 23 2 70,0,100,,10097,38,0,22 23 2 70,0,101,,10098,38,0,22 23 2 70,0,100,,10099,38,0,22 23 2 70,0,99,,10100,38,0,22 23 2 70,0,101,,10101,38,0,22 23 2 70,0,100,,10103,38,0,22 23 2 70,0,93,,10104,38,0,22 23 2 70,0,101,,10105,38,0,22 23 2 70,0,100,,10106,38,0,22 23 2 70,0,99,,10107,38,0,22 23 2 70,0
1700,'65042',805,,10117,38,0,22 23 2 70,0,113,,10108,38,0,22 23 2 70,0,99,,10109,38,0,22 23 2 70,0,100,,10110,38,0,22 23 2 70,0,95,,10111,38,0,22 23 2 70,0,100,,10112,38,0,22 23 2 70,0,101,,10113,38,0,22 23 2 70,0,100,,10114,38,0,22 23 2 70,0,99,,10115,38,0,22 23 2 70,0,101,,10116,38,0,22 23 2 70,0,100,,10118,38,0,22 23 2 70,0,93,,10119,38,0,22 23 2 70,0,101,,10120,38,0,22 23 2 70,0,100,,10121,38,0,22 23 2 70,0,99,,10122,38,0,22 23 2 70,0
2600,'65040',659,,10589,15,,,2,57,,10577,15,,,2,30,,10575,15,,,2,70,,10576,15,,,2,30,,10574,15,,,2,669,,10580,15,,,2,31,,10578,15,,,2,70,,10579,15,,,2,30,,10583,15,,,2,69,,10582,15,,,2,30,,10584,15,,,2,70,,10581,15,,,2,30,,10588,15,,,2,71,,10586,15,,,2,29,,10587,15,,,2,71,,10585,15,,,2
3600,'65040',636,,10657,18,,,2,67,,10667,18,,,2,18,,10656,18,,,2,32,,10668,18,,,2,70,,10658,18,,,2,30,,10665,18,,,2,90,,10663,18,,,2,100,,10664,18,,,2,100,,10662,18,,,2,100,,10661,18,,,2,100,,10660,18,,,2,80,,10659,18,,,2,85,,10669,18,,,2,30,,10670,18,,,2,70,,10666,18,,,2,30,,10673,18,,,2,70,,10672,18,,,2,30,,10674,18,,,2,70,,10671,18,,,2,50,,10676,18,,,2,100,,10675,18,,,2,98,,10678,18,,,2,99,,10677,18,,,2,86,,10679,18,,,2
5000,'65040',641,,10705,30,,,2,63,,10718,29,,,2,36,,10706,30,,,2,64,,10725,29,,,2,31,,10707,30,,,2,69,,10726,29,,,2,31,,10717,30,,,2,111,,10712,30,,,2,99,,10713,30,,,2,100,,10714,30,,,2,101,,10715,30,,,2,100,,10716,30,,,2,76,,10708,30,,,2,23,,10727,29,,,2,79,,10709,30,,,2,76,,10719,29,,,2,35,,10710,30,,,2,65,,10722,29,,,2,32,,10711,30,,,2,24,,10728,29,,,2,88,,10724,30,,,2,86,,10721,30,,,2,86,,10729,30,,,2,86,,10723,30,,,2,46,,10720,30,,,2
5000,'65041',833,,10747,30,,,2,101,,10748,30,,,2,108,,10746,30,,,2,100,,10745,30,,,2,100,,10744,30,,,2,100,,10743,30,,,2,100,,10742,30,,,2,100,,10741,30,,,2,100,,10740,30,,,2,93,,10739,30,,,2,91,,10738,30,,,2,97,,10737,30,,,2,89,,10736,30,,,2,92,,10735,30,,,2,51,,10733,30,,,2,94,,10732,30,,,2
5000,'65042',833,,10764,30,,,2,101,,10765,30,,,2,108,,10763,30,,,2,100,,10762,30,,,2,100,,10761,30,,,2,100,,10760,30,,,2,100,,10759,30,,,2,100,,10758,30,,,2,100,,10757,30,,,2,93,,10756,30,,,2,91,,10755,30,,,2,97,,10754,30,,,2,89,,10753,30,,,2,92,,10752,30,,,2,51,,10750,30,,,2,94,,10749,30,,,2
91700,'65040',608,,11523,38,,,0,1705,,11524,38,0,22 23 2 70,0
91700,'65041',702,,11525,38,0,22 23 2 70,0
91700,'65042',702,,11526,38,0,22 23 2 70,0
91801,'65040',2249,,11532,4,,,0
91801,'65041',2148,,11534,4,,,0,157,,11535,4,,,0
91801,'65042',2148,,11537,4,,,0,157,,11538,4,,,0
