600,'65030',655,,4791,21,,,0,61,,4792,21,,,0,19,,4793,21,,,0,22,,4794,21,,,0,56,,4828,21,,,0,17,,4795,21,,,0,9,,4796,21,,,0,68,,4797,21,,,0,36,,4809,21,,,0,68,,4808,21,,,0,32,,4807,21,,,0,68,,4806,21,,,0,32,,4805,21,,,0,71,,4804,21,,,0,22,,4810,21,,,0,20,,4803,21,,,0,58,,4802,21,,,0,28,,4801,21,,,0,69,,4800,21,,,0,31,,4799,21,,,0,72,,4798,21,,,0,31,,4811,21,,,0,75,,4812,21,,,0,18,,4813,21,,,0,70,,4814,21,,,0,24,,4815,21,,,0,72,,4816,21,,,0,29,,4817,21,,,0,73,,4818,21,,,0,32,,4819,21,,,0,85,,4820,21,,,0,30,,4821,21,,,0,64,,4822,21,,,0,40,,4823,21,,,0,69,,4824,21,,,0,30,,4825,21,,,0,64,,4826,21,,,0
600,'65031',654,,4838,21,,,0,97,,4839,21,,,0,66,,4840,21,,,0,90,,4829,21,,,0,44,,4830,21,,,0,102,,4831,21,,,0,101,,4832,21,,,0,100,,4833,21,,,0,101,,4834,21,,,0,103,,4835,21,,,0,100,,4836,21,,,0,100,,4837,21,,,0,142,,4847,21,,,0,50,,4846,21,,,0,83,,4845,21,,,0,99,,4844,21,,,0,99,,4843,21,,,0,75,,4842,21,,,0,102,,4841,21,,,0
600,'65032',654,,4858,21,,,0,97,,4859,21,,,0,66,,4860,21,,,0,90,,4849,21,,,0,44,,4850,21,,,0,102,,4851,21,,,0,101,,4852,21,,,0,100,,4853,21,,,0,101,,4854,21,,,0,103,,4855,21,,,0,100,,4856,21,,,0,100,,4857,21,,,0,142,,4867,21,,,0,50,,4866,21,,,0,83,,4865,21,,,0,99,,4864,21,,,0,99,,4863,21,,,0,75,,4862,21,,,0,102,,4861,21,,,0
801,'65030',644,,5275,52,,,1,70,,5276,52,,,1,20,,5277,47,,,1,17,,5278,47,,,1,49,,5326,47,,,1,8,,5279,47,,,1,8,,5280,47,,,1,12,,5322,52,,,1,9,,5281,47,,,1,13,,5282,47,,,1,54,,5283,47,,,1,13,,5284,47,,,1,20,,5285,47,,,1,19,,5286,47,,,1,60,,5287,47,,,1,20,,5288,47,,,1,20,,5289,47,,,1,60,,5290,47,,,1,21,,5291,47,,,1,20,,5292,47,,,1,61,,5293,47,,,1,20,,5294,47,,,1,20,,5295,47,,,1,59,,5296,47,,,1,20,,5297,47,,,1,20,,5298,47,,,1,60,,5299,47,,,1,21,,5300,47,,,1,21,,5301,47,,,1,60,,5325,47,,,1,15,,5302,47,,,1,15,,5303,47,,,1,61,,5304,52,,,1,15,,5305,47,,,1,18,,5306,47,,,1,16,,5307,52,,,1,51,,5308,47,,,1,15,,5309,47,,,1,14,,5310,47,,,1,15,,5311,47,,,1,54,,5312,47,,,1,20,,5313,47,,,1,24,,5314,47,,,1,59,,5315,47,,,1,33,,5316,47,,,1,66,,5317,47,,,1,29,,5318,47,,,1,64,,5319,47,,,1,31,,5320,47,,,1,70,,5321,47,,,1,37,,5324,47,,,1,100,,5323,47,,,1
801,'65031',739,,5344,47,,,1,99,,5345,47,,,1,65,,5346,47,,,1,21,,5327,47,,,1,31,,5328,47,,,1,70,,5329,47,,,1,31,,5330,47,,,1,71,,5331,47,,,1,30,,5332,47,,,1,70,,5333,47,,,1,31,,5334,47,,,1,70,,5335,47,,,1,30,,5336,47,,,1,70,,5337,47,,,1,30,,5338,47,,,1,70,,5339,47,,,1,30,,5340,47,,,1,70,,5341,47,,,1,30,,5342,47,,,1,70,,5343,47,,,1,29,,5347,47,,,1,70,,5348,47,,,1,30,,5349,47,,,1,67,,5355,47,,,1,18,,5350,47,,,1,69,,5356,47,,,1,31,,5351,47,,,1,100,,5352,47,,,1,98,,5353,47,,,1,99,,5354,47,,,1
801,'65032',739,,5374,47,,,1,99,,5375,47,,,1,65,,5376,47,,,1,21,,5357,47,,,1,31,,5358,47,,,1,70,,5359,47,,,1,31,,5360,47,,,1,71,,5361,47,,,1,30,,5362,47,,,1,70,,5363,47,,,1,31,,5364,47,,,1,70,,5365,47,,,1,30,,5366,47,,,1,70,,5367,47,,,1,30,,5368,47,,,1,70,,5369,47,,,1,30,,5370,47,,,1,70,,5371,47,,,1,30,,5372,47,,,1,70,,5373,47,,,1,29,,5377,47,,,1,70,,5378,47,,,1,30,,5379,47,,,1,67,,5385,47,,,1,18,,5380,47,,,1,69,,5386,47,,,1,31,,5381,47,,,1,100,,5382,47,,,1,98,,5383,47,,,1,99,,5384,47,,,1
901,'65030',711,,5452,55,,,0,28,,5453,55,,,0,65,,5454,55,,,0,9,,5459,25,,,0,16,,5455,55,,,0,17,,5456,55,,,0,56,,5457,55,,,0,24,,5458,55,,,0,26,,5474,55,,,0,62,,5473,55,,,0,20,,5472,55,,,0,81,,5471,55,,,0,21,,5470,55,,,0,81,,5469,55,,,0,21,,5468,55,,,0,80,,5467,55,,,0,20,,5466,55,,,0,80,,5465,55,,,0,20,,5464,55,,,0,81,,5463,55,,,0,21,,5462,55,,,0,66,,5486,55,,,0,28,,5461,55,,,0,25,,5460,55,,,0,88,,5482,55,,,0,81,,5485,55,,,0,22,,5484,55,,,0,72,,5483,55,,,0
901,'65031',1039,,5487,55,,,0,100,,5488,55,,,0,99,,5494,55,,,0,101,,5493,55,,,0,100,,5492,55,,,0,99,,5491,55,,,0,105,,5490,55,,,0,97,,5489,55,,,0
901,'65032',1039,,5503,55,,,0,100,,5504,55,,,0,99,,5510,55,,,0,101,,5509,55,,,0,100,,5508,55,,,0,99,,5507,55,,,0,105,,5506,55,,,0,97,,5505,55,,,0
1100,'65030',608,,5563,24,0,22 23,0,21,,5578,24,0,22 23,0,27,,5519,45,,,0,67,,5520,45,,,0,18,,5524,24,,,0,18,,5567,45,0,22 23,0,47,,5566,24,0,22 23,0,12,,5521,45,,,0,9,,5565,24,0,22 23,0,12,,5522,45,,,0,16,,5564,24,0,22 23,0,63,,5523,45,,,0,14,,5571,24,0,22 23,0,14,,5525,45,,,0,54,,5568,24,0,22 23,0,16,,5526,45,,,0,13,,5572,24,0,22 23,0,17,,5527,45,,,0,13,,5560,24,0,22 23,0,57,,5528,45,,,0,12,,5573,24,0,22 23,0,17,,5529,45,,,0,11,,5561,24,0,22 23,0,59,,5530,45,,,0,14,,5559,24,0,22 23,0,17,,5531,45,,,0,54,,5562,24,0,22 23,0,16,,5532,45,,,0,13,,5557,24,0,22 23,0,17,,5533,45,,,0,54,,5558,24,0,22 23,0,15,,5534,45,,,0,13,,5576,24,,,0,17,,5535,45,,,0,13,,5554,24,0,22 23,0,57,,5536,45,,,0,13,,5556,24,0,22 23,0,17,,5537,45,,,0,5,,5552,24,0,22 23,0,9,,5555,24,0,22 23,0,53,,5538,45,,,0,14,,5549,24,,,0,16,,5539,45,,,0,13,,5574,24,0,22 23,0,55,,5540,45,,,0,18,,5577,24,0,22 23,0,16,,5541,45,,,0,12,,5575,24,0,22 23,0,58,,5542,45,,,0,12,,5553,24,0,22 23,0,14,,5569,45,,,0,73,,5543,45,,,0,30,,5544,45,,,0,83,,5545,45,,,0,30,,5550,24,,,0,70,,5546,45,,,0,26,,5551,24,0,24 1 25,0,77,,5547,45,,,0,100,,5548,45,0,24 1 25,0,90,,5570,45,0,22 23,0
1100,'65031',720,,5594,24,,,0,100,,5595,45,,,0,31,,5596,24,,,0,66,,5579,45,,,0,32,,5580,45,,,0,72,,5587,24,,,0,28,,5581,45,,,0,62,,5588,24,,,0,30,,5582,45,,,0,69,,5589,24,,,0,28,,5583,45,,,0,74,,5590,24,,,0,32,,5584,45,,,0,67,,5591,24,,,0,33,,5585,45,,,0,67,,5592,24,,,0,36,,5586,45,,,0,64,,5593,24,,,0,36,,5597,45,,,0,67,,5598,45,,,0,44,,5599,24,0,22 23,0,61,,5600,45,,,0,97,,5601,45,,,0,100,,5602,45,,,0,100,,5603,45,,,0,101,,5604,45,,,0,108,,5605,45,0,24 1 25,0
1100,'65032',720,,5621,24,,,0,100,,5622,45,,,0,31,,5623,24,,,0,66,,5606,45,,,0,32,,5607,45,,,0,72,,5614,24,,,0,28,,5608,45,,,0,62,,5615,24,,,0,30,,5609,45,,,0,69,,5616,24,,,0,28,,5610,45,,,0,74,,5617,24,,,0,32,,5611,45,,,0,67,,5618,24,,,0,33,,5612,45,,,0,67,,5619,24,,,0,36,,5613,45,,,0,64,,5620,24,,,0,36,,5624,45,,,0,67,,5625,45,,,0,44,,5626,24,0,22 23,0,61,,5627,45,,,0,97,,5628,45,,,0,100,,5629,45,,,0,100,,5630,45,,,0,101,,5631,45,,,0,108,,5632,45,0,24 1 25,0
1100,'65037',802,,5633,24,0,22 23,0,11,,5634,24,0,22 23,0
1101,'65030',640,,5692,31,0,15 1 16,0,18,,5637,31,,,0,70,,5638,31,,,0,28,,5693,31,,,0,55,,5639,31,,,0,29,,5640,31,,,0,68,,5641,31,,,0,25,,5642,31,,,0,68,,5643,31,,,0,15,,5656,9,0,15 1 16,0,14,,5644,31,,,0,70,,5645,31,,,0,17,,5657,9,0,15 1 16,0,12,,5646,31,,,0,15,,5661,9,0,15 1 16,0,15,,5647,31,,,0,54,,5658,9,0,15 1 16,0,17,,5648,31,,,0,15,,5662,9,0,15 1 16,0,55,,5649,31,,,0,14,,5659,9,0,15 1 16,0,16,,5650,31,,,0,70,,5651,31,,,0,12,,5660,9,0,15 1 16,0,17,,5652,31,,,0,16,,5663,9,0,15 1 16,0,55,,5653,31,,,0,10,,5655,9,0,15 1 16,0,9,,5664,9,0,15 1 16,0,10,,5654,31,,,0,14,,5680,31,0,15 1 16,0,8,,5681,9,0,15 1 16,0,7,,5682,9,0,15 1 16,0,48,,5665,31,,,0,18,,5683,9,0,15 1 16,0,13,,5666,31,,,0,8,,5684,9,0,15 1 16,0,12,,5685,9,0,15 1 16,0,50,,5667,31,,,0,15,,5686,9,0,15 1 16,0,15,,5668,31,,,0,15,,5677,31,0,15 1 16,0,55,,5669,31,,,0,20,,5670,31,,,0,15,,5687,9,0,15 1 16,0,16,,5671,31,,,0,49,,5688,9,0,15 1 16,0,20,,5672,31,,,0,30,,5689,31,0,15 1 16,0,70,,5673,31,,,0,25,,5678,31,0,15 1 16,0,66,,5679,31,0,15 1 16,0,16,,5674,31,,,0,12,,5690,31,0,15 1 16,0,55,,5691,9,0,15 1 16,0,32,,5675,31,,,0,103,,5676,31,,,0,78,,5694,31,0,15 1 16,0
1101,'65031',827,,5712,31,,,0,78,,5695,9,,,0,34,,5704,31,0,15 1 16,0,65,,5696,31,,,0,35,,5705,31,0,15 1 16,0,65,,5697,31,,,0,35,,5706,31,0,15 1 16,0,65,,5698,31,,,0,35,,5707,31,0,15 1 16,0,65,,5699,31,,,0,35,,5708,31,0,15 1 16,0,65,,5700,31,,,0,34,,5709,31,0,15 1 16,0,70,,5701,31,,,0,30,,5710,31,0,15 1 16,0,71,,5702,31,,,0,32,,5711,31,0,15 1 16,0,69,,5703,31,,,0,14,,5715,31,0,15 1 16,0,15,,5716,31,,,0,70,,5717,31,0,15 1 16,0,24,,5718,31,,,0,101,,5719,31,,,0,100,,5720,31,,,0,100,,5721,31,,,0,100,,5722,31,,,0,100,,5723,31,,,0
1101,'65032',827,,5741,31,,,0,78,,5724,9,,,0,34,,5733,31,0,15 1 16,0,65,,5725,31,,,0,35,,5734,31,0,15 1 16,0,65,,5726,31,,,0,35,,5735,31,0,15 1 16,0,65,,5727,31,,,0,35,,5736,31,0,15 1 16,0,65,,5728,31,,,0,35,,5737,31,0,15 1 16,0,65,,5729,31,,,0,34,,5738,31,0,15 1 16,0,70,,5730,31,,,0,30,,5739,31,0,15 1 16,0,71,,5731,31,,,0,32,,5740,31,0,15 1 16,0,69,,5732,31,,,0,14,,5744,31,0,15 1 16,0,15,,5745,31,,,0,70,,5746,31,0,15 1 16,0,24,,5747,31,,,0,101,,5748,31,,,0,100,,5749,31,,,0,100,,5750,31,,,0,100,,5751,31,,,0,100,,5752,31,,,0
1101,'65035',1619,,5754,9,0,15 1 16,0
1301,'65030',816,,5892,31,,,0
1401,'65030',602,,5972,38,,,0,30,,6020,38,,,0,26,,5973,38,,,0,67,,5974,38,,,0,19,,5975,38,,,0,56,,5976,38,,,0,12,,5977,38,,,0,27,,5978,38,,,0,20,,6019,38,,,0,57,,5979,38,,,0,19,,5987,38,,,0,19,,6018,38,,,0,60,,5980,38,,,0,20,,5988,38,,,0,20,,5994,38,,,0,60,,5981,38,,,0,21,,5989,38,,,0,20,,5995,38,,,0,55,,5982,38,,,0,25,,5990,38,,,0,15,,5996,38,,,0,64,,5983,38,,,0,21,,5991,38,,,0,20,,5997,38,,,0,60,,5984,38,,,0,21,,5992,38,,,0,19,,5998,38,,,0,60,,5985,38,,,0,24,,5993,38,,,0,61,,5999,38,,,0,23,,5986,38,,,0,23,,6000,38,,,0,64,,6001,38,,,0,12,,6002,38,,,0,15,,6003,38,,,0,18,,6004,38,,,0,62,,6005,38,,,0,21,,6006,38,,,0,64,,6007,38,,,0,24,,6008,38,,,0,33,,6009,38,,,0,71,,6010,38,,,0,26,,6011,38,,,0,69,,6012,38,,,0,30,,6013,38,,,0,69,,6014,38,,,0,33,,6015,38,,,0,98,,6016,38,,,0,57,,6017,38,,,0
1401,'65031',753,,6029,38,,,0,100,,6030,38,,,0,98,,6021,38,,,0,90,,6022,38,,,0,100,,6023,38,,,0,101,,6024,38,,,0,100,,6025,38,,,0,100,,6026,38,,,0,100,,6027,38,,,0,100,,6028,38,,,0,117,,6031,38,,,0,141,,6032,38,,,0,57,,6033,38,,,0,100,,6034,38,,,0,97,,6035,38,,,0,97,,6036,38,,,0,101,,6037,38,,,0,60,,6038,38,,,0
1401,'65032',753,,6047,38,,,0,100,,6048,38,,,0,98,,6039,38,,,0,90,,6040,38,,,0,100,,6041,38,,,0,101,,6042,38,,,0,100,,6043,38,,,0,100,,6044,38,,,0,100,,6045,38,,,0,100,,6046,38,,,0,117,,6049,38,,,0,141,,6050,38,,,0,57,,6051,38,,,0,100,,6052,38,,,0,97,,6053,38,,,0,97,,6054,38,,,0,101,,6055,38,,,0,60,,6056,38,,,0
1501,'65030',734,,6107,10,,,0,77,,6093,10,,,0,28,,6094,10,,,0,88,,6095,10,,,0,112,,6096,10,,,0,83,,6097,10,,,0,123,,6098,10,,,0,92,,6099,10,,,0,92,,6100,10,,,0,100,,6101,10,,,0,74,,6102,10,,,0,28,,6108,10,,,0,80,,6106,10,,,0,93,,6105,10,,,0,100,,6104,10,,,0,100,,6103,10,,,0
1501,'65031',828,,6116,10,,,0,100,,6109,10,,,0,94,,6110,10,,,0,127,,6111,10,,,0,100,,6112,10,,,0,101,,6113,10,,,0,101,,6114,10,,,0,101,,6115,10,,,0,99,,6118,10,,,0,99,,6117,10,,,0
1501,'65032',828,,6126,10,,,0,100,,6119,10,,,0,94,,6120,10,,,0,127,,6121,10,,,0,100,,6122,10,,,0,101,,6123,10,,,0,101,,6124,10,,,0,101,,6125,10,,,0,99,,6128,10,,,0,99,,6127,10,,,0
1601,'65030',645,,6208,18,,,0,81,,6209,18,,,0,19,,6210,18,,,0,56,,6211,18,,,0,14,,6212,18,,,0,21,,6207,18,,,0,69,,6213,18,,,0,24,,6214,18,,,0,24,,6221,18,,,0,72,,6220,18,,,0,29,,6222,18,,,0,71,,6219,18,,,0,27,,6223,18,,,0,53,,6227,18,,,0,17,,6218,18,,,0,13,,6228,18,,,0,16,,6224,18,,,0,57,,6247,18,,,0,17,,6217,18,,,0,30,,6225,18,,,0,70,,6216,18,,,0,29,,6226,18,,,0,70,,6215,18,,,0,17,,6249,18,,,0,18,,6246,18,,,0,65,,6245,18,,,0,30,,6244,18,,,0,52,,6243,18,,,0,11,,6242,18,,,0,16,,6241,18,,,0,13,,6240,18,,,0,57,,6239,18,,,0,19,,6238,18,,,0,24,,6248,18,,,0,66,,6237,18,,,0,27,,6236,18,,,0,69,,6235,18,,,0,31,,6234,18,,,0,73,,6233,18,,,0,29,,6250,18,,,0,69,,6232,18,,,0,23,,6231,18,,,0,16,,6230,18,,,0,75,,6229,18,,,0
1601,'65031',707,,6260,18,,,0,102,,6261,18,,,0,101,,6259,18,,,0,93,,6267,18,,,0,28,,6251,18,,,0,100,,6252,18,,,0,100,,6253,18,,,0,101,,6254,18,,,0,101,,6255,18,,,0,101,,6256,18,,,0,99,,6257,18,,,0,99,,6258,18,,,0,100,,6262,18,,,0,78,,6263,18,,,0,100,,6264,18,,,0,98,,6265,18,,,0,125,,6266,18,,,0
1601,'65032',707,,6277,18,,,0,102,,6278,18,,,0,101,,6276,18,,,0,93,,6284,18,,,0,28,,6268,18,,,0,100,,6269,18,,,0,100,,6270,18,,,0,101,,6271,18,,,0,101,,6272,18,,,0,101,,6273,18,,,0,99,,6274,18,,,0,99,,6275,18,,,0,100,,6279,18,,,0,78,,6280,18,,,0,100,,6281,18,,,0,98,,6282,18,,,0,125,,6283,18,,,0
1800,'65030',708,,6413,39,,,0,19,,6412,39,,,0,17,,6411,39,,,0,69,,6410,39,,,0,33,,6409,39,,,0,73,,6408,39,,,0,19,,6425,39,,,0,78,,6414,39,,,0,24,,6421,39,,,0,61,,6415,39,,,0,41,,6422,39,,,0,59,,6416,39,,,0,20,,6438,39,,,0,21,,6423,39,,,0,80,,6417,39,,,0,34,,6424,39,,,0,66,,6418,39,,,0,26,,6420,39,,,0,81,,6419,39,,,0,27,,6437,39,,,0,58,,6426,39,,,0,36,,6427,39,,,0,57,,6428,39,,,0,27,,6429,39,,,0,19,,6430,39,,,0,64,,6431,39,,,0,84,,6432,39,,,0,31,,6433,39,,,0,27,,6434,39,,,0,157,,6435,39,,,0,93,,6436,39,,,0
1800,'65031',806,,6448,39,,,0,111,,6439,39,,,0,96,,6440,39,,,0,99,,6441,39,,,0,101,,6442,39,,,0,100,,6443,39,,,0,100,,6444,39,,,0,100,,6445,39,,,0,100,,6446,39,,,0,106,,6447,39,,,0,97,,6449,39,,,0,89,,6450,39,,,0,46,,6451,39,,,0,100,,6452,39,,,0,100,,6453,39,,,0
1800,'65032',806,,6463,39,,,0,111,,6454,39,,,0,96,,6455,39,,,0,99,,6456,39,,,0,101,,6457,39,,,0,100,,6458,39,,,0,100,,6459,39,,,0,100,,6460,39,,,0,100,,6461,39,,,0,106,,6462,39,,,0,97,,6464,39,,,0,89,,6465,39,,,0,46,,6466,39,,,0,100,,6467,39,,,0,100,,6468,39,,,0
1800,'65035',754,,6470,30,,,0,70,,6469,30,,,0
2400,'65030',634,,6687,22,,,0,71,,6688,22,,,0,31,,6689,22,,,0,65,,6690,22,,,0,12,,6691,22,,,0,27,,6692,22,,,0,75,,6693,22,,,0,31,,6694,22,,,0,71,,6713,22,,,0,31,,6695,22,,,0,71,,6696,22,,,0,31,,6697,22,,,0,71,,6698,22,,,0,31,,6699,22,,,0,71,,6700,22,,,0,31,,6701,22,,,0,71,,6702,22,,,0,31,,6703,22,,,0,72,,6704,22,,,0,73,,6705,22,,,0,36,,6706,22,,,0,75,,6707,22,,,0,39,,6708,22,,,0,74,,6709,22,,,0,75,,6710,22,,,0,35,,6711,22,,,0,75,,6712,22,,,0,35,,6714,22,,,0,80,,6715,22,,,0,32,,6686,22,,,0
2400,'65031',809,,6732,22,,,0,33,,6728,22,,,0,75,,6729,22,,,0,100,,6731,22,,,0,100,,6730,22,,,0,100,,6727,22,,,0,100,,6726,22,,,0,100,,6725,22,,,0,100,,6724,22,,,0,100,,6721,22,,,0,105,,6718,22,,,0,93,,6717,22,,,0,92,,6720,22,,,0,35,,6723,22,,,0,100,,6716,22,,,0,100,,6722,22,,,0,98,,6719,22,,,0
2400,'65032',809,,6749,22,,,0,33,,6745,22,,,0,75,,6746,22,,,0,100,,6748,22,,,0,100,,6747,22,,,0,100,,6744,22,,,0,100,,6743,22,,,0,100,,6742,22,,,0,100,,6741,22,,,0,100,,6738,22,,,0,105,,6735,22,,,0,93,,6734,22,,,0,92,,6737,22,,,0,35,,6740,22,,,0,100,,6733,22,,,0,100,,6739,22,,,0,98,,6736,22,,,0
2901,'65033',2424,,6961,20,,,0,30,,6960,20,,,0,70,,6959,20,,,0,30,,6958,20,,,0,70,,6957,20,,,0,30,,6956,20,,,0
45301,'65030',816,,7424,9,,,0,505,,7428,10,,,0,226,,7425,9,,,0,153,,7426,9,,,0,53,,7427,9,,,0,98,,7429,10,,,0
91800,'65031',2303,,7868,41,,,0
91800,'65032',2303,,7869,41,,,0
