300,'65030',611,,4213,21,,,0,15,,4269,21,,,0,15,,4214,21,,,0,14,,4215,21,,,0,53,,4216,21,,,0,10,,4217,21,,,0,9,,4218,21,,,0,5,,4219,21,,,0,7,,4220,21,,,0,9,,4221,21,,,0,10,,4222,21,,,0,58,,4223,21,,,0,16,,4224,21,,,0,16,,4270,21,,,0,55,,4225,21,,,0,20,,4226,21,,,0,20,,4227,21,,,0,60,,4228,21,,,0,20,,4229,21,,,0,20,,4230,21,,,0,59,,4231,21,,,0,20,,4232,21,,,0,20,,4233,21,,,0,60,,4234,21,,,0,19,,4235,21,,,0,20,,4236,21,,,0,60,,4237,21,,,0,20,,4238,21,,,0,20,,4239,21,,,0,60,,4240,21,,,0,20,,4241,21,,,0,15,,4242,21,,,0,15,,4243,21,,,0,54,,4245,21,,,0,15,,4251,21,,,0,9,,4246,21,,,0,10,,4247,21,,,0,9,,4248,21,,,0,10,,4249,21,,,0,50,,4250,21,,,0,20,,4252,21,,,0,14,,4253,21,,,0,15,,4254,21,,,0,55,,4255,21,,,0,23,,4256,21,,,0,23,,4257,21,,,0,60,,4258,21,,,0,20,,4259,21,,,0,65,,4260,21,,,0,31,,4261,21,,,0,70,,4262,21,,,0,31,,4267,21,,,0,65,,4263,21,,,0,20,,4264,21,,,0,21,,4265,21,,,0,78,,4266,21,,,0,32,,4244,21,,,0
300,'65031',711,,4287,21,,,0,24,,4288,21,,,0,73,,4289,21,,,0,23,,4300,21,,,0,23,,4271,21,,,0,69,,4272,21,,,0,30,,4273,21,,,0,69,,4274,21,,,0,30,,4275,21,,,0,69,,4276,21,,,0,30,,4277,21,,,0,70,,4278,21,,,0,30,,4279,21,,,0,70,,4280,21,,,0,29,,4281,21,,,0,70,,4282,21,,,0,30,,4283,21,,,0,70,,4284,21,,,0,30,,4285,21,,,0,70,,4286,21,,,0,28,,4290,21,,,0,62,,4291,21,,,0,18,,4292,21,,,0,30,,4293,21,,,0,75,,4294,21,,,0,75,,4295,21,,,0,32,,4301,21,,,0,71,,4296,21,,,0,100,,4297,21,,,0,101,,4298,21,,,0,101,,4299,21,,,0
300,'65032',711,,4318,21,,,0,24,,4319,21,,,0,73,,4320,21,,,0,23,,4331,21,,,0,23,,4302,21,,,0,69,,4303,21,,,0,30,,4304,21,,,0,69,,4305,21,,,0,30,,4306,21,,,0,69,,4307,21,,,0,30,,4308,21,,,0,70,,4309,21,,,0,30,,4310,21,,,0,70,,4311,21,,,0,29,,4312,21,,,0,70,,4313,21,,,0,30,,4314,21,,,0,70,,4315,21,,,0,30,,4316,21,,,0,70,,4317,21,,,0,28,,4321,21,,,0,62,,4322,21,,,0,18,,4323,21,,,0,30,,4324,21,,,0,75,,4325,21,,,0,75,,4326,21,,,0,32,,4332,21,,,0,71,,4327,21,,,0,100,,4328,21,,,0,101,,4329,21,,,0,101,,4330,21,,,0
5500,'65030',724,,7269,16,,,0,121,,7270,16,,,0,111,,7271,16,,,0,156,,7278,16,,,0,119,,7272,16,,,0,113,,7273,16,,,0,115,,7274,16,,,0,158,,7275,16,,,0,118,,7276,16,,,0,110,,7277,16,0,5 6,0
5500,'65031',821,,7284,16,,,0,111,,7286,16,,,0,110,,7285,16,,,0,110,,7283,16,,,0,153,,7282,16,,,0,110,,7281,16,,,0,110,,7280,16,,,0,107,,7279,16,0,5 6,0
5500,'65032',821,,7292,16,,,0,111,,7294,16,,,0,110,,7293,16,,,0,110,,7291,16,,,0,153,,7290,16,,,0,110,,7289,16,,,0,110,,7288,16,,,0,107,,7287,16,0,5 6,0
90300,'65030',2320,,7807,28,,,0,107,,7808,28,,,0
90300,'65031',2428,,7811,28,,,0
90300,'65032',2428,,7813,28,,,0
2400080000,'65030',613,,7898,5,,,1,28,,7897,5,,,1,69,,7896,5,,,1,29,,7895,5,,,1,67,,7894,5,,,1,32,,7893,5,,,1,74,,7892,5,,,1,97,,7891,5,,,1,99,,7890,5,,,1,99,,7889,5,,,1,103,,7888,5,,,1,100,,7887,5,,,1,97,,7886,5,,,1,29,,7885,5,,,1,71,,7884,5,,,1,32,,7883,5,,,1,70,,7882,5,,,1,35,,7881,5,,,1,66,,7880,5,,,1
