801,'65040',640,,9126,47,,,1,71,,9127,47,,,1,16,,9128,42,,,1,15,,9129,47,,,1,15,,9130,47,,,1,55,,9175,42,,,1,17,,9131,42,,,1,13,,9132,47,,,1,61,,9133,42,,,1,19,,9134,42,,,1,20,,9135,42,,,1,61,,9136,42,,,1,19,,9137,42,,,1,23,,9138,42,,,1,61,,9139,42,,,1,19,,9140,42,,,1,20,,9141,42,,,1,61,,9142,42,,,1,20,,9143,42,,,1,20,,9144,42,,,1,61,,9145,42,,,1,20,,9146,42,,,1,20,,9147,42,,,1,60,,9148,42,,,1,20,,9149,42,,,1,20,,9150,42,,,1,60,,9151,42,,,1,13,,9152,42,,,1,17,,9153,42,,,1,17,,9154,42,,,1,52,,9155,42,,,1,17,,9156,42,,,1,14,,9157,47,,,1,14,,9158,42,,,1,56,,9159,42,,,1,12,,9160,42,,,1,15,,9161,42,,,1,15,,9162,42,,,1,55,,9163,42,,,1,19,,9164,42,,,1,21,,9165,42,,,1,62,,9166,42,,,1,26,,9167,42,,,1,71,,9168,42,,,1,30,,9169,42,,,1,70,,9170,42,,,1,30,,9171,42,,,1,69,,9172,42,,,1,37,,9173,42,,,1,99,,9174,42,,,1
801,'65041',740,,9193,42,,,1,67,,9204,47,,,1,29,,9194,42,,,1,20,,9195,42,,,1,70,,9176,42,,,1,30,,9177,42,,,1,71,,9178,42,,,1,30,,9179,42,,,1,71,,9180,42,,,1,30,,9181,42,,,1,70,,9182,42,,,1,30,,9183,42,,,1,70,,9184,42,,,1,30,,9185,42,,,1,70,,9186,42,,,1,30,,9187,42,,,1,70,,9188,42,,,1,30,,9189,42,,,1,69,,9190,42,,,1,30,,9191,42,,,1,70,,9192,42,,,1,29,,9196,42,,,1,72,,9197,42,,,1,80,,9198,42,,,1,32,,9199,42,,,1,69,,9200,42,,,1,30,,9205,42,,,1,100,,9201,42,,,1,98,,9202,42,,,1,100,,9203,42,,,1
801,'65042',740,,9223,42,,,1,67,,9234,47,,,1,29,,9224,42,,,1,20,,9225,42,,,1,70,,9206,42,,,1,30,,9207,42,,,1,71,,9208,42,,,1,30,,9209,42,,,1,71,,9210,42,,,1,30,,9211,42,,,1,70,,9212,42,,,1,30,,9213,42,,,1,70,,9214,42,,,1,30,,9215,42,,,1,70,,9216,42,,,1,30,,9217,42,,,1,70,,9218,42,,,1,30,,9219,42,,,1,69,,9220,42,,,1,30,,9221,42,,,1,70,,9222,42,,,1,29,,9226,42,,,1,72,,9227,42,,,1,80,,9228,42,,,1,32,,9229,42,,,1,69,,9230,42,,,1,30,,9235,42,,,1,100,,9231,42,,,1,98,,9232,42,,,1,100,,9233,42,,,1
901,'65040',727,,9289,50,,,0,27,,9290,50,,,0,70,,9291,50,,,0,115,,9292,50,,,0,100,,9293,50,,,0,100,,9294,50,,,0,102,,9295,50,,,0,71,,9296,50,,,0,101,,9297,50,,,0,100,,9298,50,,,0,30,,9299,50,,,0,68,,9300,50,,,0,133,,9301,50,,,0
901,'65041',1035,,9313,50,,,0,101,,9314,50,,,0,101,,9320,50,,,0,100,,9319,50,,,0,100,,9318,50,,,0,100,,9317,50,,,0,101,,9316,50,,,0,101,,9315,50,,,0
901,'65042',1035,,9329,50,,,0,101,,9330,50,,,0,101,,9336,50,,,0,100,,9335,50,,,0,100,,9334,50,,,0,100,,9333,50,,,0,101,,9332,50,,,0,101,,9331,50,,,0
1100,'65040',607,,9378,19,0,22 23 2 67,0,42,,9365,19,,,0,71,,9345,40,,,0,13,,9366,19,,,0,18,,9371,19,0,22 23 2 67,0,58,,9346,40,,,0,25,,9347,40,,,0,73,,9367,19,,,0,32,,9348,40,,,0,64,,9368,19,,,0,37,,9349,40,,,0,66,,9372,19,0,22 23 2 67,0,33,,9350,40,,,0,62,,9373,19,0,22 23 2 67,0,39,,9351,40,,,0,62,,9374,19,0,22 23 2 67,0,38,,9352,40,,,0,61,,9369,19,,,0,38,,9353,40,,,0,68,,9370,19,,,0,31,,9354,40,,,0,68,,9355,40,,,0,32,,9356,40,,,0,69,,9357,40,,,0,30,,9358,40,,,0,72,,9359,40,,,0,31,,9376,40,0,22 23 2 67,0,71,,9360,40,,,0,34,,9377,40,0,22 23 2 67,0,79,,9361,40,,,0,25,,9375,19,0,22 23 2 67,0,75,,9362,40,,,0,104,,9363,40,,,0,100,,9364,40,0,57,0,90,,9379,40,0,22 23 2 67,0
1100,'65041',714,,9395,19,,,0,100,,9396,40,,,0,32,,9397,19,,,0,70,,9380,40,,,0,30,,9381,40,,,0,56,,9388,19,,,0,31,,9382,40,,,0,69,,9389,19,,,0,31,,9383,40,,,0,69,,9390,19,,,0,32,,9384,40,,,0,68,,9391,19,,,0,32,,9385,40,,,0,68,,9392,19,,,0,32,,9386,40,,,0,68,,9393,19,,,0,32,,9387,40,,,0,68,,9394,19,,,0,32,,9398,40,,,0,70,,9399,40,,,0,50,,9400,19,0,22 23 2 67,0,63,,9401,40,,,0,99,,9402,40,,,0,100,,9403,40,,,0,99,,9404,40,,,0,100,,9405,40,,,0,99,,9406,40,,,0,100,,9407,40,0,22 23 2 67,0
1100,'65042',714,,9423,19,,,0,100,,9424,40,,,0,32,,9425,19,,,0,70,,9408,40,,,0,30,,9409,40,,,0,56,,9416,19,,,0,31,,9410,40,,,0,69,,9417,19,,,0,31,,9411,40,,,0,69,,9418,19,,,0,32,,9412,40,,,0,68,,9419,19,,,0,32,,9413,40,,,0,68,,9420,19,,,0,32,,9414,40,,,0,68,,9421,19,,,0,32,,9415,40,,,0,68,,9422,19,,,0,32,,9426,40,,,0,70,,9427,40,,,0,50,,9428,19,0,22 23 2 67,0,63,,9429,40,,,0,99,,9430,40,,,0,100,,9431,40,,,0,99,,9432,40,,,0,100,,9433,40,,,0,99,,9434,40,,,0,100,,9435,40,0,22 23 2 67,0
1401,'65040',556,,9776,33,,,0,99,,9777,33,,,0,91,,9778,33,,,0,11,,9812,33,,,0,56,,9779,33,,,0,29,,9780,33,,,0,64,,9781,33,,,0,17,,9782,33,,,0,17,,9783,33,,,0,75,,9784,33,,,0,25,,9785,33,,,0,79,,9786,33,,,0,21,,9787,33,,,0,76,,9788,33,,,0,23,,9789,33,,,0,76,,9790,33,,,0,25,,9791,33,,,0,77,,9792,33,,,0,17,,9793,33,,,0,20,,9813,33,,,0,60,,9794,33,,,0,25,,9795,33,,,0,66,,9796,33,,,0,27,,9797,33,,,0,70,,9798,33,,,0,30,,9799,33,,,0,14,,9800,33,,,0,61,,9801,33,,,0,32,,9802,33,,,0,62,,9803,33,,,0,44,,9804,33,,,0,81,,9805,33,,,0,23,,9806,33,,,0,77,,9807,33,,,0,33,,9808,33,,,0,97,,9809,33,,,0,98,,9810,33,,,0,56,,9811,33,,,0
1401,'65041',751,,9821,33,,,0,95,,9822,33,,,0,96,,9814,33,,,0,68,,9815,33,,,0,100,,9816,33,,,0,100,,9817,33,,,0,99,,9830,33,,,0,99,,9818,33,,,0,100,,9819,33,,,0,101,,9820,33,,,0,100,,9832,33,,,0,99,,9831,33,,,0,39,,9823,33,,,0,104,,9824,33,,,0,101,,9825,33,,,0,98,,9826,33,,,0,99,,9827,33,,,0,99,,9828,33,,,0,61,,9829,33,,,0
1401,'65042',751,,9840,33,,,0,95,,9841,33,,,0,96,,9833,33,,,0,68,,9834,33,,,0,100,,9835,33,,,0,100,,9836,33,,,0,99,,9849,33,,,0,99,,9837,33,,,0,100,,9838,33,,,0,101,,9839,33,,,0,100,,9851,33,,,0,99,,9850,33,,,0,39,,9842,33,,,0,104,,9843,33,,,0,101,,9844,33,,,0,98,,9845,33,,,0,99,,9846,33,,,0,99,,9847,33,,,0,61,,9848,33,,,0
1901,'65040',600,,10299,22,0,10 55,0,49,,10298,22,,,0,75,,10297,22,,,0,20,,10296,22,,,0,100,,10295,22,,,0,100,,10294,22,,,0,104,,10293,22,,,0,100,,10292,22,,,0,96,,10291,22,,,0,100,,10290,22,,,0,97,,10289,22,,,0,81,,10288,22,,,0,80,,10287,22,,,0,30,,10286,22,,,0,74,,10285,22,,,0,29,,10284,22,,,0,84,,10283,22,,,0
5501,'65040',806,,10979,84,,,2,115,,10972,84,,,2,116,,10980,84,,,2,116,,10973,84,,,2,156,,10981,84,,,2,118,,10974,84,,,2,113,,10977,84,,,2,166,,10975,84,,,2,111,,10978,84,,,2
5501,'65041',901,,10989,84,,,2,110,,10988,84,,,2,110,,10987,84,,,2,111,,10986,84,,,2,110,,10985,84,,,2,110,,10984,84,,,2,149,,10982,84,,,2
5501,'65042',901,,10997,84,,,2,110,,10996,84,,,2,110,,10995,84,,,2,111,,10994,84,,,2,110,,10993,84,,,2,110,,10992,84,,,2,149,,10990,84,,,2
90700,'65040',633,,11508,27,,,0
