101,'65030',648,,4022,13,,,0,55,,4027,13,,,0,34,,4023,13,,,0,19,,4024,13,0,5 6,0,72,,4025,13,0,5 6,0,25,,4026,13,0,5 6,0,78,,4028,13,0,5 6,0,70,,4029,13,,,0,29,,4030,13,0,5 6,0,71,,4036,13,,,0,29,,4031,13,0,5 6,0,28,,4037,13,,,0,73,,4032,13,0,5 6,0,69,,4038,13,,,0,30,,4033,13,0,5 6,0,70,,4039,13,,,0,30,,4034,13,0,5 6,0,70,,4040,13,0,5 6,0,29,,4035,13,,,0,24,,4041,13,,,0,66,,4042,13,0,5 6,0,30,,4043,13,0,5 6,0,60,,4044,13,0,5 6,0,28,,4045,13,,,0,63,,4046,13,0,5 6,0,25,,4050,13,0,5 6,0,75,,4049,13,,,0,57,,4048,13,,,0,100,,4047,13,,,0,96,,4051,13,0,5 6,0
101,'65031',814,,4063,13,0,5 6,0,115,,4054,13,0,5 6,0,99,,4055,13,0,5 6,0,100,,4056,13,0,5 6,0,101,,4057,13,0,5 6,0,100,,4058,13,0,5 6,0,100,,4059,13,0,5 6,0,99,,4060,13,0,5 6,0,100,,4061,13,0,5 6,0,98,,4062,13,0,5 6,0,82,,4064,13,0,5 6,0
101,'65032',814,,4074,13,0,5 6,0,115,,4065,13,0,5 6,0,99,,4066,13,0,5 6,0,100,,4067,13,0,5 6,0,101,,4068,13,0,5 6,0,100,,4069,13,0,5 6,0,100,,4070,13,0,5 6,0,99,,4071,13,0,5 6,0,100,,4072,13,0,5 6,0,98,,4073,13,0,5 6,0,82,,4075,13,0,5 6,0
800,'65030',630,,5160,26,,,1,16,,5212,26,,,1,11,,5161,26,,,1,62,,5162,26,,,1,10,,5163,26,,,1,15,,5164,26,,,1,15,,5165,26,,,1,55,,5166,26,,,1,15,,5167,26,,,1,15,,5168,26,,,1,62,,5169,26,,,1,20,,5170,26,,,1,20,,5171,26,,,1,60,,5172,26,,,1,20,,5173,26,,,1,20,,5174,26,,,1,60,,5175,26,,,1,20,,5176,26,,,1,20,,5177,26,,,1,61,,5178,26,,,1,20,,5179,26,,,1,21,,5180,26,,,1,61,,5181,26,,,1,20,,5182,26,,,1,17,,5183,26,,,1,60,,5184,26,,,1,22,,5185,26,,,1,17,,5186,26,,,1,59,,5187,26,,,1,10,,5188,26,,,1,15,,5189,26,,,1,16,,5190,26,,,1,55,,5191,26,,,1,17,,5192,26,,,1,8,,5193,26,,,1,7,,5194,26,,,1,11,,5195,26,,,1,14,,5196,26,,,1,57,,5197,26,,,1,17,,5198,26,,,1,14,,5199,26,,,1,62,,5200,26,,,1,18,,5201,26,,,1,16,,5202,26,,,1,63,,5203,26,,,1,30,,5204,26,,,1,70,,5205,26,,,1,30,,5206,26,,,1,70,,5207,26,,,1,35,,5208,26,,,1,65,,5209,26,,,1,27,,5210,26,,,1,100,,5211,26,,,1
800,'65031',631,,5229,26,,,1,101,,5230,26,,,1,69,,5231,26,,,1,29,,5232,26,,,1,19,,5233,26,,,1,71,,5213,26,,,1,30,,5214,26,,,1,69,,5215,26,,,1,31,,5216,26,,,1,69,,5217,26,,,1,30,,5218,26,,,1,71,,5219,26,,,1,30,,5220,26,,,1,70,,5221,26,,,1,30,,5222,26,,,1,70,,5223,26,,,1,30,,5224,26,,,1,70,,5225,26,,,1,30,,5226,26,,,1,71,,5227,26,,,1,29,,5228,26,,,1,70,,5234,26,,,1,32,,5235,26,,,1,70,,5242,26,,,1,22,,5236,26,,,1,64,,5243,26,,,1,23,,5237,26,,,1,100,,5238,26,,,1,100,,5239,26,,,1,100,,5240,26,,,1,100,,5241,26,,,1
800,'65032',631,,5260,26,,,1,101,,5261,26,,,1,69,,5262,26,,,1,29,,5263,26,,,1,19,,5264,26,,,1,71,,5244,26,,,1,30,,5245,26,,,1,69,,5246,26,,,1,31,,5247,26,,,1,69,,5248,26,,,1,30,,5249,26,,,1,71,,5250,26,,,1,30,,5251,26,,,1,70,,5252,26,,,1,30,,5253,26,,,1,70,,5254,26,,,1,30,,5255,26,,,1,70,,5256,26,,,1,30,,5257,26,,,1,71,,5258,26,,,1,29,,5259,26,,,1,70,,5265,26,,,1,32,,5266,26,,,1,70,,5273,26,,,1,22,,5267,26,,,1,64,,5274,26,,,1,23,,5268,26,,,1,100,,5269,26,,,1,100,,5270,26,,,1,100,,5271,26,,,1,100,,5272,26,,,1
5700,'65030',933,,7321,47,,,0,105,,7322,47,,,0,120,,7323,47,,,0,145,,7324,47,,,0,120,,7325,47,,,0,105,,7326,47,,,0,120,,7327,47,,,0
5700,'65031',1139,,7333,47,,,0,113,,7332,47,,,0,102,,7331,47,,,0,152,,7330,47,,,0,102,,7329,47,,,0
5700,'65032',1139,,7339,47,,,0,113,,7338,47,,,0,102,,7337,47,,,0,152,,7336,47,,,0,102,,7335,47,,,0
90401,'65030',612,,7832,29,,,0,1703,,7833,29,,,0
90401,'65031',620,,7834,29,,,0,100,,7835,29,,,0,1197,,7836,29,,,0,100,,7837,29,,,0,100,,7838,29,,,0,100,,7839,29,,,0,100,,7840,29,,,0
90401,'65032',620,,7841,29,,,0,100,,7842,29,,,0,1197,,7843,29,,,0,100,,7844,29,,,0,100,,7845,29,,,0,100,,7846,29,,,0,100,,7847,29,,,0
