1101,'65040',618,,9472,10,0,54,0,20,,9436,10,,,0,74,,9437,10,,,0,28,,9459,10,0,54,0,75,,9438,10,,,0,18,,9460,10,0,54,0,71,,9461,10,0,54,0,27,,9439,10,,,0,70,,9462,10,0,54,0,30,,9440,10,,,0,80,,9463,10,0,54,0,20,,9441,10,,,0,99,,9442,10,,,0,102,,9443,10,,,0,99,,9444,10,,,0,69,,9445,10,,,0,30,,9446,10,,,0,29,,9447,10,,,0,71,,9448,10,,,0,71,,9449,10,,,0,16,,9475,10,0,54,0,15,,9450,10,,,0,71,,9451,10,,,0,30,,9467,10,0,54,0,69,,9452,10,,,0,100,,9453,10,,,0,44,,9471,10,0,54,0,66,,9454,10,,,0,100,,9455,10,,,0,106,,9456,10,,,0,35,,9474,10,0,54,0
1101,'65041',801,,9494,10,,,0,113,,9486,10,0,54,0,30,,9478,10,,,0,70,,9487,10,0,54,0,29,,9479,10,,,0,68,,9488,10,0,54,0,30,,9480,10,,,0,70,,9489,10,0,54,0,30,,9481,10,,,0,68,,9490,10,0,54,0,29,,9482,10,,,0,70,,9491,10,0,54,0,29,,9483,10,,,0,70,,9492,10,0,54,0,31,,9484,10,,,0,70,,9493,10,0,54,0,30,,9485,10,,,0,62,,9497,10,0,54,0,24,,9498,10,,,0,29,,9499,10,0,54,0,57,,9500,10,,,0,100,,9501,10,,,0,100,,9502,10,,,0,100,,9503,10,,,0,100,,9504,10,,,0,100,,9505,10,,,0,100,,9506,10,0,54,0
1101,'65042',801,,9524,10,,,0,113,,9516,10,0,54,0,30,,9508,10,,,0,70,,9517,10,0,54,0,29,,9509,10,,,0,68,,9518,10,0,54,0,30,,9510,10,,,0,70,,9519,10,0,54,0,30,,9511,10,,,0,68,,9520,10,0,54,0,29,,9512,10,,,0,70,,9521,10,0,54,0,29,,9513,10,,,0,70,,9522,10,0,54,0,31,,9514,10,,,0,70,,9523,10,0,54,0,30,,9515,10,,,0,62,,9527,10,0,54,0,24,,9528,10,,,0,29,,9529,10,0,54,0,57,,9530,10,,,0,100,,9531,10,,,0,100,,9532,10,,,0,100,,9533,10,,,0,100,,9534,10,,,0,100,,9535,10,,,0,100,,9536,10,0,54,0
1201,'65040',642,,9621,32,,,0,99,,9622,32,,,0,66,,9623,32,,,0,16,,9624,32,,,0,19,,9625,32,,,0,71,,9626,32,,,0,33,,9627,32,,,0,72,,9628,32,,,0,30,,9629,32,,,0,70,,9630,32,,,0,30,,9631,32,,,0,71,,9632,32,,,0,28,,9633,32,,,0,71,,9634,32,,,0,22,,9635,32,,,0,77,,9636,32,,,0,31,,9637,32,,,0,72,,9638,32,,,0,29,,9639,32,,,0,68,,9640,32,,,0,32,,9641,32,,,0,64,,9642,32,,,0,16,,9643,32,,,0,30,,9644,32,,,0,73,,9645,32,,,0,23,,9646,32,,,0,67,,9647,32,,,0,24,,9648,32,,,0,73,,9649,32,,,0,27,,9650,32,,,0,84,,9651,32,,,0,25,,9652,32,,,0,188,,9653,32,,,0
1201,'65041',748,,9662,32,,,0,97,,9663,32,,,0,91,,9676,32,,,0,71,,9668,32,,,0,30,,9654,32,,,0,71,,9669,32,,,0,30,,9655,32,,,0,71,,9670,32,,,0,30,,9656,32,,,0,71,,9671,32,,,0,29,,9657,32,,,0,70,,9672,32,,,0,29,,9658,32,,,0,71,,9673,32,,,0,29,,9659,32,,,0,71,,9674,32,,,0,29,,9660,32,,,0,70,,9677,32,,,0,29,,9661,32,,,0,69,,9664,32,,,0,39,,9675,32,,,0,102,,9665,32,,,0,101,,9666,32,,,0,100,,9667,32,,,0
1201,'65042',748,,9686,32,,,0,97,,9687,32,,,0,91,,9700,32,,,0,71,,9692,32,,,0,30,,9678,32,,,0,71,,9693,32,,,0,30,,9679,32,,,0,71,,9694,32,,,0,30,,9680,32,,,0,71,,9695,32,,,0,29,,9681,32,,,0,70,,9696,32,,,0,29,,9682,32,,,0,71,,9697,32,,,0,29,,9683,32,,,0,71,,9698,32,,,0,29,,9684,32,,,0,70,,9701,32,,,0,29,,9685,32,,,0,69,,9688,32,,,0,39,,9699,32,,,0,102,,9689,32,,,0,101,,9690,32,,,0,100,,9691,32,,,0
91201,'65040',2254,,11514,36,,,0,99,,11515,36,,,0
91201,'65041',2250,,11516,36,,,0,96,,11517,36,,,0
91201,'65042',2250,,11518,36,,,0,96,,11519,36,,,0
91301,'65040',2504,,11520,28,,,0
91301,'65041',2504,,11521,28,,,0
91301,'65042',2504,,11522,28,,,0
