700,'65030',647,,4944,46,,,0,77,,4946,46,,,0,24,,4947,46,,,0,63,,4949,54,,,0,8,,4950,46,,,0,17,,4952,46,,,0,17,,4954,54,,,0,55,,4955,46,,,0,27,,4963,46,,,0,66,,4970,46,,,0,38,,4964,46,,,0,62,,4971,46,,,0,38,,4965,46,,,0,63,,4972,46,,,0,39,,4966,46,,,0,63,,4973,54,,,0,38,,4967,46,,,0,60,,4974,54,,,0,38,,4968,46,,,0,63,,4975,46,,,0,19,,4962,46,,,0,22,,4969,46,,,0,63,,4976,54,,,0,22,,4977,46,,,0,78,,4978,46,,,0,20,,4979,54,,,0,74,,4980,46,,,0,24,,4981,54,,,0,25,,4982,54,,,0,60,,4983,54,,,0,27,,4984,46,,,0,74,,4985,46,,,0,25,,4986,46,,,0,74,,4987,54,,,0,25,,4988,46,,,0,74,,4989,54,,,0,36,,4990,46,,,0,100,,4991,54,,,0
700,'65031',743,,5010,46,,,0,101,,5011,54,,,0,101,,4992,54,,,0,91,,4993,46,,,0,102,,4994,46,,,0,102,,4995,46,,,0,100,,4996,46,,,0,101,,4997,46,,,0,100,,4998,46,,,0,301,,5014,54,,,0,104,,5015,54,,,0,100,,5016,54,,,0,100,,5017,54,,,0,100,,5018,54,,,0,98,,5019,54,,,0
700,'65032',743,,5038,46,,,0,101,,5039,54,,,0,101,,5020,54,,,0,91,,5021,46,,,0,102,,5022,46,,,0,102,,5023,46,,,0,100,,5024,46,,,0,101,,5025,46,,,0,100,,5026,46,,,0,301,,5042,54,,,0,104,,5043,54,,,0,100,,5044,54,,,0,100,,5045,54,,,0,100,,5046,54,,,0,98,,5047,54,,,0
701,'65030',1314,,5067,4,0,54,0,138,,5063,4,0,54,0,170,,5080,4,0,54,0,130,,5084,4,0,54,0
800,'65030',650,,5160,53,,,1,57,,5212,53,,,1,12,,5161,53,,,1,23,,5162,53,,,1,11,,5163,53,,,1,55,,5164,53,,,1,15,,5165,53,,,1,15,,5166,53,,,1,16,,5167,53,,,1,53,,5168,53,,,1,21,,5169,53,,,1,20,,5170,53,,,1,58,,5171,53,,,1,21,,5172,53,,,1,20,,5173,53,,,1,60,,5174,53,,,1,21,,5175,53,,,1,20,,5176,53,,,1,60,,5177,53,,,1,21,,5178,53,,,1,20,,5179,53,,,1,61,,5180,53,,,1,22,,5181,53,,,1,19,,5182,53,,,1,57,,5183,53,,,1,20,,5184,53,,,1,23,,5185,53,,,1,57,,5186,53,,,1,20,,5187,53,,,1,10,,5188,53,,,1,15,,5189,53,,,1,56,,5190,53,,,1,17,,5191,53,,,1,17,,5192,53,,,1,8,,5193,53,,,1,7,,5194,53,,,1,51,,5195,53,,,1,13,,5196,53,,,1,16,,5197,53,,,1,15,,5198,53,,,1,54,,5199,53,,,1,22,,5200,53,,,1,18,,5201,53,,,1,55,,5202,53,,,1,22,,5203,53,,,1,30,,5204,53,,,1,69,,5205,53,,,1,30,,5206,53,,,1,70,,5207,53,,,1,34,,5208,53,,,1,65,,5209,53,,,1,27,,5210,53,,,1,100,,5211,53,,,1
800,'65031',649,,5229,53,,,1,101,,5230,53,,,1,69,,5231,53,,,1,29,,5232,53,,,1,60,,5233,53,,,1,32,,5213,53,,,1,71,,5214,53,,,1,29,,5215,53,,,1,71,,5216,53,,,1,29,,5217,53,,,1,70,,5218,53,,,1,31,,5219,53,,,1,71,,5220,53,,,1,31,,5221,53,,,1,70,,5222,53,,,1,30,,5223,53,,,1,70,,5224,53,,,1,29,,5225,53,,,1,70,,5226,53,,,1,30,,5227,53,,,1,69,,5228,53,,,1,30,,5234,53,,,1,72,,5235,53,,,1,30,,5242,53,,,1,62,,5236,53,,,1,24,,5243,53,,,1,23,,5237,53,,,1,100,,5238,53,,,1,99,,5239,53,,,1,100,,5240,53,,,1,99,,5241,53,,,1
800,'65032',649,,5260,53,,,1,101,,5261,53,,,1,69,,5262,53,,,1,29,,5263,53,,,1,60,,5264,53,,,1,32,,5244,53,,,1,71,,5245,53,,,1,29,,5246,53,,,1,71,,5247,53,,,1,29,,5248,53,,,1,70,,5249,53,,,1,31,,5250,53,,,1,71,,5251,53,,,1,31,,5252,53,,,1,70,,5253,53,,,1,30,,5254,53,,,1,70,,5255,53,,,1,29,,5256,53,,,1,70,,5257,53,,,1,30,,5258,53,,,1,69,,5259,53,,,1,30,,5265,53,,,1,72,,5266,53,,,1,30,,5273,53,,,1,62,,5267,53,,,1,24,,5274,53,,,1,23,,5268,53,,,1,100,,5269,53,,,1,99,,5270,53,,,1,100,,5271,53,,,1,99,,5272,53,,,1
801,'65030',608,,5275,4,,,1,29,,5276,4,,,1,105,,5322,4,,,1,782,,5304,4,,,1,82,,5307,4,,,1
40100,'65030',645,,7359,9,,,0,70,,7360,9,,,0,29,,7361,9,,,0,70,,7362,9,,,0,31,,7363,9,,,0
45300,'65030',748,,7417,8,,,0,99,,7418,8,,,0,399,,7419,8,,,0,275,,7420,8,,,0,112,,7421,8,,,0,94,,7422,8,,,0,90,,7423,8,,,0
45400,'65030',649,,7430,7,,,0,69,,7431,7,,,0,22,,7432,7,,,0,72,,7433,7,,,0,36,,7434,7,,,0,697,,7435,7,,,0
45401,'65030',1511,,7436,4,,,0,29,,7437,4,,,0,67,,7438,4,,,0,40,,7439,4,,,0,64,,7440,4,,,0
90801,'65030',2421,,7849,4,,,0
90801,'65031',2421,,7850,4,,,0
90801,'65032',2421,,7851,4,,,0
