101,'65040',701,,7964,27,,,0,20,,7965,27,,,0,22,,7966,27,,,0,189,,7967,27,,,0,100,,7968,27,,,0,100,,7969,27,,,0,99,,7970,27,,,0,100,,7971,27,,,0,100,,7972,27,,,0,176,,7973,27,,,0,142,,7976,27,,,0,261,,7975,27,,,0,105,,7974,27,,,0,122,,7987,4,,,0,100,,7988,4,,,0
301,'65040',555,,8244,25,,,0,68,,8245,25,,,0,16,,8246,25,,,0,64,,8247,25,,,0,15,,8251,25,,,0,15,,8248,25,,,0,15,,8249,25,,,0,55,,8250,25,,,0,17,,8252,25,,,0,13,,8260,25,,,0,21,,8253,25,,,0,60,,8254,25,,,0,19,,8255,25,,,0,21,,8256,25,,,0,59,,8257,25,,,0,22,,8258,25,,,0,20,,8259,25,,,0,59,,8261,25,,,0,20,,8262,25,,,0,21,,8263,25,,,0,60,,8264,25,,,0,20,,8265,25,,,0,21,,8266,25,,,0,60,,8267,25,,,0,20,,8268,25,,,0,20,,8269,25,,,0,59,,8270,25,,,0,21,,8271,25,,,0,19,,8272,25,,,0,53,,8294,25,,,0,16,,8273,25,,,0,17,,8274,25,,,0,12,,8275,25,,,0,56,,8276,25,,,0,14,,8277,25,,,0,15,,8278,25,,,0,15,,8279,25,,,0,55,,8293,25,,,0,15,,8280,25,,,0,16,,8281,25,,,0,19,,8282,25,,,0,56,,8283,25,,,0,29,,8284,25,,,0,15,,8285,25,,,0,70,,8286,25,,,0,30,,8287,25,,,0,70,,8288,25,,,0,73,,8289,25,,,0,27,,8290,25,,,0,30,,8295,25,,,0,65,,8291,25,,,0,100,,8292,25,,,0
301,'65041',627,,8313,25,,,0,30,,8314,25,,,0,72,,8315,25,,,0,29,,8316,25,,,0,69,,8317,25,,,0,25,,8312,25,,,0,69,,8296,25,,,0,30,,8297,25,,,0,70,,8298,25,,,0,30,,8299,25,,,0,70,,8300,25,,,0,30,,8301,25,,,0,70,,8302,25,,,0,30,,8303,25,,,0,70,,8304,25,,,0,30,,8305,25,,,0,70,,8306,25,,,0,31,,8307,25,,,0,69,,8308,25,,,0,32,,8309,25,,,0,70,,8310,25,,,0,30,,8311,25,,,0,70,,8318,25,,,0,30,,8319,25,,,0,71,,8320,25,,,0,34,,8326,25,,,0,70,,8321,25,,,0,30,,8327,25,,,0,70,,8322,25,,,0,100,,8323,25,,,0,100,,8324,25,,,0,100,,8325,25,,,0
301,'65042',627,,8345,25,,,0,30,,8346,25,,,0,72,,8347,25,,,0,29,,8348,25,,,0,69,,8349,25,,,0,25,,8344,25,,,0,69,,8328,25,,,0,30,,8329,25,,,0,70,,8330,25,,,0,30,,8331,25,,,0,70,,8332,25,,,0,30,,8333,25,,,0,70,,8334,25,,,0,30,,8335,25,,,0,70,,8336,25,,,0,30,,8337,25,,,0,70,,8338,25,,,0,31,,8339,25,,,0,69,,8340,25,,,0,32,,8341,25,,,0,70,,8342,25,,,0,30,,8343,25,,,0,70,,8350,25,,,0,30,,8351,25,,,0,71,,8352,25,,,0,34,,8358,25,,,0,70,,8353,25,,,0,30,,8359,25,,,0,70,,8354,25,,,0,100,,8355,25,,,0,100,,8356,25,,,0,100,,8357,25,,,0
701,'65040',627,,8907,4,0,54,0,79,,8908,4,0,54,0,16,,8916,17,0,54,0,23,,8917,17,0,54,0,57,,8918,17,,,0,20,,8919,17,,,0,20,,8920,17,0,54,0,66,,8921,17,0,54,0,26,,8922,17,0,54,0,15,,8923,17,0,54,0,63,,8924,17,,,0,25,,8925,17,0,54,0,15,,8909,4,,,0,67,,8926,17,0,54,0,23,,8927,17,0,54,0,9,,8910,4,,,0,69,,8928,17,0,54,0,21,,8929,17,0,54,0,9,,8911,4,,,0,69,,8930,17,0,54,0,21,,8931,17,0,54,0,12,,8912,4,,,0,62,,8932,17,0,54,0,21,,8933,17,0,54,0,19,,8913,4,0,54,0,55,,8934,17,0,54,0,18,,8935,17,0,54,0,30,,8936,17,,,0,55,,8937,17,,,0,15,,8938,17,0,54,0,29,,8939,17,0,54,0,56,,8914,4,,,0,16,,8940,17,0,54,0,74,,8941,17,0,54,0,28,,8942,17,0,54,0,71,,8943,17,0,54,0,36,,8944,17,0,54,0,65,,8945,17,0,54,0,31,,8946,17,0,54,0,68,,8947,17,,,0,30,,8948,17,0,54,0,70,,8949,17,0,54,0,36,,8950,17,,,0,100,,8952,17,0,54,0,115,,8915,4,0,54,0
701,'65041',729,,8970,4,,,0,76,,8981,17,0,54,0,31,,8980,4,0,54,0,70,,8969,17,0,54,0,28,,8961,4,0,54,0,70,,8953,17,0,54,0,28,,8962,4,0,54,0,70,,8954,17,0,54,0,29,,8963,4,0,54,0,70,,8955,17,0,54,0,30,,8964,4,0,54,0,70,,8956,17,0,54,0,30,,8965,4,0,54,0,70,,8957,17,0,54,0,30,,8966,4,0,54,0,70,,8958,17,0,54,0,30,,8967,4,0,54,0,70,,8959,17,0,54,0,30,,8968,4,0,54,0,70,,8960,4,0,54,0,31,,8971,4,,,0,71,,8972,4,0,54,0,38,,8979,4,0,54,0,89,,8982,17,,,0,102,,8973,17,,,0,100,,8974,17,,,0,100,,8975,17,,,0,100,,8976,17,0,54,0,120,,8977,4,0,54,0
701,'65042',729,,9000,4,,,0,76,,9011,17,0,54,0,31,,9010,4,0,54,0,70,,8999,17,0,54,0,28,,8991,4,0,54,0,70,,8983,17,0,54,0,28,,8992,4,0,54,0,70,,8984,17,0,54,0,29,,8993,4,0,54,0,70,,8985,17,0,54,0,30,,8994,4,0,54,0,70,,8986,17,0,54,0,30,,8995,4,0,54,0,70,,8987,17,0,54,0,30,,8996,4,0,54,0,70,,8988,17,0,54,0,30,,8997,4,0,54,0,70,,8989,17,0,54,0,30,,8998,4,0,54,0,70,,8990,4,0,54,0,31,,9001,4,,,0,71,,9002,4,0,54,0,38,,9009,4,0,54,0,89,,9012,17,,,0,102,,9003,17,,,0,100,,9004,17,,,0,100,,9005,17,,,0,100,,9006,17,0,54,0,120,,9007,4,0,54,0
1201,'65040',624,,9621,4,,,0,99,,9622,4,,,0,25,,9623,4,,,0,55,,9624,4,,,0,19,,9625,4,,,0,31,,9626,4,,,0,73,,9627,4,,,0,32,,9628,4,,,0,70,,9629,4,,,0,30,,9630,4,,,0,70,,9631,4,,,0,31,,9632,4,,,0,69,,9633,4,,,0,31,,9634,4,,,0,61,,9635,4,,,0,37,,9636,4,,,0,71,,9637,4,,,0,30,,9638,4,,,0,69,,9639,4,,,0,28,,9640,4,,,0,73,,9641,4,,,0,24,,9642,4,,,0,56,,9643,4,,,0,31,,9644,4,,,0,73,,9645,4,,,0,25,,9646,4,,,0,67,,9647,4,,,0,24,,9648,4,,,0,73,,9649,4,,,0,27,,9650,4,,,0,85,,9651,4,,,0,25,,9652,4,,,0,188,,9653,4,,,0
1201,'65041',732,,9662,4,,,0,96,,9663,4,,,0,91,,9676,4,,,0,30,,9668,4,,,0,70,,9654,4,,,0,30,,9669,4,,,0,70,,9655,4,,,0,30,,9670,4,,,0,70,,9656,4,,,0,31,,9671,4,,,0,69,,9657,4,,,0,31,,9672,4,,,0,69,,9658,4,,,0,31,,9673,4,,,0,69,,9659,4,,,0,31,,9674,4,,,0,69,,9660,4,,,0,30,,9677,4,,,0,70,,9661,4,,,0,29,,9664,4,,,0,79,,9675,4,,,0,103,,9665,4,,,0,101,,9666,4,,,0,100,,9667,4,,,0
1201,'65042',732,,9686,4,,,0,96,,9687,4,,,0,91,,9700,4,,,0,30,,9692,4,,,0,70,,9678,4,,,0,30,,9693,4,,,0,70,,9679,4,,,0,30,,9694,4,,,0,70,,9680,4,,,0,31,,9695,4,,,0,69,,9681,4,,,0,31,,9696,4,,,0,69,,9682,4,,,0,31,,9697,4,,,0,69,,9683,4,,,0,31,,9698,4,,,0,69,,9684,4,,,0,30,,9701,4,,,0,70,,9685,4,,,0,29,,9688,4,,,0,79,,9699,4,,,0,103,,9689,4,,,0,101,,9690,4,,,0,100,,9691,4,,,0
1401,'65040',540,,9776,4,,,0,98,,9777,4,,,0,87,,9778,4,,,0,11,,9812,4,,,0,14,,9779,4,,,0,68,,9780,4,,,0,25,,9781,4,,,0,57,,9782,4,,,0,18,,9783,4,,,0,35,,9784,4,,,0,65,,9785,4,,,0,39,,9786,4,,,0,61,,9787,4,,,0,36,,9788,4,,,0,63,,9789,4,,,0,36,,9790,4,,,0,65,,9791,4,,,0,37,,9792,4,,,0,57,,9793,4,,,0,20,,9813,4,,,0,20,,9794,4,,,0,65,,9795,4,,,0,25,,9796,4,,,0,66,,9797,4,,,0,30,,9798,4,,,0,71,,9799,4,,,0,14,,9800,4,,,0,21,,9801,4,,,0,74,,9802,4,,,0,22,,9803,4,,,0,84,,9804,4,,,0,81,,9805,4,,,0,23,,9806,4,,,0,77,,9807,4,,,0,33,,9808,4,,,0,98,,9809,4,,,0,100,,9810,4,,,0,17,,9811,4,,,0
1401,'65041',732,,9821,4,,,0,95,,9822,4,,,0,96,,9814,4,,,0,28,,9815,4,,,0,100,,9816,4,,,0,99,,9817,4,,,0,99,,9830,4,,,0,98,,9818,4,,,0,100,,9819,4,,,0,101,,9820,4,,,0,100,,9832,4,,,0,99,,9831,4,,,0,79,,9823,4,,,0,105,,9824,4,,,0,101,,9825,4,,,0,100,,9826,4,,,0,100,,9827,4,,,0,100,,9828,4,,,0,21,,9829,4,,,0
1401,'65042',732,,9840,4,,,0,95,,9841,4,,,0,96,,9833,4,,,0,28,,9834,4,,,0,100,,9835,4,,,0,99,,9836,4,,,0,99,,9849,4,,,0,98,,9837,4,,,0,100,,9838,4,,,0,101,,9839,4,,,0,100,,9851,4,,,0,99,,9850,4,,,0,79,,9842,4,,,0,105,,9843,4,,,0,101,,9844,4,,,0,100,,9845,4,,,0,100,,9846,4,,,0,100,,9847,4,,,0,21,,9848,4,,,0
1901,'65040',552,,10299,4,0,10 55,0,87,,10298,4,,,0,74,,10297,4,,,0,20,,10296,4,,,0,97,,10295,4,,,0,102,,10294,4,,,0,103,,10293,4,,,0,100,,10292,4,,,0,96,,10291,4,,,0,100,,10290,4,,,0,97,,10289,4,,,0,81,,10288,4,,,0,40,,10287,4,,,0,70,,10286,4,,,0,34,,10285,4,,,0,69,,10284,4,,,0,85,,10283,4,,,0
91201,'65040',2236,,11514,4,,,0,100,,11515,4,,,0
91201,'65041',2231,,11516,4,,,0,97,,11517,4,,,0
91201,'65042',2231,,11518,4,,,0,97,,11519,4,,,0
91301,'65040',2452,,11520,4,,,0
91301,'65041',2452,,11521,4,,,0
91301,'65042',2452,,11522,4,,,0
