100,'65040',635,,7918,3,,,0,80,,7919,3,,,0,20,,7920,3,,,0,74,,7921,3,,,0,94,,7922,29,,,0,100,,7923,29,,,0,100,,7924,29,,,0,99,,7925,29,,,0,100,,7926,29,,,0,100,,7927,29,,,0,38,,7936,3,,,0,70,,7937,3,,,0,26,,7938,3,,,0,73,,7939,3,,,0,27,,7940,3,,,0,20,,7928,29,,,0,66,,7929,29,,,0,31,,7930,29,,,0,105,,7941,3,,,0,87,,7931,29,,,0,105,,7932,29,,,0,89,,7933,29,,,0
100,'65041',922,,7942,3,,,0,100,,7943,3,,,0,100,,7944,3,,,0,99,,7945,3,,,0,99,,7946,3,,,0,99,,7947,3,,,0,101,,7948,3,,,0,102,,7949,3,,,0,82,,7950,3,,,0,55,,7952,3,,,0
100,'65042',922,,7953,3,,,0,100,,7954,3,,,0,100,,7955,3,,,0,99,,7956,3,,,0,99,,7957,3,,,0,99,,7958,3,,,0,101,,7959,3,,,0,102,,7960,3,,,0,82,,7961,3,,,0,55,,7963,3,,,0
101,'65040',700,,7964,26,,,0,20,,7965,26,,,0,22,,7966,26,,,0,189,,7967,26,,,0,100,,7968,26,,,0,100,,7969,26,,,0,99,,7970,26,,,0,100,,7971,26,,,0,100,,7972,26,,,0,176,,7973,26,,,0,142,,7976,26,,,0,261,,7975,26,,,0,105,,7974,26,,,0,122,,7987,3,,,0,100,,7988,3,,,0
301,'65040',554,,8244,24,,,0,68,,8245,24,,,0,16,,8246,24,,,0,64,,8247,24,,,0,15,,8251,24,,,0,15,,8248,24,,,0,15,,8249,24,,,0,55,,8250,24,,,0,17,,8252,24,,,0,13,,8260,24,,,0,21,,8253,24,,,0,60,,8254,24,,,0,19,,8255,24,,,0,21,,8256,24,,,0,59,,8257,24,,,0,22,,8258,24,,,0,20,,8259,24,,,0,59,,8261,24,,,0,20,,8262,24,,,0,21,,8263,24,,,0,60,,8264,24,,,0,20,,8265,24,,,0,21,,8266,24,,,0,60,,8267,24,,,0,20,,8268,24,,,0,20,,8269,24,,,0,59,,8270,24,,,0,21,,8271,24,,,0,19,,8272,24,,,0,53,,8294,24,,,0,16,,8273,24,,,0,17,,8274,24,,,0,12,,8275,24,,,0,56,,8276,24,,,0,14,,8277,24,,,0,15,,8278,24,,,0,15,,8279,24,,,0,55,,8293,24,,,0,15,,8280,24,,,0,16,,8281,24,,,0,19,,8282,24,,,0,56,,8283,24,,,0,29,,8284,24,,,0,15,,8285,24,,,0,70,,8286,24,,,0,30,,8287,24,,,0,70,,8288,24,,,0,73,,8289,24,,,0,27,,8290,24,,,0,30,,8295,24,,,0,65,,8291,24,,,0,100,,8292,24,,,0
301,'65041',626,,8313,24,,,0,30,,8314,24,,,0,72,,8315,24,,,0,29,,8316,24,,,0,69,,8317,24,,,0,25,,8312,24,,,0,69,,8296,24,,,0,30,,8297,24,,,0,70,,8298,24,,,0,30,,8299,24,,,0,70,,8300,24,,,0,30,,8301,24,,,0,70,,8302,24,,,0,30,,8303,24,,,0,70,,8304,24,,,0,30,,8305,24,,,0,70,,8306,24,,,0,31,,8307,24,,,0,69,,8308,24,,,0,32,,8309,24,,,0,70,,8310,24,,,0,30,,8311,24,,,0,70,,8318,24,,,0,30,,8319,24,,,0,71,,8320,24,,,0,34,,8326,24,,,0,70,,8321,24,,,0,30,,8327,24,,,0,70,,8322,24,,,0,100,,8323,24,,,0,100,,8324,24,,,0,100,,8325,24,,,0
301,'65042',626,,8345,24,,,0,30,,8346,24,,,0,72,,8347,24,,,0,29,,8348,24,,,0,69,,8349,24,,,0,25,,8344,24,,,0,69,,8328,24,,,0,30,,8329,24,,,0,70,,8330,24,,,0,30,,8331,24,,,0,70,,8332,24,,,0,30,,8333,24,,,0,70,,8334,24,,,0,30,,8335,24,,,0,70,,8336,24,,,0,30,,8337,24,,,0,70,,8338,24,,,0,31,,8339,24,,,0,69,,8340,24,,,0,32,,8341,24,,,0,70,,8342,24,,,0,30,,8343,24,,,0,70,,8350,24,,,0,30,,8351,24,,,0,71,,8352,24,,,0,34,,8358,24,,,0,70,,8353,24,,,0,30,,8359,24,,,0,70,,8354,24,,,0,100,,8355,24,,,0,100,,8356,24,,,0,100,,8357,24,,,0
400,'65040',640,,8360,3,,,0,14,,8361,24,,,0,75,,8362,3,,,0,74,,8363,3,,,0,22,,8364,24,,,0,34,,8365,24,,,0,91,,8366,24,,,0,100,,8367,24,,,0,100,,8368,24,,,0,99,,8369,24,,,0,80,,8370,24,,,0,106,,8371,24,,,0,24,,8372,24,,,0,70,,8373,24,,,0,30,,8374,24,,,0,70,,8375,24,,,0,19,,8376,24,,,0,71,,8377,24,,,0,35,,8378,24,,,0,81,,8379,24,,,0,85,,8380,24,,,0,29,,8381,24,,,0,71,,8382,24,,,0,33,,8383,24,,,0,91,,8384,24,,,0
400,'65041',829,,8427,24,,,0,85,,8408,24,,,0,101,,8409,24,,,0,100,,8410,24,,,0,100,,8411,24,,,0,100,,8412,24,,,0,100,,8413,24,,,0,100,,8414,24,,,0,100,,8415,24,,,0,100,,8425,24,,,0,21,,8417,24,,,0,22,,8418,24,,,0,82,,8419,24,,,0
400,'65042',829,,8455,24,,,0,85,,8436,24,,,0,101,,8437,24,,,0,100,,8438,24,,,0,100,,8439,24,,,0,100,,8440,24,,,0,100,,8441,24,,,0,100,,8442,24,,,0,100,,8443,24,,,0,100,,8453,24,,,0,21,,8445,24,,,0,22,,8446,24,,,0,82,,8447,24,,,0
701,'65040',626,,8907,3,0,54,0,79,,8908,3,0,54,0,16,,8916,16,0,54,0,23,,8917,16,0,54,0,57,,8918,16,,,0,20,,8919,16,,,0,20,,8920,16,0,54,0,66,,8921,16,0,54,0,26,,8922,16,0,54,0,15,,8923,16,0,54,0,63,,8924,16,,,0,25,,8925,16,0,54,0,15,,8909,3,,,0,67,,8926,16,0,54,0,23,,8927,16,0,54,0,9,,8910,3,,,0,69,,8928,16,0,54,0,21,,8929,16,0,54,0,9,,8911,3,,,0,69,,8930,16,0,54,0,21,,8931,16,0,54,0,12,,8912,3,,,0,62,,8932,16,0,54,0,21,,8933,16,0,54,0,19,,8913,3,0,54,0,55,,8934,16,0,54,0,18,,8935,16,0,54,0,30,,8936,16,,,0,55,,8937,16,,,0,15,,8938,16,0,54,0,29,,8939,16,0,54,0,56,,8914,3,,,0,16,,8940,16,0,54,0,74,,8941,16,0,54,0,28,,8942,16,0,54,0,71,,8943,16,0,54,0,36,,8944,16,0,54,0,65,,8945,16,0,54,0,31,,8946,16,0,54,0,68,,8947,16,,,0,30,,8948,16,0,54,0,70,,8949,16,0,54,0,36,,8950,16,,,0,100,,8952,16,0,54,0,115,,8915,3,0,54,0
701,'65041',728,,8970,3,,,0,76,,8981,16,0,54,0,31,,8980,3,0,54,0,70,,8969,16,0,54,0,28,,8961,3,0,54,0,70,,8953,16,0,54,0,28,,8962,3,0,54,0,70,,8954,16,0,54,0,29,,8963,3,0,54,0,70,,8955,16,0,54,0,30,,8964,3,0,54,0,70,,8956,16,0,54,0,30,,8965,3,0,54,0,70,,8957,16,0,54,0,30,,8966,3,0,54,0,70,,8958,16,0,54,0,30,,8967,3,0,54,0,70,,8959,16,0,54,0,30,,8968,3,0,54,0,70,,8960,3,0,54,0,31,,8971,3,,,0,71,,8972,3,0,54,0,38,,8979,3,0,54,0,89,,8982,16,,,0,102,,8973,16,,,0,100,,8974,16,,,0,100,,8975,16,,,0,100,,8976,16,0,54,0,120,,8977,3,0,54,0
701,'65042',728,,9000,3,,,0,76,,9011,16,0,54,0,31,,9010,3,0,54,0,70,,8999,16,0,54,0,28,,8991,3,0,54,0,70,,8983,16,0,54,0,28,,8992,3,0,54,0,70,,8984,16,0,54,0,29,,8993,3,0,54,0,70,,8985,16,0,54,0,30,,8994,3,0,54,0,70,,8986,16,0,54,0,30,,8995,3,0,54,0,70,,8987,16,0,54,0,30,,8996,3,0,54,0,70,,8988,16,0,54,0,30,,8997,3,0,54,0,70,,8989,16,0,54,0,30,,8998,3,0,54,0,70,,8990,3,0,54,0,31,,9001,3,,,0,71,,9002,3,0,54,0,38,,9009,3,0,54,0,89,,9012,16,,,0,102,,9003,16,,,0,100,,9004,16,,,0,100,,9005,16,,,0,100,,9006,16,0,54,0,120,,9007,3,0,54,0
900,'65040',641,,9250,3,,,0,92,,9236,28,,,0,69,,9251,3,,,0,44,,9237,28,,,0,100,,9238,28,,,0,100,,9239,28,,,0,100,,9240,28,,,0,71,,9241,28,,,0,101,,9242,28,,,0,100,,9243,28,,,0,30,,9244,28,,,0,68,,9245,28,,,0,31,,9252,3,,,0,71,,9253,3,,,0,32,,9246,28,,,0,66,,9254,3,,,0,31,,9247,28,,,0,99,,9248,28,,,0,85,,9249,28,,,0,100,,9255,3,,,0,24,,9256,3,,,0,90,,9257,3,,,0,101,,9258,3,0,7 8 1 9,0
900,'65041',844,,9267,3,,,0,99,,9259,3,,,0,101,,9260,28,,,0,101,,9261,28,,,0,100,,9262,28,,,0,100,,9263,28,,,0,100,,9264,28,,,0,101,,9265,28,,,0,100,,9266,28,,,0,154,,9268,3,,,0,54,,9269,3,,,0,89,,9270,3,,,0,100,,9271,3,,,0,100,,9272,3,,,0,101,,9273,3,,,0
900,'65042',844,,9282,3,,,0,99,,9274,3,,,0,101,,9275,28,,,0,101,,9276,28,,,0,100,,9277,28,,,0,100,,9278,28,,,0,100,,9279,28,,,0,101,,9280,28,,,0,100,,9281,28,,,0,154,,9283,3,,,0,54,,9284,3,,,0,89,,9285,3,,,0,100,,9286,3,,,0,100,,9287,3,,,0,101,,9288,3,,,0
1201,'65040',623,,9621,3,,,0,99,,9622,3,,,0,25,,9623,3,,,0,55,,9624,3,,,0,19,,9625,3,,,0,31,,9626,3,,,0,73,,9627,3,,,0,32,,9628,3,,,0,70,,9629,3,,,0,30,,9630,3,,,0,70,,9631,3,,,0,31,,9632,3,,,0,69,,9633,3,,,0,31,,9634,3,,,0,61,,9635,3,,,0,37,,9636,3,,,0,71,,9637,3,,,0,30,,9638,3,,,0,69,,9639,3,,,0,28,,9640,3,,,0,73,,9641,3,,,0,24,,9642,3,,,0,56,,9643,3,,,0,31,,9644,3,,,0,73,,9645,3,,,0,25,,9646,3,,,0,67,,9647,3,,,0,24,,9648,3,,,0,73,,9649,3,,,0,27,,9650,3,,,0,85,,9651,3,,,0,25,,9652,3,,,0,188,,9653,3,,,0
1201,'65041',731,,9662,3,,,0,96,,9663,3,,,0,91,,9676,3,,,0,30,,9668,3,,,0,70,,9654,3,,,0,30,,9669,3,,,0,70,,9655,3,,,0,30,,9670,3,,,0,70,,9656,3,,,0,31,,9671,3,,,0,69,,9657,3,,,0,31,,9672,3,,,0,69,,9658,3,,,0,31,,9673,3,,,0,69,,9659,3,,,0,31,,9674,3,,,0,69,,9660,3,,,0,30,,9677,3,,,0,70,,9661,3,,,0,29,,9664,3,,,0,79,,9675,3,,,0,103,,9665,3,,,0,101,,9666,3,,,0,100,,9667,3,,,0
1201,'65042',731,,9686,3,,,0,96,,9687,3,,,0,91,,9700,3,,,0,30,,9692,3,,,0,70,,9678,3,,,0,30,,9693,3,,,0,70,,9679,3,,,0,30,,9694,3,,,0,70,,9680,3,,,0,31,,9695,3,,,0,69,,9681,3,,,0,31,,9696,3,,,0,69,,9682,3,,,0,31,,9697,3,,,0,69,,9683,3,,,0,31,,9698,3,,,0,69,,9684,3,,,0,30,,9701,3,,,0,70,,9685,3,,,0,29,,9688,3,,,0,79,,9699,3,,,0,103,,9689,3,,,0,101,,9690,3,,,0,100,,9691,3,,,0
1401,'65040',539,,9776,3,,,0,98,,9777,3,,,0,87,,9778,3,,,0,11,,9812,3,,,0,14,,9779,3,,,0,68,,9780,3,,,0,25,,9781,3,,,0,17,,9782,3,,,0,58,,9783,3,,,0,35,,9784,3,,,0,65,,9785,3,,,0,39,,9786,3,,,0,61,,9787,3,,,0,36,,9788,3,,,0,63,,9789,3,,,0,36,,9790,3,,,0,65,,9791,3,,,0,37,,9792,3,,,0,57,,9793,3,,,0,20,,9813,3,,,0,20,,9794,3,,,0,65,,9795,3,,,0,25,,9796,3,,,0,66,,9797,3,,,0,30,,9798,3,,,0,71,,9799,3,,,0,14,,9800,3,,,0,21,,9801,3,,,0,74,,9802,3,,,0,22,,9803,3,,,0,84,,9804,3,,,0,81,,9805,3,,,0,23,,9806,3,,,0,77,,9807,3,,,0,33,,9808,3,,,0,98,,9809,3,,,0,100,,9810,3,,,0,17,,9811,3,,,0
1401,'65041',731,,9821,3,,,0,95,,9822,3,,,0,96,,9814,3,,,0,28,,9815,3,,,0,100,,9816,3,,,0,99,,9817,3,,,0,99,,9830,3,,,0,98,,9818,3,,,0,100,,9819,3,,,0,101,,9820,3,,,0,100,,9832,3,,,0,99,,9831,3,,,0,79,,9823,3,,,0,105,,9824,3,,,0,101,,9825,3,,,0,100,,9826,3,,,0,100,,9827,3,,,0,100,,9828,3,,,0,21,,9829,3,,,0
1401,'65042',731,,9840,3,,,0,95,,9841,3,,,0,96,,9833,3,,,0,28,,9834,3,,,0,100,,9835,3,,,0,99,,9836,3,,,0,99,,9849,3,,,0,98,,9837,3,,,0,100,,9838,3,,,0,101,,9839,3,,,0,100,,9851,3,,,0,99,,9850,3,,,0,79,,9842,3,,,0,105,,9843,3,,,0,101,,9844,3,,,0,100,,9845,3,,,0,100,,9846,3,,,0,100,,9847,3,,,0,21,,9848,3,,,0
1901,'65040',551,,10299,3,0,10 55,0,87,,10298,3,,,0,74,,10297,3,,,0,20,,10296,3,,,0,97,,10295,3,,,0,102,,10294,3,,,0,103,,10293,3,,,0,100,,10292,3,,,0,96,,10291,3,,,0,100,,10290,3,,,0,97,,10289,3,,,0,81,,10288,3,,,0,40,,10287,3,,,0,70,,10286,3,,,0,34,,10285,3,,,0,69,,10284,3,,,0,85,,10283,3,,,0
5500,'65040',807,,10946,80,,,2,118,,10952,80,,,2,111,,10948,80,,,2,115,,10955,80,,,2,159,,10949,80,,,2,114,,10953,80,,,2,122,,10950,80,,,2,157,,10954,80,,,2,116,,10947,80,,,2
5500,'65041',900,,10961,80,,,2,111,,10963,80,,,2,111,,10962,80,,,2,110,,10960,80,,,2,113,,10959,80,,,2,110,,10958,80,,,2,153,,10957,80,,,2
5500,'65042',900,,10969,80,,,2,111,,10971,80,,,2,111,,10970,80,,,2,110,,10968,80,,,2,113,,10967,80,,,2,110,,10966,80,,,2,153,,10965,80,,,2
90400,'65040',2210,,11474,3,0,7 8 1 9,0,28,,11475,3,0,7 8 1 9,0,100,,11476,3,0,7 8 1 9,0,106,,11477,3,,,0
90400,'65041',732,,11484,3,0,7 8 1 9,0,1201,,11483,3,0,7 8 1 9,0,101,,11479,3,0,7 8 1 9,0,101,,11481,3,0,7 8 1 9,0,100,,11480,3,0,7 8 1 9,0,98,,11482,3,0,7 8 1 9,0,112,,11478,3,,,0
90400,'65042',732,,11491,3,0,7 8 1 9,0,1201,,11490,3,0,7 8 1 9,0,101,,11486,3,0,7 8 1 9,0,101,,11488,3,0,7 8 1 9,0,100,,11487,3,0,7 8 1 9,0,98,,11489,3,0,7 8 1 9,0,112,,11485,3,,,0
91201,'65040',2235,,11514,3,,,0,100,,11515,3,,,0
91201,'65041',2230,,11516,3,,,0,97,,11517,3,,,0
91201,'65042',2230,,11518,3,,,0,97,,11519,3,,,0
91301,'65040',2451,,11520,3,,,0
91301,'65041',2451,,11521,3,,,0
91301,'65042',2451,,11522,3,,,0
2400080000,'65040',630,,11542,11,,,1,26,,11546,11,,,1,67,,11540,11,,,1,26,,11541,11,,,1,61,,11545,11,,,1,24,,11543,11,,,1,22,,11547,11,,,1,55,,11552,11,,,1,20,,11549,11,,,1,70,,11548,11,,,1,30,,11551,11,,,1,71,,11544,11,,,1,31,,11550,11,,,1,71,,11555,11,,,1,30,,11554,11,,,1,70,,11562,11,,,1,30,,11556,11,,,1,70,,11557,11,,,1,31,,11560,11,,,1,65,,11553,11,,,1,35,,11563,11,,,1,22,,11558,11,,,1,60,,11561,11,,,1,20,,11569,11,,,1,20,,11559,11,,,1,60,,11564,11,,,1,20,,11566,11,,,1,18,,11565,11,,,1,60,,11567,11,,,1,22,,11568,11,,,1
2400080001,'65040',614,,11573,6,,,1,25,,11571,6,,,1,70,,11570,6,,,1,15,,11576,6,,,1,18,,11591,6,,,1,58,,11572,6,,,1,20,,11580,6,,,1,30,,11578,6,,,1,60,,11581,6,,,1,32,,11579,6,,,1,69,,11577,6,,,1,30,,11574,6,,,1,70,,11575,6,,,1,30,,11586,6,,,1,70,,11583,6,,,1,31,,11588,6,,,1,70,,11592,6,,,1,30,,11587,6,,,1,70,,11589,6,,,1,28,,11590,6,,,1,72,,11593,6,,,1,25,,11582,6,,,1,15,,11594,6,,,1,60,,11584,6,,,1,20,,11585,6,,,1,20,,11596,6,,,1,59,,11598,6,,,1,20,,11595,6,,,1,20,,11597,6,,,1,65,,11599,6,,,1
