100,'65030',859,,3974,12,,,0,98,,3975,12,,,0,99,,3976,12,,,0,100,,3977,12,,,0,99,,3978,12,,,0,100,,3979,12,,,0,269,,3991,12,,,0,29,,3992,12,,,0,71,,3993,12,,,0,27,,3994,12,,,0,176,,3995,12,,,0,101,,3996,12,,,0,92,,3997,12,,,0,94,,3998,12,0,5 6,0,101,,3999,12,0,5 6,0
100,'65031',1720,,4009,12,0,5 6,0
100,'65032',1720,,4020,12,0,5 6,0
300,'65030',613,,4213,27,,,0,15,,4269,27,,,0,15,,4214,27,,,0,15,,4215,27,,,0,54,,4216,27,,,0,10,,4217,27,,,0,9,,4218,27,,,0,5,,4219,27,,,0,8,,4220,27,,,0,9,,4221,27,,,0,50,,4222,27,,,0,17,,4223,27,,,0,16,,4224,27,,,0,16,,4270,27,,,0,55,,4225,27,,,0,20,,4226,27,,,0,20,,4227,27,,,0,60,,4228,27,,,0,20,,4229,27,,,0,20,,4230,27,,,0,59,,4231,27,,,0,20,,4232,27,,,0,20,,4233,27,,,0,60,,4234,27,,,0,19,,4235,27,,,0,20,,4236,27,,,0,60,,4237,27,,,0,20,,4238,27,,,0,20,,4239,27,,,0,60,,4240,27,,,0,20,,4241,27,,,0,15,,4242,27,,,0,15,,4243,27,,,0,54,,4245,27,,,0,15,,4251,27,,,0,9,,4246,27,,,0,10,,4247,27,,,0,9,,4248,27,,,0,50,,4249,27,,,0,10,,4250,27,,,0,20,,4252,27,,,0,14,,4253,27,,,0,55,,4254,27,,,0,15,,4255,27,,,0,23,,4256,27,,,0,63,,4257,27,,,0,20,,4258,27,,,0,20,,4259,27,,,0,65,,4260,27,,,0,30,,4261,27,,,0,70,,4262,27,,,0,31,,4267,27,,,0,65,,4263,27,,,0,20,,4264,27,,,0,20,,4265,27,,,0,78,,4266,27,,,0,32,,4244,27,,,0
300,'65031',713,,4287,27,,,0,25,,4288,27,,,0,73,,4289,27,,,0,23,,4300,27,,,0,23,,4271,27,,,0,69,,4272,27,,,0,30,,4273,27,,,0,69,,4274,27,,,0,30,,4275,27,,,0,69,,4276,27,,,0,30,,4277,27,,,0,70,,4278,27,,,0,30,,4279,27,,,0,70,,4280,27,,,0,30,,4281,27,,,0,70,,4282,27,,,0,30,,4283,27,,,0,70,,4284,27,,,0,30,,4285,27,,,0,70,,4286,27,,,0,28,,4290,27,,,0,62,,4291,27,,,0,18,,4292,27,,,0,70,,4293,27,,,0,34,,4294,27,,,0,75,,4295,27,,,0,32,,4301,27,,,0,71,,4296,27,,,0,100,,4297,27,,,0,100,,4298,27,,,0,101,,4299,27,,,0
300,'65032',713,,4318,27,,,0,25,,4319,27,,,0,73,,4320,27,,,0,23,,4331,27,,,0,23,,4302,27,,,0,69,,4303,27,,,0,30,,4304,27,,,0,69,,4305,27,,,0,30,,4306,27,,,0,69,,4307,27,,,0,30,,4308,27,,,0,70,,4309,27,,,0,30,,4310,27,,,0,70,,4311,27,,,0,30,,4312,27,,,0,70,,4313,27,,,0,30,,4314,27,,,0,70,,4315,27,,,0,30,,4316,27,,,0,70,,4317,27,,,0,28,,4321,27,,,0,62,,4322,27,,,0,18,,4323,27,,,0,70,,4324,27,,,0,34,,4325,27,,,0,75,,4326,27,,,0,32,,4332,27,,,0,71,,4327,27,,,0,100,,4328,27,,,0,100,,4329,27,,,0,101,,4330,27,,,0
5500,'65030',727,,7269,24,,,0,121,,7270,24,,,0,111,,7271,24,,,0,156,,7278,24,,,0,119,,7272,24,,,0,113,,7273,24,,,0,155,,7274,24,,,0,118,,7275,24,,,0,118,,7276,24,,,0,110,,7277,24,0,5 6,0
5500,'65031',824,,7284,24,,,0,111,,7286,24,,,0,110,,7285,24,,,0,110,,7283,24,,,0,153,,7282,24,,,0,110,,7281,24,,,0,110,,7280,24,,,0,107,,7279,24,0,5 6,0
5500,'65032',824,,7292,24,,,0,111,,7294,24,,,0,110,,7293,24,,,0,110,,7291,24,,,0,153,,7290,24,,,0,110,,7289,24,,,0,110,,7288,24,,,0,107,,7287,24,0,5 6,0
90300,'65030',2321,,7807,34,,,0,107,,7808,34,,,0
90300,'65031',2429,,7811,34,,,0
90300,'65032',2429,,7813,34,,,0
