401,'65030',645,,4559,18,,,0,62,,4560,18,,,0,16,,4561,18,,,0,24,,4562,18,,,0,71,,4563,18,,,0,30,,4600,18,,,0,70,,4601,18,0,5 6,0,35,,4569,18,,,0,70,,4570,18,,,0,78,,4571,18,,,0,25,,4572,18,,,0,27,,4573,18,,,0,75,,4574,18,0,5 6,0,25,,4575,18,,,0,74,,4576,18,0,5 6,0,24,,4577,18,,,0,72,,4578,18,0,5 6,0,30,,4579,18,,,0,70,,4580,18,0,5 6,0,36,,4591,18,0,5 6,0,70,,4592,18,,,0,72,,4590,18,0,5 6,0,24,,4589,18,0,5 6,0,15,,4588,18,,,0,60,,4587,18,,,0,26,,4599,18,,,0,91,,4586,18,,,0,25,,4585,18,,,0,71,,4584,18,,,0,28,,4583,18,,,0,75,,4582,18,,,0,85,,4581,18,0,5 6,0
401,'65031',811,,4623,18,,,0,126,,4615,18,,,0,99,,4616,18,,,0,100,,4617,18,,,0,100,,4618,18,,,0,100,,4619,18,,,0,100,,4620,18,,,0,101,,4621,18,,,0,100,,4622,18,,,0,97,,4637,18,,,0,21,,4628,18,,,0,60,,4629,18,,,0
401,'65032',811,,4653,18,,,0,126,,4645,18,,,0,99,,4646,18,,,0,100,,4647,18,,,0,100,,4648,18,,,0,100,,4649,18,,,0,100,,4650,18,,,0,101,,4651,18,,,0,100,,4652,18,,,0,97,,4667,18,,,0,21,,4658,18,,,0,60,,4659,18,,,0
401,'65035',741,,4668,18,,,0
5500,'65030',826,,7269,102,,,0,113,,7270,102,,,0,110,,7271,102,,,0,155,,7278,102,,,0,121,,7272,102,,,0,112,,7273,102,,,0,118,,7274,102,,,0,161,,7275,102,,,0,111,,7276,102,,,0
5500,'65031',911,,7284,102,,,0,111,,7286,102,,,0,111,,7285,102,,,0,110,,7283,102,,,0,113,,7282,102,,,0,150,,7281,102,,,0,113,,7280,102,,,0
5500,'65032',911,,7292,102,,,0,111,,7294,102,,,0,111,,7293,102,,,0,110,,7291,102,,,0,113,,7290,102,,,0,150,,7289,102,,,0,113,,7288,102,,,0
90401,'65030',605,,7832,17,,,0,1703,,7833,17,,,0
90401,'65031',613,,7834,17,,,0,100,,7835,17,,,0,1197,,7836,17,,,0,100,,7837,17,,,0,100,,7838,17,,,0,100,,7839,17,,,0,100,,7840,17,,,0
90401,'65032',613,,7841,17,,,0,100,,7842,17,,,0,1197,,7843,17,,,0,100,,7844,17,,,0,100,,7845,17,,,0,100,,7846,17,,,0,100,,7847,17,,,0
