401,'65030',648,,4559,23,,,0,62,,4560,23,,,0,16,,4561,23,,,0,24,,4562,23,,,0,71,,4563,23,,,0,30,,4600,23,,,0,70,,4601,23,0,5 6,0,35,,4569,23,,,0,70,,4570,23,,,0,78,,4571,23,,,0,25,,4572,23,,,0,27,,4573,23,,,0,75,,4574,23,0,5 6,0,25,,4575,23,,,0,74,,4576,23,0,5 6,0,24,,4577,23,,,0,72,,4578,23,0,5 6,0,30,,4579,23,,,0,70,,4580,23,0,5 6,0,76,,4591,23,0,5 6,0,30,,4592,23,,,0,72,,4590,23,0,5 6,0,24,,4589,23,0,5 6,0,15,,4588,23,,,0,60,,4587,23,,,0,26,,4599,23,,,0,91,,4586,23,,,0,25,,4585,23,,,0,71,,4584,23,,,0,28,,4583,23,,,0,75,,4582,23,,,0,85,,4581,23,0,5 6,0
401,'65031',814,,4623,23,,,0,126,,4615,23,,,0,99,,4616,23,,,0,100,,4617,23,,,0,100,,4618,23,,,0,100,,4619,23,,,0,100,,4620,23,,,0,101,,4621,23,,,0,100,,4622,23,,,0,97,,4637,23,,,0,21,,4628,23,,,0,60,,4629,23,,,0
401,'65032',814,,4653,23,,,0,126,,4645,23,,,0,99,,4646,23,,,0,100,,4647,23,,,0,100,,4648,23,,,0,100,,4649,23,,,0,100,,4650,23,,,0,101,,4651,23,,,0,100,,4652,23,,,0,97,,4667,23,,,0,21,,4658,23,,,0,60,,4659,23,,,0
401,'65035',744,,4668,23,,,0
800,'65030',631,,5160,27,,,1,16,,5212,27,,,1,11,,5161,27,,,1,62,,5162,27,,,1,10,,5163,27,,,1,15,,5164,27,,,1,55,,5165,27,,,1,15,,5166,27,,,1,15,,5167,27,,,1,15,,5168,27,,,1,62,,5169,27,,,1,20,,5170,27,,,1,20,,5171,27,,,1,60,,5172,27,,,1,20,,5173,27,,,1,20,,5174,27,,,1,60,,5175,27,,,1,20,,5176,27,,,1,20,,5177,27,,,1,61,,5178,27,,,1,20,,5179,27,,,1,21,,5180,27,,,1,61,,5181,27,,,1,20,,5182,27,,,1,17,,5183,27,,,1,60,,5184,27,,,1,22,,5185,27,,,1,17,,5186,27,,,1,59,,5187,27,,,1,10,,5188,27,,,1,15,,5189,27,,,1,16,,5190,27,,,1,55,,5191,27,,,1,17,,5192,27,,,1,8,,5193,27,,,1,7,,5194,27,,,1,11,,5195,27,,,1,14,,5196,27,,,1,57,,5197,27,,,1,17,,5198,27,,,1,14,,5199,27,,,1,62,,5200,27,,,1,18,,5201,27,,,1,16,,5202,27,,,1,63,,5203,27,,,1,30,,5204,27,,,1,69,,5205,27,,,1,30,,5206,27,,,1,70,,5207,27,,,1,35,,5208,27,,,1,65,,5209,27,,,1,27,,5210,27,,,1,100,,5211,27,,,1
800,'65031',631,,5229,27,,,1,101,,5230,27,,,1,69,,5231,27,,,1,29,,5232,27,,,1,19,,5233,27,,,1,71,,5213,27,,,1,31,,5214,27,,,1,69,,5215,27,,,1,31,,5216,27,,,1,69,,5217,27,,,1,30,,5218,27,,,1,71,,5219,27,,,1,30,,5220,27,,,1,70,,5221,27,,,1,30,,5222,27,,,1,70,,5223,27,,,1,30,,5224,27,,,1,70,,5225,27,,,1,30,,5226,27,,,1,70,,5227,27,,,1,29,,5228,27,,,1,70,,5234,27,,,1,32,,5235,27,,,1,70,,5242,27,,,1,22,,5236,27,,,1,64,,5243,27,,,1,23,,5237,27,,,1,100,,5238,27,,,1,100,,5239,27,,,1,100,,5240,27,,,1,100,,5241,27,,,1
800,'65032',631,,5260,27,,,1,101,,5261,27,,,1,69,,5262,27,,,1,29,,5263,27,,,1,19,,5264,27,,,1,71,,5244,27,,,1,31,,5245,27,,,1,69,,5246,27,,,1,31,,5247,27,,,1,69,,5248,27,,,1,30,,5249,27,,,1,71,,5250,27,,,1,30,,5251,27,,,1,70,,5252,27,,,1,30,,5253,27,,,1,70,,5254,27,,,1,30,,5255,27,,,1,70,,5256,27,,,1,30,,5257,27,,,1,70,,5258,27,,,1,29,,5259,27,,,1,70,,5265,27,,,1,32,,5266,27,,,1,70,,5273,27,,,1,22,,5267,27,,,1,64,,5274,27,,,1,23,,5268,27,,,1,100,,5269,27,,,1,100,,5270,27,,,1,100,,5271,27,,,1,100,,5272,27,,,1
5501,'65030',732,,7295,31,,,0,122,,7296,31,,,0,155,,7297,31,,,0,115,,7298,31,,,0,115,,7299,31,,,0,115,,7300,31,,,0,155,,7301,31,,,0,115,,7302,31,,,0,118,,7303,31,,,0,112,,7304,31,0,5 6,0
5501,'65031',829,,7312,31,,,0,110,,7311,31,,,0,110,,7310,31,,,0,110,,7309,31,,,0,150,,7308,31,,,0,110,,7307,31,,,0,109,,7305,31,,,0,112,,7306,31,0,5 6,0
5501,'65032',829,,7320,31,,,0,110,,7319,31,,,0,110,,7318,31,,,0,110,,7317,31,,,0,150,,7316,31,,,0,110,,7315,31,,,0,109,,7313,31,,,0,112,,7314,31,0,5 6,0
90401,'65030',612,,7832,30,,,0,1703,,7833,30,,,0
90401,'65031',620,,7834,30,,,0,100,,7835,30,,,0,1197,,7836,30,,,0,100,,7837,30,,,0,100,,7838,30,,,0,100,,7839,30,,,0,100,,7840,30,,,0
90401,'65032',620,,7841,30,,,0,100,,7842,30,,,0,1197,,7843,30,,,0,100,,7844,30,,,0,100,,7845,30,,,0,100,,7846,30,,,0,100,,7847,30,,,0
90801,'65030',2440,,7849,31,,,0
90801,'65031',2440,,7850,31,,,0
90801,'65032',2440,,7851,31,,,0
