400,'65030',649,,4459,31,,,0,56,,4454,31,,,0,21,,4455,10,,,0,30,,4456,10,,,0,71,,4457,31,,,0,32,,4462,34,,,0,75,,4463,10,,,0,70,,4464,10,,,0,38,,4465,10,,,0,65,,4466,10,,,0,27,,4467,10,,,0,75,,4468,10,,,0,25,,4469,10,,,0,74,,4470,10,,,0,24,,4471,10,,,0,72,,4472,31,,,0,30,,4473,31,,,0,69,,4474,31,,,0,35,,4461,31,,,0,70,,4475,31,,,0,32,,4476,34,,,0,65,,4477,31,,,0,15,,4478,31,,,0,20,,4479,31,,,0,68,,4495,31,,,0,51,,4484,31,,,0,65,,4483,31,,,0,31,,4482,31,,,0,68,,4481,31,,,0,36,,4480,31,,,0,85,,4488,31,,,0
400,'65031',920,,4511,31,,,0,99,,4512,31,,,0,100,,4513,31,,,0,100,,4514,31,,,0,100,,4515,31,,,0,100,,4516,31,,,0,101,,4517,31,,,0,100,,4518,31,,,0,97,,4529,31,,,0,21,,4521,31,,,0,20,,4522,31,,,0,75,,4523,31,,,0
400,'65032',920,,4539,31,,,0,99,,4540,31,,,0,100,,4541,31,,,0,100,,4542,31,,,0,100,,4543,31,,,0,100,,4544,31,,,0,101,,4545,31,,,0,100,,4546,31,,,0,97,,4557,31,,,0,21,,4549,31,,,0,20,,4550,31,,,0,75,,4551,31,,,0
801,'65030',624,,5275,26,,,1,29,,5276,26,,,1,59,,5277,21,,,1,14,,5278,21,,,1,8,,5326,21,,,1,8,,5279,21,,,1,7,,5280,21,,,1,52,,5322,26,,,1,9,,5281,21,,,1,13,,5282,21,,,1,15,,5283,21,,,1,15,,5284,21,,,1,61,,5285,21,,,1,19,,5286,21,,,1,20,,5287,21,,,1,60,,5288,21,,,1,20,,5289,21,,,1,20,,5290,21,,,1,60,,5291,21,,,1,19,,5292,21,,,1,20,,5293,21,,,1,59,,5294,21,,,1,21,,5295,21,,,1,20,,5296,21,,,1,61,,5297,21,,,1,20,,5298,21,,,1,20,,5299,21,,,1,60,,5300,21,,,1,20,,5301,21,,,1,19,,5325,21,,,1,55,,5302,21,,,1,15,,5303,21,,,1,20,,5304,26,,,1,14,,5305,21,,,1,55,,5306,21,,,1,16,,5307,26,,,1,14,,5308,21,,,1,17,,5309,21,,,1,55,,5310,21,,,1,16,,5311,21,,,1,14,,5312,21,,,1,60,,5313,21,,,1,25,,5314,21,,,1,20,,5315,21,,,1,73,,5316,21,,,1,26,,5317,21,,,1,71,,5318,21,,,1,24,,5319,21,,,1,71,,5320,21,,,1,31,,5321,21,,,1,77,,5324,21,,,1,100,,5323,21,,,1
801,'65031',721,,5344,21,,,1,98,,5345,21,,,1,25,,5346,21,,,1,61,,5327,21,,,1,30,,5328,21,,,1,70,,5329,21,,,1,30,,5330,21,,,1,70,,5331,21,,,1,29,,5332,21,,,1,70,,5333,21,,,1,30,,5334,21,,,1,70,,5335,21,,,1,30,,5336,21,,,1,70,,5337,21,,,1,30,,5338,21,,,1,70,,5339,21,,,1,30,,5340,21,,,1,70,,5341,21,,,1,30,,5342,21,,,1,71,,5343,21,,,1,30,,5347,21,,,1,70,,5348,21,,,1,30,,5349,21,,,1,68,,5355,21,,,1,18,,5350,21,,,1,29,,5356,21,,,1,71,,5351,21,,,1,100,,5352,21,,,1,100,,5353,21,,,1,100,,5354,21,,,1
801,'65032',721,,5374,21,,,1,98,,5375,21,,,1,25,,5376,21,,,1,61,,5357,21,,,1,30,,5358,21,,,1,70,,5359,21,,,1,30,,5360,21,,,1,70,,5361,21,,,1,29,,5362,21,,,1,70,,5363,21,,,1,30,,5364,21,,,1,70,,5365,21,,,1,30,,5366,21,,,1,70,,5367,21,,,1,30,,5368,21,,,1,70,,5369,21,,,1,30,,5370,21,,,1,70,,5371,21,,,1,30,,5372,21,,,1,71,,5373,21,,,1,30,,5377,21,,,1,70,,5378,21,,,1,30,,5379,21,,,1,68,,5385,21,,,1,18,,5380,21,,,1,29,,5386,21,,,1,71,,5381,21,,,1,100,,5382,21,,,1,100,,5383,21,,,1,100,,5384,21,,,1
5500,'65030',816,,7269,87,,,0,115,,7270,87,,,0,110,,7271,87,,,0,115,,7278,87,,,0,161,,7272,87,,,0,112,,7273,87,,,0,118,,7274,87,,,0,160,,7275,87,,,0,112,,7276,87,,,0
5500,'65031',903,,7284,87,,,0,111,,7286,87,,,0,111,,7285,87,,,0,110,,7283,87,,,0,113,,7282,87,,,0,110,,7281,87,,,0,153,,7280,87,,,0
5500,'65032',903,,7292,87,,,0,111,,7294,87,,,0,111,,7293,87,,,0,110,,7291,87,,,0,113,,7290,87,,,0,110,,7289,87,,,0,153,,7288,87,,,0
44901,'65030',650,,7409,3,0,39 40 41,0,91,,7410,3,0,39 40 41,0,82,,7411,3,0,39 40 41,0,28,,7412,3,0,39 40 41,0,661,,7413,3,,,0,100,,7414,3,,,0,27,,7415,3,,,0,78,,7416,3,,,0
90400,'65030',2214,,7814,10,0,7 8 1 9,0,28,,7815,10,0,7 8 1 9,0,100,,7816,10,0,7 8 1 9,0,106,,7817,10,,,0
90400,'65031',736,,7818,10,0,7 8 1 9,0,1202,,7819,10,0,7 8 1 9,0,100,,7820,10,0,7 8 1 9,0,100,,7821,10,0,7 8 1 9,0,100,,7822,10,0,7 8 1 9,0,98,,7823,10,0,7 8 1 9,0,112,,7824,10,,,0
90400,'65032',736,,7825,10,0,7 8 1 9,0,1202,,7826,10,0,7 8 1 9,0,100,,7827,10,0,7 8 1 9,0,100,,7828,10,0,7 8 1 9,0,100,,7829,10,0,7 8 1 9,0,98,,7830,10,0,7 8 1 9,0,112,,7831,10,,,0
