200,'65030',629,,4076,30,,,0,29,,4077,30,,,0,66,,4078,30,,,0,33,,4079,30,,,0,75,,4080,30,,,0,24,,4109,30,,,0,55,,4081,30,,,0,26,,4082,30,,,0,67,,4083,30,,,0,25,,4084,30,,,0,28,,4085,30,,,0,70,,4086,30,,,0,32,,4087,30,,,0,71,,4088,30,,,0,70,,4089,30,,,0,30,,4090,30,,,0,29,,4091,30,,,0,70,,4092,30,,,0,71,,4093,30,,,0,30,,4094,30,,,0,77,,4095,30,,,0,35,,4096,30,,,0,75,,4097,30,,,0,28,,4098,30,,,0,65,,4099,30,,,0,30,,4100,30,,,0,66,,4101,30,,,0,20,,4102,30,,,0,31,,4103,30,,,0,67,,4104,30,,,0,100,,4105,30,,,0,104,,4106,30,,,0,98,,4107,30,,,0,102,,4108,30,,,0
200,'65031',723,,4119,30,,,0,100,,4120,30,,,0,96,,4110,30,,,0,40,,4111,30,,,0,100,,4112,30,,,0,100,,4113,30,,,0,100,,4114,30,,,0,141,,4115,30,,,0,100,,4116,30,,,0,105,,4117,30,,,0,101,,4118,30,,,0,102,,4121,30,,,0,28,,4122,30,,,0,91,,4123,30,,,0,100,,4125,30,,,0,100,,4126,30,,,0,100,,4124,30,,,0,100,,4127,30,,,0
200,'65032',723,,4137,30,,,0,100,,4138,30,,,0,96,,4128,30,,,0,40,,4129,30,,,0,100,,4130,30,,,0,100,,4131,30,,,0,100,,4132,30,,,0,141,,4133,30,,,0,100,,4134,30,,,0,105,,4135,30,,,0,101,,4136,30,,,0,102,,4139,30,,,0,28,,4140,30,,,0,91,,4141,30,,,0,100,,4143,30,,,0,100,,4144,30,,,0,100,,4142,30,,,0,100,,4145,30,,,0
400,'65030',640,,4459,20,,,0,16,,4454,20,,,0,52,,4499,20,0,5 6,0,27,,4458,20,0,5 6,0,80,,4457,20,,,0,34,,4462,23,,,0,68,,4496,20,0,5 6,0,96,,4460,20,0,5 6,0,122,,4500,20,0,5 6,0,183,,4497,20,0,5 6,0,37,,4472,20,,,0,70,,4473,20,,,0,15,,4498,20,0,5 6,0,14,,4474,20,,,0,57,,4501,20,0,5 6,0,15,,4461,20,,,0,16,,4492,20,0,5 6,0,14,,4475,20,,,0,67,,4493,23,0,5 6,0,5,,4476,23,,,0,4,,4485,23,0,5 6,0,21,,4477,20,,,0,56,,4478,20,,,0,12,,4494,20,0,5 6,0,10,,4479,20,,,0,16,,4486,20,0,5 6,0,12,,4495,20,,,0,56,,4502,20,0,5 6,0,35,,4484,20,,,0,65,,4483,20,,,0,31,,4482,20,,,0,68,,4481,20,,,0,36,,4480,20,,,0,65,,4487,20,0,5 6,0,20,,4488,20,,,0,21,,4489,20,0,5 6,0,69,,4490,20,0,5 6,0,102,,4491,20,0,5 6,0
400,'65031',723,,4519,20,0,5 6,0,27,,4530,20,0,5 6,0,72,,4520,20,0,5 6,0,89,,4511,20,,,0,29,,4503,20,0,5 6,0,70,,4512,20,,,0,31,,4504,20,0,5 6,0,69,,4513,20,,,0,30,,4505,20,0,5 6,0,70,,4514,20,,,0,30,,4506,20,0,5 6,0,70,,4515,20,,,0,32,,4507,20,0,5 6,0,68,,4516,20,,,0,32,,4508,20,0,5 6,0,69,,4517,20,,,0,31,,4509,20,0,5 6,0,69,,4518,20,,,0,29,,4510,20,0,5 6,0,68,,4529,20,,,0,21,,4521,20,,,0,20,,4522,20,,,0,75,,4523,20,,,0,98,,4524,20,0,5 6,0,98,,4525,20,0,5 6,0,100,,4526,20,0,5 6,0,99,,4527,20,0,5 6,0,100,,4528,20,0,5 6,0
400,'65032',723,,4547,20,0,5 6,0,27,,4558,20,0,5 6,0,72,,4548,20,0,5 6,0,89,,4539,20,,,0,29,,4531,20,0,5 6,0,70,,4540,20,,,0,31,,4532,20,0,5 6,0,69,,4541,20,,,0,30,,4533,20,0,5 6,0,70,,4542,20,,,0,30,,4534,20,0,5 6,0,70,,4543,20,,,0,32,,4535,20,0,5 6,0,68,,4544,20,,,0,32,,4536,20,0,5 6,0,69,,4545,20,,,0,31,,4537,20,0,5 6,0,69,,4546,20,,,0,29,,4538,20,0,5 6,0,68,,4557,20,,,0,21,,4549,20,,,0,20,,4550,20,,,0,75,,4551,20,,,0,98,,4552,20,0,5 6,0,98,,4553,20,0,5 6,0,100,,4554,20,0,5 6,0,99,,4555,20,0,5 6,0,100,,4556,20,0,5 6,0
900,'65030',714,,5387,24,,,0,15,,5388,24,,,0,89,,5389,24,,,0,27,,5390,24,,,0,64,,5395,24,,,0,20,,5394,24,,,0,80,,5396,24,,,0,20,,5402,24,,,0,80,,5397,24,,,0,20,,5403,24,,,0,79,,5398,24,,,0,20,,5404,24,,,0,80,,5399,24,,,0,21,,5405,24,,,0,80,,5400,24,,,0,20,,5406,24,,,0,25,,5420,24,,,0,63,,5401,24,,,0,21,,5407,24,,,0,65,,5408,24,,,0,29,,5409,24,,,0,20,,5410,24,,,0,65,,5411,24,,,0,26,,5412,24,,,0,76,,5415,24,,,0,25,,5413,24,,,0,77,,5414,24,,,0
900,'65031',1039,,5422,24,,,0,98,,5423,24,,,0,101,,5424,24,,,0,99,,5425,24,,,0,98,,5426,24,,,0,105,,5427,24,,,0,97,,5428,24,,,0
900,'65032',1039,,5437,24,,,0,98,,5438,24,,,0,101,,5439,24,,,0,99,,5440,24,,,0,98,,5441,24,,,0,105,,5442,24,,,0,97,,5443,24,,,0
1700,'65030',723,,6285,59,,,0,24,,6286,59,,,0,58,,6287,59,,,0,29,,6288,62,,,0,69,,6289,59,,,0,31,,6290,59,,,0,19,,6291,59,,,0,78,,6292,59,,,0,24,,6293,59,,,0,61,,6294,59,,,0,41,,6295,59,,,0,60,,6296,59,,,0,20,,6315,59,,,0,21,,6297,59,,,0,80,,6298,59,,,0,74,,6299,59,,,0,223,,6303,59,,,0,197,,6308,59,,,0
1700,'65035',815,,6347,59,,,0,29,,6346,62,,,0
2001,'65030',652,,6609,5,,,0,65,,6608,5,,,0,31,,6607,5,,,0,69,,6606,5,,,0,35,,6605,5,,,0,371,,6604,5,,,0,30,,6603,5,,,0,304,,6602,5,,,0,70,,6601,5,,,0,30,,6600,5,,,0,67,,6599,5,,,0,29,,6598,5,,,0,71,,6597,5,,,0
5101,'65030',700,,7192,24,,,0,23,,7193,24,,,0,85,,7194,24,,,0,16,,7195,24,,,0,80,,7197,24,,,0,27,,7196,24,,,0,28,,7198,24,,,0,69,,7199,24,,,0,30,,7200,24,,,0,73,,7201,24,,,0,28,,7202,24,,,0,70,,7203,24,,,0,27,,7204,24,,,0,72,,7205,24,,,0,30,,7206,24,,,0,73,,7207,24,,,0,28,,7208,24,,,0,79,,7209,24,,,0,65,,7210,24,,,0,30,,7211,24,,,0,68,,7212,24,,,0,26,,7213,24,,,0,23,,7214,24,,,0,69,,7215,24,,,0,95,,7216,24,,,0,45,,7220,24,,,0,87,,7219,24,,,0,96,,7218,24,,,0,80,,7217,24,,,0
5101,'65031',820,,7235,24,,,0,96,,7233,24,,,0,92,,7232,24,,,0,100,,7234,24,,,0,100,,7231,24,,,0,100,,7230,24,,,0,100,,7229,24,,,0,100,,7228,24,,,0,100,,7227,24,,,0,100,,7226,24,,,0,110,,7221,24,,,0,100,,7222,24,,,0,100,,7223,24,,,0,100,,7224,24,,,0,100,,7225,24,,,0
5101,'65032',820,,7250,24,,,0,96,,7248,24,,,0,92,,7247,24,,,0,100,,7249,24,,,0,100,,7246,24,,,0,100,,7245,24,,,0,100,,7244,24,,,0,100,,7243,24,,,0,100,,7242,24,,,0,100,,7241,24,,,0,110,,7236,24,,,0,100,,7237,24,,,0,100,,7238,24,,,0,100,,7239,24,,,0,100,,7240,24,,,0
5500,'65030',802,,7269,76,,,0,118,,7270,76,,,0,110,,7271,76,,,0,115,,7278,76,,,0,161,,7272,76,,,0,112,,7273,76,,,0,118,,7274,76,,,0,119,,7275,76,,,0,153,,7276,76,,,0,109,,7277,76,0,5 6,0
5500,'65031',853,,7284,76,,,0,151,,7286,76,,,0,111,,7285,76,,,0,110,,7283,76,,,0,113,,7282,76,,,0,110,,7281,76,,,0,153,,7280,76,,,0,105,,7279,76,0,5 6,0
5500,'65032',853,,7292,76,,,0,151,,7294,76,,,0,111,,7293,76,,,0,110,,7291,76,,,0,113,,7290,76,,,0,110,,7289,76,,,0,153,,7288,76,,,0,105,,7287,76,0,5 6,0
91700,'65030',623,,7863,59,,,0
