701,'65030',635,,5048,18,0,15 1 16,0,82,,5049,18,0,15 1 16,0,16,,5051,31,0,15 1 16,0,67,,5052,31,0,15 1 16,0,27,,5050,18,0,15 1 16,0,16,,5053,31,0,15 1 16,0,12,,5054,31,,,0,57,,5055,31,0,15 1 16,0,17,,5056,31,0,15 1 16,0,20,,5057,31,0,15 1 16,0,58,,5070,18,0,15 1 16,0,18,,5058,31,,,0,23,,5064,31,0,15 1 16,0,58,,5071,18,0,15 1 16,0,22,,5059,31,0,15 1 16,0,20,,5065,31,0,15 1 16,0,57,,5072,18,0,15 1 16,0,19,,5060,31,,,0,24,,5066,31,0,15 1 16,0,59,,5073,18,0,15 1 16,0,18,,5061,31,,,0,23,,5067,36,0,15 1 16,0,58,,5074,18,0,15 1 16,0,16,,5062,31,,,0,25,,5068,31,0,15 1 16,0,58,,5075,18,0,15 1 16,0,24,,5063,36,0,15 1 16,0,18,,5069,31,0,15 1 16,0,53,,5076,18,0,15 1 16,0,7,,5077,18,0,15 1 16,0,7,,5078,31,,,0,16,,5096,18,0,15 1 16,0,17,,5079,31,,,0,55,,5080,36,0,15 1 16,0,15,,5081,31,,,0,14,,5097,18,0,15 1 16,0,14,,5082,31,,,0,61,,5083,31,,,0,18,,5084,36,0,15 1 16,0,23,,5085,31,0,15 1 16,0,57,,5086,31,0,15 1 16,0,21,,5087,31,0,15 1 16,0,23,,5088,31,0,15 1 16,0,67,,5089,31,,,0,32,,5090,31,0,15 1 16,0,63,,5091,31,,,0,34,,5092,31,0,15 1 16,0,68,,5093,31,0,15 1 16,0,35,,5098,31,,,0,100,,5099,31,0,15 1 16,0,154,,5094,18,0,15 1 16,0
701,'65031',741,,5117,18,,,0,101,,5118,18,,,0,79,,5116,31,0,15 1 16,0,80,,5108,18,0,15 1 16,0,21,,5100,31,0,15 1 16,0,29,,5109,18,0,15 1 16,0,66,,5101,31,0,15 1 16,0,32,,5110,18,0,15 1 16,0,71,,5102,31,0,15 1 16,0,31,,5111,18,0,15 1 16,0,69,,5103,31,0,15 1 16,0,30,,5112,18,0,15 1 16,0,70,,5104,31,0,15 1 16,0,30,,5113,18,0,15 1 16,0,70,,5105,31,0,15 1 16,0,30,,5114,18,0,15 1 16,0,75,,5106,31,0,15 1 16,0,30,,5115,18,0,15 1 16,0,72,,5107,18,0,15 1 16,0,16,,5119,18,,,0,61,,5120,18,0,15 1 16,0,31,,5121,18,,,0,69,,5129,18,,,0,40,,5122,31,,,0,100,,5123,31,,,0,99,,5124,31,,,0,100,,5125,31,,,0,99,,5126,31,0,15 1 16,0,159,,5127,18,0,15 1 16,0
701,'65032',741,,5147,18,,,0,101,,5148,18,,,0,79,,5146,31,0,15 1 16,0,80,,5138,18,0,15 1 16,0,21,,5130,31,0,15 1 16,0,29,,5139,18,0,15 1 16,0,66,,5131,31,0,15 1 16,0,32,,5140,18,0,15 1 16,0,71,,5132,31,0,15 1 16,0,31,,5141,18,0,15 1 16,0,69,,5133,31,0,15 1 16,0,30,,5142,18,0,15 1 16,0,70,,5134,31,0,15 1 16,0,30,,5143,18,0,15 1 16,0,70,,5135,31,0,15 1 16,0,30,,5144,18,0,15 1 16,0,75,,5136,31,0,15 1 16,0,30,,5145,18,0,15 1 16,0,72,,5137,18,0,15 1 16,0,16,,5149,18,,,0,61,,5150,18,0,15 1 16,0,31,,5151,18,,,0,69,,5159,18,,,0,40,,5152,31,,,0,100,,5153,31,,,0,99,,5154,31,,,0,100,,5155,31,,,0,99,,5156,31,0,15 1 16,0,159,,5157,18,0,15 1 16,0
1101,'65030',551,,5635,15,,,0,69,,5636,15,,,0,34,,5692,48,0,15 1 16,0,58,,5637,48,,,0,32,,5638,48,,,0,68,,5693,48,,,0,15,,5639,48,,,0,29,,5640,48,,,0,67,,5641,48,,,0,25,,5642,48,,,0,68,,5643,48,,,0,15,,5656,26,0,15 1 16,0,15,,5644,48,,,0,70,,5645,48,,,0,18,,5657,26,0,15 1 16,0,13,,5646,48,,,0,55,,5661,26,0,15 1 16,0,15,,5647,48,,,0,14,,5658,26,0,15 1 16,0,16,,5648,48,,,0,55,,5662,26,0,15 1 16,0,14,,5649,48,,,0,14,,5659,26,0,15 1 16,0,16,,5650,48,,,0,70,,5651,48,,,0,12,,5660,26,0,15 1 16,0,17,,5652,48,,,0,56,,5663,26,0,15 1 16,0,17,,5653,48,,,0,10,,5655,26,0,15 1 16,0,9,,5664,26,0,15 1 16,0,11,,5654,48,,,0,54,,5680,48,0,15 1 16,0,8,,5681,26,0,15 1 16,0,7,,5682,26,0,15 1 16,0,8,,5665,48,,,0,17,,5683,26,0,15 1 16,0,13,,5666,48,,,0,48,,5684,26,0,15 1 16,0,12,,5685,26,0,15 1 16,0,9,,5667,48,,,0,15,,5686,26,0,15 1 16,0,15,,5668,48,,,0,55,,5677,48,0,15 1 16,0,15,,5669,48,,,0,20,,5670,48,,,0,15,,5687,26,0,15 1 16,0,56,,5671,48,,,0,8,,5688,26,0,15 1 16,0,20,,5672,48,,,0,70,,5689,48,0,15 1 16,0,30,,5673,48,,,0,65,,5678,48,0,15 1 16,0,26,,5679,48,0,15 1 16,0,15,,5674,48,,,0,52,,5690,48,0,15 1 16,0,14,,5691,26,0,15 1 16,0,32,,5675,48,,,0,103,,5676,48,,,0,77,,5694,48,0,15 1 16,0
1101,'65031',647,,5713,15,,,0,98,,5714,15,,,0,95,,5712,48,,,0,79,,5695,26,,,0,34,,5704,48,0,15 1 16,0,65,,5696,48,,,0,35,,5705,48,0,15 1 16,0,65,,5697,48,,,0,35,,5706,48,0,15 1 16,0,65,,5698,48,,,0,35,,5707,48,0,15 1 16,0,65,,5699,48,,,0,35,,5708,48,0,15 1 16,0,65,,5700,48,,,0,34,,5709,48,0,15 1 16,0,70,,5701,48,,,0,30,,5710,48,0,15 1 16,0,71,,5702,48,,,0,32,,5711,48,0,15 1 16,0,69,,5703,48,,,0,14,,5715,48,0,15 1 16,0,15,,5716,48,,,0,70,,5717,48,0,15 1 16,0,24,,5718,48,,,0,101,,5719,48,,,0,100,,5720,48,,,0,99,,5721,48,,,0,100,,5722,48,,,0,100,,5723,48,,,0
1101,'65032',647,,5742,15,,,0,98,,5743,15,,,0,95,,5741,48,,,0,79,,5724,26,,,0,34,,5733,48,0,15 1 16,0,65,,5725,48,,,0,35,,5734,48,0,15 1 16,0,65,,5726,48,,,0,35,,5735,48,0,15 1 16,0,65,,5727,48,,,0,35,,5736,48,0,15 1 16,0,65,,5728,48,,,0,35,,5737,48,0,15 1 16,0,65,,5729,48,,,0,34,,5738,48,0,15 1 16,0,70,,5730,48,,,0,30,,5739,48,0,15 1 16,0,71,,5731,48,,,0,32,,5740,48,0,15 1 16,0,69,,5732,48,,,0,14,,5744,48,0,15 1 16,0,15,,5745,48,,,0,70,,5746,48,0,15 1 16,0,24,,5747,48,,,0,101,,5748,48,,,0,100,,5749,48,,,0,99,,5750,48,,,0,100,,5751,48,,,0,100,,5752,48,,,0
1101,'65035',1532,,5753,15,0,15 1 16,0,106,,5754,26,0,15 1 16,0
5500,'65030',741,,7269,46,,,0,161,,7270,46,,,0,111,,7271,46,,,0,115,,7278,46,,,0,120,,7272,46,,,0,152,,7273,46,,,0,116,,7274,46,,,0,118,,7275,46,,,0,117,,7276,46,,,0,149,,7277,46,0,5 6,0
5500,'65031',838,,7284,46,,,0,111,,7286,46,,,0,110,,7285,46,,,0,150,,7283,46,,,0,113,,7282,46,,,0,110,,7281,46,,,0,110,,7280,46,,,0,107,,7279,46,0,5 6,0
5500,'65032',838,,7292,46,,,0,111,,7294,46,,,0,110,,7293,46,,,0,150,,7291,46,,,0,113,,7290,46,,,0,110,,7289,46,,,0,110,,7288,46,,,0,107,,7287,46,0,5 6,0
