401,'65030',637,,4564,4,,,0,64,,4559,36,,,0,11,,4566,4,,,0,11,,4560,36,,,0,16,,4561,36,,,0,68,,4562,36,,,0,17,,4567,4,,,0,13,,4563,36,,,0,7,,4565,4,,,0,61,,4600,36,,,0,52,,4602,4,,,0,54,,4569,36,,,0,30,,4570,36,,,0,18,,4568,4,,,0,60,,4571,36,,,0,25,,4572,36,,,0,12,,4604,4,,,0,55,,4573,36,,,0,17,,4605,4,,,0,22,,4607,4,,,0,61,,4575,36,,,0,40,,4603,4,,,0,58,,4577,36,,,0,103,,4579,36,,,0,40,,4606,4,,,0,58,,4593,4,,,0,22,,4594,4,,,0,15,,4592,36,,,0,62,,4598,4,,,0,48,,4588,36,,,0,59,,4587,36,,,0,26,,4599,36,,,0,92,,4586,36,,,0,25,,4585,36,,,0,70,,4584,36,,,0,27,,4583,36,,,0,75,,4582,36,,,0,22,,4595,4,,,0,84,,4596,4,,,0,101,,4597,4,,,0
401,'65031',707,,4625,4,,,0,26,,4626,4,,,0,74,,4627,4,,,0,23,,4623,36,,,0,77,,4624,4,,,0,47,,4615,36,,,0,70,,4608,4,,,0,29,,4616,36,,,0,70,,4609,4,,,0,30,,4617,36,,,0,70,,4610,4,,,0,30,,4618,36,,,0,71,,4611,4,,,0,29,,4619,36,,,0,72,,4612,4,,,0,28,,4620,36,,,0,72,,4613,4,,,0,28,,4621,36,,,0,71,,4614,4,,,0,29,,4622,36,,,0,74,,4631,4,,,0,23,,4637,36,,,0,61,,4628,36,,,0,20,,4629,36,,,0,102,,4632,4,,,0,100,,4633,4,,,0,100,,4634,4,,,0,100,,4635,4,,,0,100,,4636,4,,,0
401,'65032',707,,4655,4,,,0,26,,4656,4,,,0,74,,4657,4,,,0,23,,4653,36,,,0,77,,4654,4,,,0,47,,4645,36,,,0,70,,4638,4,,,0,29,,4646,36,,,0,70,,4639,4,,,0,30,,4647,36,,,0,70,,4640,4,,,0,30,,4648,36,,,0,71,,4641,4,,,0,29,,4649,36,,,0,72,,4642,4,,,0,28,,4650,36,,,0,72,,4643,4,,,0,28,,4651,36,,,0,71,,4644,4,,,0,29,,4652,36,,,0,74,,4661,4,,,0,23,,4667,36,,,0,61,,4658,36,,,0,20,,4659,36,,,0,102,,4662,4,,,0,100,,4663,4,,,0,100,,4664,4,,,0,100,,4665,4,,,0,100,,4666,4,,,0
401,'65035',800,,4668,36,,,0
901,'65030',653,,5452,34,,,0,68,,5453,34,,,0,21,,5454,34,,,0,9,,5459,4,,,0,56,,5455,34,,,0,17,,5456,34,,,0,20,,5457,34,,,0,64,,5458,34,,,0,27,,5474,34,,,0,22,,5473,34,,,0,60,,5472,34,,,0,40,,5471,34,,,0,61,,5470,34,,,0,40,,5469,34,,,0,61,,5468,34,,,0,81,,5467,34,,,0,20,,5466,34,,,0,80,,5465,34,,,0,20,,5464,34,,,0,39,,5463,34,,,0,60,,5462,34,,,0,26,,5486,34,,,0,64,,5461,34,,,0,23,,5460,34,,,0,96,,5482,34,,,0,83,,5485,34,,,0,22,,5484,34,,,0,73,,5483,34,,,0
901,'65031',1023,,5487,34,,,0,99,,5488,34,,,0,99,,5494,34,,,0,101,,5493,34,,,0,100,,5492,34,,,0,99,,5491,34,,,0,105,,5490,34,,,0,97,,5489,34,,,0
901,'65032',1023,,5503,34,,,0,99,,5504,34,,,0,99,,5510,34,,,0,101,,5509,34,,,0,100,,5508,34,,,0,99,,5507,34,,,0,105,,5506,34,,,0,97,,5505,34,,,0
1701,'65030',627,,6348,4,,,0,27,,6349,4,,,0,104,,6351,4,,,0,57,,6352,4,,,0,109,,6354,4,,,0,21,,6355,4,,,0,80,,6356,4,,,0,305,,6362,4,,,0,101,,6364,4,,,0,22,,6377,4,,,0,74,,6365,4,,,0,16,,6366,4,,,0,60,,6367,4,,,0,16,,6368,4,,,0,35,,6369,4,,,0,70,,6371,4,,,0,18,,6370,4,,,0,168,,6374,4,,,0
5100,'65030',637,,7132,4,,,0,82,,7133,4,,,0,15,,7134,4,,,0,84,,7136,4,,,0,25,,7135,4,,,0,70,,7137,4,,,0,29,,7138,4,,,0,71,,7139,4,,,0,29,,7140,4,,,0,73,,7141,4,,,0,30,,7142,4,,,0,67,,7143,4,,,0,32,,7144,4,,,0,68,,7145,4,,,0,32,,7146,4,,,0,68,,7147,4,,,0,32,,7148,4,,,0,69,,7149,4,,,0,29,,7150,4,,,0,70,,7151,4,,,0,26,,7152,4,,,0,65,,7153,4,,,0,30,,7154,4,,,0,70,,7155,4,,,0,29,,7156,4,,,0,85,,7157,4,,,0,87,,7158,4,,,0,97,,7159,4,,,0,40,,7160,4,,,0,97,,7161,4,,,0
5100,'65031',835,,7173,4,,,0,92,,7175,4,,,0,99,,7174,4,,,0,100,,7176,4,,,0,100,,7172,4,,,0,100,,7171,4,,,0,100,,7170,4,,,0,100,,7169,4,,,0,100,,7168,4,,,0,110,,7167,4,,,0,100,,7162,4,,,0,100,,7164,4,,,0,100,,7165,4,,,0,100,,7166,4,,,0,100,,7163,4,,,0
5100,'65032',835,,7188,4,,,0,92,,7190,4,,,0,99,,7189,4,,,0,100,,7191,4,,,0,100,,7187,4,,,0,100,,7186,4,,,0,100,,7185,4,,,0,100,,7184,4,,,0,100,,7183,4,,,0,110,,7182,4,,,0,100,,7177,4,,,0,100,,7179,4,,,0,100,,7180,4,,,0,100,,7181,4,,,0,100,,7178,4,,,0
