400,'65030',655,,4459,43,4,,0,56,,4454,43,4,,0,22,,4455,22,4,,0,71,,4456,22,4,,0,31,,4457,43,4,,0,71,,4462,46,4,,0,35,,4463,22,4,,0,70,,4464,22,4,,0,38,,4465,22,4,,0,65,,4466,22,4,,0,27,,4467,22,4,,0,75,,4468,22,4,,0,25,,4469,22,4,,0,74,,4470,22,4,,0,24,,4471,22,4,,0,72,,4472,43,4,,0,30,,4473,43,4,,0,69,,4474,43,4,,0,36,,4461,43,4,,0,70,,4475,43,4,,0,32,,4476,46,4,,0,64,,4477,43,4,,0,15,,4478,43,4,,0,20,,4479,43,4,,0,67,,4495,43,4,,0,91,,4484,43,4,,0,25,,4483,43,4,,0,71,,4482,43,4,,0,28,,4481,43,4,,0,76,,4480,43,4,,0,45,,4488,43,4,,0
400,'65031',926,,4511,43,4,,0,99,,4512,43,4,,0,100,,4513,43,4,,0,100,,4514,43,4,,0,100,,4515,43,4,,0,100,,4516,43,4,,0,101,,4517,43,4,,0,100,,4518,43,4,,0,97,,4529,43,4,,0,21,,4521,43,4,,0,60,,4522,43,4,,0,35,,4523,43,4,,0
400,'65032',926,,4539,43,4,,0,99,,4540,43,4,,0,100,,4541,43,4,,0,100,,4542,43,4,,0,100,,4543,43,4,,0,100,,4544,43,4,,0,101,,4545,43,4,,0,100,,4546,43,4,,0,97,,4557,43,4,,0,21,,4549,43,4,,0,60,,4550,43,4,,0,35,,4551,43,4,,0
401,'65030',633,,4559,1,,,0,22,,4560,1,,,0,56,,4561,1,,,0,22,,4562,1,,,0,71,,4563,1,,,0,31,,4600,1,,,0,71,,4601,1,0,5 6,0,35,,4569,1,,,0,70,,4570,1,,,0,38,,4571,1,,,0,65,,4572,1,,,0,27,,4573,1,,,0,75,,4574,1,0,5 6,0,25,,4575,1,,,0,74,,4576,1,0,5 6,0,24,,4577,1,,,0,72,,4578,1,0,5 6,0,30,,4579,1,,,0,69,,4580,1,0,5 6,0,36,,4591,1,0,5 6,0,70,,4592,1,,,0,32,,4590,1,0,5 6,0,64,,4589,1,0,5 6,0,15,,4588,1,,,0,20,,4587,1,,,0,67,,4599,1,,,0,91,,4586,1,,,0,25,,4585,1,,,0,71,,4584,1,,,0,28,,4583,1,,,0,76,,4582,1,,,0,45,,4581,1,0,5 6,0
401,'65031',800,44,4623,1,,,0,126,,4615,1,,,0,99,,4616,1,,,0,100,,4617,1,,,0,100,,4618,1,,,0,100,,4619,1,,,0,100,,4620,1,,,0,101,,4621,1,,,0,100,,4622,1,,,0,97,,4637,1,,,0,21,,4628,1,,,0,60,,4629,1,,,0,35,,4630,1,0,10 60,0
401,'65032',800,44,4653,1,,,0,126,,4645,1,,,0,99,,4646,1,,,0,100,,4647,1,,,0,100,,4648,1,,,0,100,,4649,1,,,0,100,,4650,1,,,0,101,,4651,1,,,0,100,,4652,1,,,0,97,,4667,1,,,0,21,,4658,1,,,0,60,,4659,1,,,0,35,,4660,1,0,10 60,0
401,'65035',728,,4668,1,,,0
90400,'65030',2224,,7814,29,0,7 58,0,28,,7815,29,0,7 58,0,100,,7816,29,0,7 58,0,106,,7817,29,,,0
90400,'65031',746,,7818,29,0,7 58,0,1202,,7819,29,0,7 58,0,100,,7820,29,0,7 58,0,100,,7821,29,0,7 58,0,100,,7822,29,0,7 58,0,98,,7823,29,0,7 58,0,112,,7824,29,,,0
90400,'65032',746,,7825,29,0,7 58,0,1202,,7826,29,0,7 58,0,100,,7827,29,0,7 58,0,100,,7828,29,0,7 58,0,100,,7829,29,0,7 58,0,98,,7830,29,0,7 58,0,112,,7831,29,,,0
