101,'65040',654,,7964,21,,,0,60,,7965,21,,,0,22,,7966,21,,,0,20,,7977,21,0,5 6 2 65,0,74,,7978,21,0,5 6 2 65,0,95,,7967,21,,,0,100,,7968,21,,,0,100,,7969,21,,,0,99,,7970,21,,,0,100,,7971,21,,,0,100,,7972,21,,,0,78,,7979,21,0,5 6 2 65,0,30,,7980,21,0,5 6 2 65,0,26,,7973,21,,,0,73,,7981,21,0,5 6 2 65,0,27,,7982,21,0,5 6 2 65,0,59,,7983,21,0,5 6 2 65,0,25,,7976,21,,,0,70,,7985,21,0,5 6 2 65,0,105,,7984,21,0,5 6 2 65,0,86,,7975,21,,,0,105,,7974,21,,,0,49,,7986,21,0,5 6 2 65,0
101,'65041',817,,7998,21,0,5 6 2 65,0,121,,7989,21,0,5 6 2 65,0,101,,7990,21,0,5 6 2 65,0,100,,7991,21,0,5 6 2 65,0,100,,7992,21,0,5 6 2 65,0,99,,7993,21,0,5 6 2 65,0,99,,7994,21,0,5 6 2 65,0,101,,7995,21,0,5 6 2 65,0,101,,7996,21,0,5 6 2 65,0,82,,7997,21,0,5 6 2 65,0,95,,7999,21,0,5 6 2 65,0
101,'65042',817,,8009,21,0,5 6 2 65,0,121,,8000,21,0,5 6 2 65,0,101,,8001,21,0,5 6 2 65,0,100,,8002,21,0,5 6 2 65,0,100,,8003,21,0,5 6 2 65,0,99,,8004,21,0,5 6 2 65,0,99,,8005,21,0,5 6 2 65,0,101,,8006,21,0,5 6 2 65,0,101,,8007,21,0,5 6 2 65,0,82,,8008,21,0,5 6 2 65,0,95,,8010,21,0,5 6 2 65,0
401,'65040',648,,8456,30,,,0,61,,8457,30,,,0,17,,8458,30,,,0,75,,8459,30,,,0,34,,8460,30,,,0,22,,8461,30,,,0,74,,8462,30,,,0,91,,8463,30,,,0,99,,8464,30,,,0,100,,8480,30,,,0,100,,8479,30,,,0,80,,8478,30,,,0,106,,8477,30,0,5 6 2 70,0,24,,8476,30,,,0,70,,8475,30,,,0,30,,8474,30,,,0,69,,8473,30,,,0,19,,8472,30,,,0,31,,8471,30,,,0,74,,8470,30,,,0,80,,8469,30,,,0,45,,8468,30,,,0,69,,8467,30,,,0,31,,8466,30,,,0,72,,8465,30,,,0,92,,8481,30,0,5 6 2 70,0
401,'65041',820,,8516,30,,,0,38,,8530,30,,,0,85,,8508,30,,,0,100,,8509,30,,,0,100,,8510,30,,,0,100,,8511,30,,,0,101,,8512,30,,,0,100,,8513,30,,,0,100,,8514,30,,,0,100,,8515,30,,,0,99,,8529,30,,,0,61,,8520,30,,,0,22,,8521,30,,,0
401,'65042',820,,8547,30,,,0,38,,8561,30,,,0,85,,8539,30,,,0,100,,8540,30,,,0,100,,8541,30,,,0,100,,8542,30,,,0,101,,8543,30,,,0,100,,8544,30,,,0,100,,8545,30,,,0,100,,8546,30,,,0,99,,8560,30,,,0,61,,8551,30,,,0,22,,8552,30,,,0
901,'65040',627,,9312,28,0,5 6 2 71,0,81,,9289,28,,,0,25,,9290,28,,,0,70,,9291,28,,,0,30,,9302,28,0,5 6 2 71,0,85,,9292,28,,,0,100,,9293,28,,,0,100,,9294,28,,,0,102,,9295,28,,,0,31,,9296,28,,,0,101,,9297,28,,,0,100,,9298,28,,,0,70,,9299,28,,,0,28,,9300,28,,,0,71,,9311,28,0,5 6 2 71,0,32,,9310,28,0,5 6 2 71,0,71,,9301,28,,,0,23,,9309,28,0,5 6 2 71,0,71,,9308,28,0,5 6 2 71,0,98,,9307,28,0,5 6 2 71,0,84,,9306,28,0,5 6 2 71,0,100,,9305,28,0,5 6 2 71,0,24,,9304,28,0,5 6 2 71,0,90,,9303,28,0,5 6 2 71,0
901,'65041',819,,9322,28,0,5 6 2 71,0,94,,9321,28,0,5 6 2 71,0,100,,9313,28,,,0,101,,9314,28,,,0,101,,9320,28,,,0,100,,9319,28,,,0,100,,9318,28,,,0,100,,9317,28,,,0,101,,9316,28,,,0,101,,9315,28,,,0,111,,9323,28,0,5 6 2 71,0,94,,9324,28,0,5 6 2 71,0,88,,9325,28,0,5 6 2 71,0,99,,9326,28,0,5 6 2 71,0,100,,9327,28,0,5 6 2 71,0
901,'65042',819,,9338,28,0,5 6 2 71,0,94,,9337,28,0,5 6 2 71,0,100,,9329,28,,,0,101,,9330,28,,,0,101,,9336,28,,,0,100,,9335,28,,,0,100,,9334,28,,,0,100,,9333,28,,,0,101,,9332,28,,,0,101,,9331,28,,,0,111,,9339,28,0,5 6 2 71,0,94,,9340,28,0,5 6 2 71,0,88,,9341,28,0,5 6 2 71,0,99,,9342,28,0,5 6 2 71,0,100,,9343,28,0,5 6 2 71,0
5501,'65040',734,,10979,38,,,2,121,,10972,38,,,2,155,,10980,38,,,2,113,,10973,38,,,2,117,,10981,38,,,2,118,,10974,38,,,2,153,,10977,38,,,2,123,,10975,38,,,2,115,,10978,38,,,2,156,,10976,38,0,5 6 2 65,2
5501,'65041',833,,10989,38,,,2,110,,10988,38,,,2,110,,10987,38,,,2,150,,10986,38,,,2,110,,10985,38,,,2,110,,10984,38,,,2,109,,10982,38,,,2,112,,10983,38,0,5 6 2 65,2
5501,'65042',833,,10997,38,,,2,110,,10996,38,,,2,110,,10995,38,,,2,150,,10994,38,,,2,110,,10993,38,,,2,110,,10992,38,,,2,109,,10990,38,,,2,112,,10991,38,0,5 6 2 65,2
5701,'65040',911,,11020,40,,,2,123,,11022,40,,,2,103,,11018,40,,,2,163,,11021,40,,,2,105,,11019,40,,,2,120,,11023,40,,,2,105,,11017,40,,,2
5701,'65041',1133,,11029,40,,,2,102,,11028,40,,,2,113,,11027,40,,,2,102,,11026,40,,,2,151,,11025,40,,,2,113,,11024,40,0,56,2
5701,'65042',1133,,11035,40,,,2,102,,11034,40,,,2,113,,11033,40,,,2,102,,11032,40,,,2,151,,11031,40,,,2,113,,11030,40,0,56,2
90401,'65040',617,,11492,37,,,0,1702,,11493,37,,,0
90401,'65041',620,,11494,37,,,0,102,,11495,37,,,0,1199,,11496,37,,,0,100,,11497,37,,,0,100,,11498,37,,,0,99,,11499,37,,,0,101,,11500,37,,,0
90401,'65042',620,,11501,37,,,0,102,,11502,37,,,0,1199,,11503,37,,,0,100,,11504,37,,,0,100,,11505,37,,,0,99,,11506,37,,,0,101,,11507,37,,,0
90801,'65040',2443,,11509,38,,,0
90801,'65041',2443,,11510,38,,,0
90801,'65042',2443,,11511,38,,,0
