100,'65040',840,,7922,4,,,0,101,,7923,4,,,0,99,,7924,4,,,0,98,,7925,4,,,0,100,,7926,4,,,0,100,,7927,4,,,0,290,,7928,4,,,0,27,,7929,4,,,0,71,,7930,4,,,0,196,,7931,4,,,0,104,,7932,4,,,0,91,,7933,4,,,0,92,,7934,4,0,5 6 2 68,0,101,,7935,4,0,5 6 2 68,0
100,'65041',1716,,7951,4,0,5 6 2 68,0
100,'65042',1716,,7962,4,0,5 6 2 68,0
400,'65040',635,,8361,4,,,0,65,,8386,4,0,5 6 2 66,0,28,,8388,4,0,5 6 2 66,0,77,,8364,4,,,0,34,,8365,4,,,0,91,,8366,4,,,0,19,,8390,4,0,5 6 2 66,0,81,,8367,4,,,0,19,,8391,4,0,5 6 2 66,0,81,,8368,4,,,0,80,,8392,4,0,5 6 2 66,0,18,,8369,4,,,0,80,,8370,4,,,0,22,,8393,4,0,5 6 2 66,0,84,,8371,4,,,0,24,,8372,4,,,0,69,,8373,4,,,0,16,,8394,4,0,5 6 2 66,0,14,,8374,4,,,0,18,,8395,4,0,5 6 2 66,0,52,,8375,4,,,0,11,,8397,4,0,5 6 2 66,0,8,,8376,4,,,0,31,,8377,4,,,0,60,,8398,4,0,5 6 2 66,0,16,,8378,4,,,0,22,,8399,4,0,5 6 2 66,0,60,,8379,4,,,0,23,,8396,4,0,5 6 2 66,0,63,,8380,4,,,0,29,,8381,4,,,0,71,,8382,4,,,0,33,,8383,4,,,0,91,,8384,4,,,0,22,,8387,4,0,5 6 2 66,0,69,,8385,4,0,5 6 2 66,0,102,,8389,4,0,5 6 2 66,0
400,'65041',715,,8416,4,0,5 6 2 66,0,28,,8426,4,0,5 6 2 66,0,73,,8427,4,,,0,43,,8408,4,,,0,69,,8400,4,0,5 6 2 66,0,72,,8409,4,,,0,28,,8401,4,0,5 6 2 66,0,72,,8410,4,,,0,28,,8402,4,0,5 6 2 66,0,31,,8411,4,,,0,69,,8403,4,0,5 6 2 66,0,31,,8412,4,,,0,68,,8404,4,0,5 6 2 66,0,31,,8413,4,,,0,68,,8405,4,0,5 6 2 66,0,31,,8414,4,,,0,71,,8406,4,0,5 6 2 66,0,30,,8415,4,,,0,70,,8407,4,0,5 6 2 66,0,30,,8425,4,,,0,61,,8417,4,,,0,23,,8418,4,,,0,83,,8419,4,,,0,89,,8420,4,0,5 6 2 66,0,99,,8421,4,0,5 6 2 66,0,100,,8422,4,0,5 6 2 66,0,100,,8423,4,0,5 6 2 66,0,99,,8424,4,0,5 6 2 66,0
400,'65042',715,,8444,4,0,5 6 2 66,0,28,,8454,4,0,5 6 2 66,0,73,,8455,4,,,0,43,,8436,4,,,0,69,,8428,4,0,5 6 2 66,0,72,,8437,4,,,0,28,,8429,4,0,5 6 2 66,0,72,,8438,4,,,0,28,,8430,4,0,5 6 2 66,0,31,,8439,4,,,0,69,,8431,4,0,5 6 2 66,0,31,,8440,4,,,0,68,,8432,4,0,5 6 2 66,0,31,,8441,4,,,0,68,,8433,4,0,5 6 2 66,0,31,,8442,4,,,0,71,,8434,4,0,5 6 2 66,0,30,,8443,4,,,0,70,,8435,4,0,5 6 2 66,0,30,,8453,4,,,0,61,,8445,4,,,0,23,,8446,4,,,0,83,,8447,4,,,0,89,,8448,4,0,5 6 2 66,0,99,,8449,4,0,5 6 2 66,0,100,,8450,4,0,5 6 2 66,0,100,,8451,4,0,5 6 2 66,0,99,,8452,4,0,5 6 2 66,0
1700,'65040',710,,10074,43,,,0,36,,10075,43,,,0,73,,10076,43,,,0,90,,10077,43,,,0,100,,10078,43,,,0,100,,10079,43,,,0,41,,10080,43,,,0,101,,10081,43,,,0,101,,10082,43,,,0,101,,10083,43,,,0,188,,10085,43,,,0,413,,10090,43,,,0
5700,'65040',906,,11002,4,,,2,99,,11000,4,,,2,123,,11001,4,,,2,105,,10998,4,,,2,121,,11003,4,,,2,105,,10999,4,,,2,160,,11004,4,,,2
5700,'65041',1111,,11010,4,,,2,113,,11009,4,,,2,102,,11008,4,,,2,112,,11007,4,,,2,102,,11006,4,,,2,112,,11005,4,0,56,2
5700,'65042',1111,,11016,4,,,2,113,,11015,4,,,2,102,,11014,4,,,2,112,,11013,4,,,2,102,,11012,4,,,2,112,,11011,4,0,56,2
91700,'65040',613,,11523,43,,,0
