800,'65030',617,,5160,5,,,1,15,,5212,5,,,1,11,,5161,5,,,1,61,,5162,5,,,1,9,,5163,5,,,1,13,,5164,5,,,1,14,,5165,5,,,1,15,,5166,5,,,1,55,,5167,5,,,1,15,,5168,5,,,1,23,,5169,5,,,1,61,,5170,5,,,1,20,,5171,5,,,1,20,,5172,5,,,1,60,,5173,5,,,1,20,,5174,5,,,1,20,,5175,5,,,1,60,,5176,5,,,1,20,,5177,5,,,1,19,,5178,5,,,1,60,,5179,5,,,1,21,,5180,5,,,1,21,,5181,5,,,1,61,,5182,5,,,1,18,,5183,5,,,1,20,,5184,5,,,1,62,,5185,5,,,1,17,,5186,5,,,1,19,,5187,5,,,1,10,,5188,5,,,1,54,,5189,5,,,1,15,,5190,5,,,1,13,,5191,5,,,1,15,,5192,5,,,1,47,,5193,5,,,1,7,,5194,5,,,1,10,,5195,5,,,1,13,,5196,5,,,1,18,,5197,5,,,1,60,,5198,5,,,1,15,,5199,5,,,1,24,,5200,5,,,1,58,,5201,5,,,1,18,,5202,5,,,1,23,,5203,5,,,1,70,,5204,5,,,1,30,,5205,5,,,1,70,,5206,5,,,1,30,,5207,5,,,1,76,,5208,5,,,1,25,,5209,5,,,1,68,,5210,5,,,1,100,,5211,5,,,1
800,'65031',617,,5229,5,,,1,101,,5230,5,,,1,29,,5231,5,,,1,68,,5232,5,,,1,19,,5233,5,,,1,71,,5213,5,,,1,30,,5214,5,,,1,69,,5215,5,,,1,30,,5216,5,,,1,69,,5217,5,,,1,30,,5218,5,,,1,70,,5219,5,,,1,30,,5220,5,,,1,70,,5221,5,,,1,30,,5222,5,,,1,69,,5223,5,,,1,30,,5224,5,,,1,70,,5225,5,,,1,31,,5226,5,,,1,71,,5227,5,,,1,29,,5228,5,,,1,70,,5234,5,,,1,32,,5235,5,,,1,70,,5242,5,,,1,22,,5236,5,,,1,25,,5243,5,,,1,63,,5237,5,,,1,101,,5238,5,,,1,101,,5239,5,,,1,100,,5240,5,,,1,101,,5241,5,,,1
800,'65032',617,,5260,5,,,1,101,,5261,5,,,1,29,,5262,5,,,1,68,,5263,5,,,1,19,,5264,5,,,1,71,,5244,5,,,1,30,,5245,5,,,1,69,,5246,5,,,1,30,,5247,5,,,1,69,,5248,5,,,1,30,,5249,5,,,1,70,,5250,5,,,1,30,,5251,5,,,1,70,,5252,5,,,1,30,,5253,5,,,1,69,,5254,5,,,1,30,,5255,5,,,1,70,,5256,5,,,1,31,,5257,5,,,1,71,,5258,5,,,1,29,,5259,5,,,1,70,,5265,5,,,1,32,,5266,5,,,1,70,,5273,5,,,1,22,,5267,5,,,1,25,,5274,5,,,1,63,,5268,5,,,1,101,,5269,5,,,1,101,,5270,5,,,1,100,,5271,5,,,1,101,,5272,5,,,1
900,'65030',701,,5387,5,,,0,14,,5388,5,,,0,43,,5389,5,,,0,70,,5390,5,,,0,26,,5395,5,,,0,61,,5394,5,,,0,40,,5396,5,,,0,60,,5402,5,,,0,39,,5397,5,,,0,59,,5403,5,,,0,38,,5398,5,,,0,60,,5404,5,,,0,40,,5399,5,,,0,62,,5405,5,,,0,40,,5400,5,,,0,60,,5406,5,,,0,25,,5420,5,,,0,62,,5401,5,,,0,21,,5407,5,,,0,24,,5408,5,,,0,66,,5409,5,,,0,20,,5410,5,,,0,25,,5411,5,,,0,71,,5412,5,,,0,76,,5415,5,,,0,25,,5413,5,,,0,78,,5414,5,,,0
900,'65031',1024,,5422,5,,,0,98,,5423,5,,,0,101,,5424,5,,,0,98,,5425,5,,,0,98,,5426,5,,,0,105,,5427,5,,,0,97,,5428,5,,,0
900,'65032',1024,,5437,5,,,0,98,,5438,5,,,0,101,,5439,5,,,0,98,,5440,5,,,0,98,,5441,5,,,0,105,,5442,5,,,0,97,,5443,5,,,0
1101,'65030',548,,5635,5,,,0,69,,5636,5,,,0,33,,5692,38,0,54,0,58,,5637,38,,,0,31,,5638,38,,,0,68,,5693,38,,,0,15,,5639,38,,,0,29,,5640,38,,,0,67,,5641,38,,,0,25,,5642,38,,,0,68,,5643,38,,,0,15,,5656,16,0,54,0,15,,5644,38,,,0,70,,5645,38,,,0,17,,5657,16,0,54,0,13,,5646,38,,,0,15,,5661,16,0,54,0,55,,5647,38,,,0,14,,5658,16,0,54,0,16,,5648,38,,,0,15,,5662,16,0,54,0,55,,5649,38,,,0,14,,5659,16,0,54,0,16,,5650,38,,,0,70,,5651,38,,,0,12,,5660,16,0,54,0,17,,5652,38,,,0,16,,5663,16,0,54,0,56,,5653,38,,,0,9,,5655,16,0,54,0,9,,5664,16,0,54,0,12,,5654,38,,,0,13,,5680,38,0,54,0,48,,5681,16,0,54,0,7,,5682,16,0,54,0,9,,5665,38,,,0,16,,5683,16,0,54,0,14,,5666,38,,,0,7,,5684,16,0,54,0,52,,5685,16,0,54,0,10,,5667,38,,,0,15,,5686,16,0,54,0,15,,5668,38,,,0,55,,5677,38,0,54,0,15,,5669,38,,,0,20,,5670,38,,,0,15,,5687,16,0,54,0,56,,5671,38,,,0,9,,5688,16,0,54,0,20,,5672,38,,,0,70,,5689,38,0,54,0,30,,5673,38,,,0,65,,5678,38,0,54,0,26,,5679,38,0,54,0,15,,5674,38,,,0,12,,5690,38,0,54,0,54,,5691,16,0,54,0,32,,5675,38,,,0,103,,5676,38,,,0,77,,5694,38,0,54,0
1101,'65031',643,,5713,5,,,0,98,,5714,5,,,0,95,,5712,38,,,0,79,,5695,16,,,0,34,,5704,38,0,54,0,65,,5696,38,,,0,35,,5705,38,0,54,0,65,,5697,38,,,0,35,,5706,38,0,54,0,65,,5698,38,,,0,35,,5707,38,0,54,0,65,,5699,38,,,0,35,,5708,38,0,54,0,65,,5700,38,,,0,34,,5709,38,0,54,0,70,,5701,38,,,0,30,,5710,38,0,54,0,71,,5702,38,,,0,32,,5711,38,0,54,0,69,,5703,38,,,0,14,,5715,38,0,54,0,15,,5716,38,,,0,70,,5717,38,0,54,0,24,,5718,38,,,0,101,,5719,38,,,0,100,,5720,38,,,0,99,,5721,38,,,0,100,,5722,38,,,0,100,,5723,38,,,0
1101,'65032',643,,5742,5,,,0,98,,5743,5,,,0,95,,5741,38,,,0,79,,5724,16,,,0,34,,5733,38,0,54,0,65,,5725,38,,,0,35,,5734,38,0,54,0,65,,5726,38,,,0,35,,5735,38,0,54,0,65,,5727,38,,,0,35,,5736,38,0,54,0,65,,5728,38,,,0,35,,5737,38,0,54,0,65,,5729,38,,,0,34,,5738,38,0,54,0,70,,5730,38,,,0,30,,5739,38,0,54,0,71,,5731,38,,,0,32,,5740,38,0,54,0,69,,5732,38,,,0,14,,5744,38,0,54,0,15,,5745,38,,,0,70,,5746,38,0,54,0,24,,5747,38,,,0,101,,5748,38,,,0,100,,5749,38,,,0,99,,5750,38,,,0,100,,5751,38,,,0,100,,5752,38,,,0
1101,'65035',1525,,5753,5,0,54,0,106,,5754,16,0,54,0
1400,'65030',635,,5893,5,,,0,17,,5894,5,,,0,66,,5895,5,,,0,28,,5896,5,,,0,69,,5897,5,,,0,24,,5898,5,,,0,75,,5899,5,,,0,28,,5910,5,,,0,72,,5900,5,,,0,28,,5911,5,,,0,72,,5901,5,,,0,20,,5906,5,,,0,18,,5912,5,,,0,60,,5902,5,,,0,21,,5907,5,,,0,21,,5913,5,,,0,61,,5903,5,,,0,16,,5908,5,,,0,22,,5914,5,,,0,62,,5904,5,,,0,17,,5909,5,,,0,18,,5915,5,,,0,64,,5905,5,,,0,18,,5916,5,,,0,16,,5917,5,,,0,65,,5918,5,,,0,23,,5919,5,,,0,77,,5920,5,,,0,22,,5921,5,,,0,77,,5922,5,,,0,25,,5923,5,,,0,71,,5924,5,,,0,30,,5925,5,,,0,65,,5926,5,,,0,29,,5927,5,,,0,77,,5928,5,,,0,21,,5929,5,,,0,74,,5930,5,,,0,19,,5931,5,,,0,84,,5932,5,,,0,22,,5933,5,,,0,93,,5934,5,,,0
1400,'65031',706,,5944,5,,,0,97,,5945,5,,,0,46,,5935,5,,,0,103,,5936,5,,,0,98,,5937,5,,,0,100,,5938,5,,,0,100,,5939,5,,,0,101,,5940,5,,,0,100,,5941,5,,,0,99,,5942,5,,,0,105,,5943,5,,,0,96,,5946,5,,,0,151,,5947,5,,,0,100,,5948,5,,,0,101,,5949,5,,,0,101,,5950,5,,,0,101,,5951,5,,,0,116,,5952,5,,,0
1400,'65032',706,,5962,5,,,0,97,,5963,5,,,0,46,,5953,5,,,0,103,,5954,5,,,0,98,,5955,5,,,0,100,,5956,5,,,0,100,,5957,5,,,0,101,,5958,5,,,0,100,,5959,5,,,0,99,,5960,5,,,0,105,,5961,5,,,0,96,,5964,5,,,0,151,,5965,5,,,0,100,,5966,5,,,0,101,,5967,5,,,0,101,,5968,5,,,0,101,,5969,5,,,0,116,,5970,5,,,0
1400,'65036',741,,5971,5,,,0
1600,'65030',614,,6136,5,,,0,41,,6135,5,,,0,58,,6134,5,,,0,14,,6133,5,,,0,14,,6132,5,,,0,18,,6131,5,,,0,72,,6130,5,,,0,28,,6129,5,,,0,64,,6143,5,,,0,32,,6137,5,,,0,69,,6144,5,,,0,31,,6138,5,,,0,67,,6145,5,,,0,12,,6149,5,,,0,15,,6139,5,,,0,53,,6150,5,,,0,16,,6146,5,,,0,17,,6169,5,,,0,19,,6140,5,,,0,71,,6147,5,,,0,30,,6141,5,,,0,68,,6148,5,,,0,29,,6142,5,,,0,56,,6171,5,,,0,17,,6168,5,,,0,24,,6151,5,,,0,64,,6152,5,,,0,12,,6153,5,,,0,15,,6154,5,,,0,19,,6155,5,,,0,55,,6156,5,,,0,17,,6157,5,,,0,20,,6158,5,,,0,66,,6170,5,,,0,26,,6159,5,,,0,67,,6160,5,,,0,29,,6161,5,,,0,71,,6162,5,,,0,33,,6163,5,,,0,69,,6172,5,,,0,29,,6164,5,,,0,63,,6165,5,,,0,16,,6166,5,,,0,35,,6167,5,,,0
1600,'65031',644,,6188,5,,,0,101,,6182,5,,,0,99,,6181,5,,,0,92,,6189,5,,,0,67,,6173,5,,,0,100,,6174,5,,,0,100,,6175,5,,,0,101,,6176,5,,,0,100,,6177,5,,,0,101,,6178,5,,,0,99,,6179,5,,,0,99,,6180,5,,,0,101,,6183,5,,,0,39,,6184,5,,,0,100,,6185,5,,,0,100,,6186,5,,,0,166,,6187,5,,,0
1600,'65032',644,,6205,5,,,0,101,,6199,5,,,0,99,,6198,5,,,0,92,,6206,5,,,0,67,,6190,5,,,0,100,,6191,5,,,0,100,,6192,5,,,0,101,,6193,5,,,0,100,,6194,5,,,0,101,,6195,5,,,0,99,,6196,5,,,0,99,,6197,5,,,0,101,,6200,5,,,0,39,,6201,5,,,0,100,,6202,5,,,0,100,,6203,5,,,0,166,,6204,5,,,0
1900,'65030',700,,6530,19,,,0,40,,6531,19,,,0,14,,6532,19,,,0,71,,6533,19,,,0,30,,6534,19,,,0,72,,6548,19,,,0,30,,6547,19,,,0,71,,6546,19,,,0,30,,6545,19,,,0,70,,6544,19,,,0,31,,6543,19,,,0,72,,6542,19,,,0,28,,6541,19,,,0,72,,6540,19,,,0,69,,6539,19,,,0,28,,6538,19,,,0,31,,6537,19,,,0,71,,6536,19,,,0,73,,6535,19,,,0,22,,6555,19,,,0,25,,6554,19,,,0,63,,6553,19,,,0,28,,6552,19,,,0,68,,6551,19,,,0,28,,6550,19,,,0
2900,'65033',2437,,6951,5,,,0,70,,6952,5,,,0,30,,6953,5,,,0,70,,6954,5,,,0,30,,6955,5,,,0
91900,'65030',601,,7879,19,,,0
