101,'65030',1612,,4035,52,4,,0,320,,4049,52,4,,0,421,,4053,29,4,,0
300,'65030',600,,4213,1,,,0,15,,4269,1,,,0,14,9,4214,1,,,0,14,,4215,1,,,0,13,9,4216,1,,,0,50,57,4217,1,,,0,8,11,4218,1,,,0,5,,4219,1,,,0,7,8,4220,1,,,0,8,15,4221,1,,,0,10,9,4222,1,,,0,58,48,4223,1,,,0,17,8,4224,1,,,0,17,9,4270,1,,,0,15,8,4225,1,,,0,60,9,4226,1,,,0,20,13,4227,1,,,0,20,16,4228,1,,,0,60,57,4229,1,,,0,20,7,4230,1,,,0,19,16,4231,1,,,0,59,,4232,1,,,0,20,16,4233,1,,,0,20,15,4234,1,,,0,59,49,4235,1,,,0,20,,4236,1,,,0,20,,4237,1,,,0,60,,4238,1,,,0,20,3,4239,1,,,0,20,28,4240,1,,,0,60,,4241,1,,,0,15,9,4242,1,,,0,14,,4243,1,,,0,14,15,4245,1,,,0,55,51,4251,1,,,0,9,7,4246,1,,,0,10,25,4247,1,,,0,9,18,4248,1,,,0,10,16,4249,1,,,0,10,,4250,1,,,0,57,52,4252,1,,,0,14,12,4253,1,,,0,15,15,4254,1,,,0,15,10,4255,1,,,0,65,16,4256,1,,,0,24,13,4257,1,,,0,60,50,4258,1,,,0,21,9,4259,1,,,0,25,21,4260,1,,,0,72,,4261,1,,,0,30,6,4262,1,,,0,71,17,4267,1,,,0,25,22,4263,1,,,0,60,4,4264,1,,,0,21,4,4265,1,,,0,78,55,4266,1,,,0,32,9,4244,1,,,0
300,'65031',701,59,4287,1,,,0,24,8,4288,1,,,0,33,5,4289,1,,,0,62,,4300,1,,,0,23,17,4271,1,,,0,68,57,4272,1,,,0,30,22,4273,1,,,0,68,57,4274,1,,,0,30,26,4275,1,,,0,69,58,4276,1,,,0,30,16,4277,1,,,0,70,55,4278,1,,,0,29,5,4279,1,,,0,70,54,4280,1,,,0,29,23,4281,1,,,0,69,52,4282,1,,,0,30,22,4283,1,,,0,70,58,4284,1,,,0,31,23,4285,1,,,0,70,,4286,1,,,0,28,21,4290,1,,,0,22,5,4291,1,,,0,58,56,4292,1,,,0,31,6,4293,1,,,0,76,65,4294,1,,,0,35,13,4295,1,,,0,72,24,4301,1,,,0,31,3,4296,1,,,0,100,3,4297,1,,,0,141,44,4298,1,,,0,102,48,4299,1,,,0
300,'65032',701,59,4318,1,,,0,24,8,4319,1,,,0,33,5,4320,1,,,0,62,,4331,1,,,0,23,17,4302,1,,,0,68,57,4303,1,,,0,30,22,4304,1,,,0,68,57,4305,1,,,0,30,26,4306,1,,,0,69,58,4307,1,,,0,30,16,4308,1,,,0,70,55,4309,1,,,0,29,5,4310,1,,,0,70,54,4311,1,,,0,29,23,4312,1,,,0,69,52,4313,1,,,0,30,22,4314,1,,,0,70,58,4315,1,,,0,31,23,4316,1,,,0,70,,4317,1,,,0,28,21,4321,1,,,0,22,5,4322,1,,,0,58,56,4323,1,,,0,31,6,4324,1,,,0,76,65,4325,1,,,0,35,13,4326,1,,,0,72,24,4332,1,,,0,31,3,4327,1,,,0,100,3,4328,1,,,0,141,44,4329,1,,,0,102,48,4330,1,,,0
301,'65030',832,,4341,64,4,,0,485,,4357,64,4,,0,37,,4359,64,4,,0,361,,4371,64,4,,0,26,,4374,64,4,,0,481,,4385,64,4,,0
301,'65031',2025,,4421,64,4,,0
301,'65032',2025,,4453,64,4,,0
401,'65030',827,,4562,57,4,,0,28,,4563,57,4,,0,200,,4570,54,4,,0,171,,4573,54,4,,0,499,,4598,22,4,,0,85,,4588,54,4,,0,201,,4585,54,4,,0
401,'65031',1238,,4610,22,4,,0,906,,4634,22,4,,0
401,'65032',1238,,4640,22,4,,0,906,,4664,22,4,,0
1100,'65030',626,,5563,32,4,,0,21,,5578,32,4,,0,71,3,5519,53,,,0,28,3,5520,53,,,0,59,3,5524,32,,,0,15,,5567,53,4,,0,7,,5566,32,4,,0,15,3,5521,53,,,0,6,,5565,32,4,,0,54,43,5522,53,,,0,13,,5564,32,4,,0,25,3,5523,53,,,0,12,,5571,32,4,,0,56,3,5525,53,,,0,12,,5568,32,4,,0,18,3,5526,53,,,0,11,,5572,32,4,,0,59,3,5527,53,,,0,11,,5560,32,4,,0,19,3,5528,53,,,0,11,,5573,32,4,,0,59,3,5529,53,,,0,9,,5561,32,4,,0,21,3,5530,53,,,0,11,,5559,32,4,,0,59,3,5531,53,,,0,12,,5562,32,4,,0,18,3,5532,53,,,0,11,,5557,32,4,,0,59,3,5533,53,,,0,12,,5558,32,4,,0,17,3,5534,53,,,0,15,3,5576,32,,,0,57,3,5535,53,,,0,11,,5554,32,4,,0,19,3,5536,53,,,0,11,,5556,32,4,,0,61,4,5537,53,,,0,4,,5552,32,4,,0,10,,5555,32,4,,0,16,5,5538,53,,,0,14,4,5549,32,,,0,53,4,5539,53,,,0,10,,5574,32,4,,0,17,4,5540,53,,,0,15,,5577,32,4,,0,57,3,5541,53,,,0,9,,5575,32,4,,0,20,3,5542,53,,,0,9,,5553,32,4,,0,56,43,5569,53,,,0,33,3,5543,53,,,0,70,3,5544,53,,,0,43,3,5545,53,,,0,71,3,5550,32,,,0,29,3,5546,53,,,0,68,3,5551,32,0,24 1 25,0,37,5,5547,53,,,0,99,5,5548,53,0,24 1 25,0,85,,5570,53,4,,0
1100,'65031',740,3,5594,32,,,0,100,3,5595,53,,,0,73,3,5596,32,,,0,25,3,5579,53,,,0,72,3,5580,53,,,0,34,3,5587,32,,,0,66,3,5581,53,,,0,24,3,5588,32,,,0,68,43,5582,53,,,0,31,3,5589,32,,,0,26,3,5583,53,,,0,76,3,5590,32,,,0,70,3,5584,53,,,0,29,3,5591,32,,,0,71,3,5585,53,,,0,29,3,5592,32,,,0,74,3,5586,53,,,0,26,3,5593,32,,,0,74,3,5597,53,,,0,27,3,5598,53,,,0,82,,5599,32,4,,0,22,3,5600,53,,,0,97,3,5601,53,,,0,100,3,5602,53,,,0,100,3,5603,53,,,0,100,3,5604,53,,,0,107,3,5605,53,0,24 1 25,0
1100,'65032',740,3,5621,32,,,0,100,3,5622,53,,,0,73,3,5623,32,,,0,25,3,5606,53,,,0,72,3,5607,53,,,0,34,3,5614,32,,,0,66,3,5608,53,,,0,24,3,5615,32,,,0,68,43,5609,53,,,0,31,3,5616,32,,,0,26,3,5610,53,,,0,76,3,5617,32,,,0,70,3,5611,53,,,0,29,3,5618,32,,,0,71,3,5612,53,,,0,29,3,5619,32,,,0,74,3,5613,53,,,0,26,3,5620,32,,,0,74,3,5624,53,,,0,27,3,5625,53,,,0,82,,5626,32,4,,0,22,3,5627,53,,,0,97,3,5628,53,,,0,100,3,5629,53,,,0,100,3,5630,53,,,0,100,3,5631,53,,,0,107,3,5632,53,0,24 1 25,0
1100,'65037',823,,5633,32,4,,0,11,,5634,32,4,,0
1200,'65030',606,,5755,1,,,0,27,7,5756,1,,,0,16,4,5757,1,,,0,61,61,5758,1,,,0,13,6,5759,1,,,0,14,12,5760,1,,,0,9,9,5761,1,,,0,67,57,5762,1,,,0,10,9,5763,1,,,0,30,8,5764,1,,,0,65,8,5765,1,,,0,32,16,5766,1,,,0,72,10,5767,1,,,0,28,13,5768,1,,,0,70,7,5769,1,,,0,28,14,5770,1,,,0,70,7,5771,1,,,0,31,,5772,1,,,0,69,,5773,1,,,0,34,14,5774,1,,,0,69,16,5775,1,,,0,30,12,5776,1,,,0,69,,5777,1,,,0,28,,5778,1,,,0,66,8,5779,1,,,0,26,8,5780,1,,,0,16,9,5781,1,,,0,67,8,5782,1,,,0,26,15,5783,1,,,0,65,8,5784,1,,,0,91,50,5785,1,,,0,101,,5786,1,,,0,23,18,5787,1,,,0,78,61,5788,1,,,0
1200,'65031',704,49,5798,1,,,0,101,,5799,1,,,0,95,46,5789,1,,,0,45,24,5790,1,,,0,100,25,5791,1,,,0,99,16,5792,1,,,0,99,20,5793,1,,,0,100,,5794,1,,,0,100,20,5795,1,,,0,100,20,5796,1,,,0,100,20,5797,1,,,0,81,5,5800,1,,,0,76,,5801,1,,,0,101,47,5802,1,,,0,102,49,5803,1,,,0,100,46,5804,1,,,0,100,50,5805,1,,,0,102,53,5806,1,,,0
1200,'65032',704,49,5816,1,,,0,101,,5817,1,,,0,95,46,5807,1,,,0,45,24,5808,1,,,0,100,25,5809,1,,,0,99,16,5810,1,,,0,99,20,5811,1,,,0,100,,5812,1,,,0,100,20,5813,1,,,0,100,20,5814,1,,,0,100,20,5815,1,,,0,81,5,5818,1,,,0,76,,5819,1,,,0,101,47,5820,1,,,0,102,49,5821,1,,,0,100,46,5822,1,,,0,100,50,5823,1,,,0,102,53,5824,1,,,0
1201,'65030',1305,,5838,39,4,,0,398,,5847,39,4,,0,101,,5851,39,4,,0,117,,5854,39,4,,0
1201,'65031',1710,,5868,39,4,,0
1201,'65032',1710,,5883,39,4,,0
1700,'65030',1650,,6304,40,4,,0
1700,'65031',1613,,6323,40,4,,0
1700,'65032',1613,,6338,40,4,,0
1701,'65030',642,3,6348,22,,,0,67,3,6349,22,,,0,32,6,6350,1,,,0,77,3,6351,22,,,0,20,3,6352,25,,,0,76,11,6353,1,,,0,26,3,6354,22,,,0,61,43,6355,22,,,0,41,3,6356,22,,,0,60,53,6357,1,,,0,20,20,6379,1,,,0,21,9,6358,1,,,0,80,6,6359,1,,,0,32,19,6360,1,,,0,68,18,6361,1,,,0,24,3,6362,22,,,0,81,6,6363,1,,,0,21,3,6364,22,,,0,62,3,6377,22,,,0,35,3,6365,22,,,0,56,43,6366,22,,,0,27,4,6367,22,,,0,19,4,6368,25,,,0,67,4,6369,22,,,0,28,4,6371,22,,,0,58,44,6370,22,,,0,32,8,6372,1,,,0,26,14,6373,1,,,0,66,3,6374,22,,,0,91,16,6375,1,,,0,96,72,6376,1,,,0,97,5,6378,1,0,7 17 1 53,0
1701,'65031',820,14,6388,1,,,0,95,9,6380,1,,,0,99,7,6381,1,,,0,101,9,6382,1,,,0,100,8,6383,1,,,0,99,6,6384,1,,,0,100,6,6385,1,,,0,100,6,6386,1,,,0,100,61,6387,1,,,0,104,5,6389,1,,,0,92,8,6390,1,,,0,45,32,6391,1,,,0,100,10,6392,1,,,0,100,10,6393,1,,,0
1701,'65032',820,14,6402,1,,,0,95,9,6394,1,,,0,99,7,6395,1,,,0,101,9,6396,1,,,0,100,8,6397,1,,,0,99,6,6398,1,,,0,100,6,6399,1,,,0,100,6,6400,1,,,0,100,61,6401,1,,,0,104,5,6403,1,,,0,92,8,6404,1,,,0,45,32,6405,1,,,0,100,10,6406,1,,,0,100,10,6407,1,,,0
5501,'65030',833,6,7295,105,,,0,111,5,7296,105,,,0,156,45,7297,105,,,0,119,5,7298,105,,,0,113,4,7299,105,,,0,115,4,7300,105,,,0,158,47,7301,105,,,0,118,5,7302,105,,,0,110,5,7303,105,,,0
5501,'65031',921,5,7312,105,,,0,110,5,7311,105,,,0,110,5,7310,105,,,0,112,5,7309,105,,,0,150,45,7308,105,,,0,110,5,7307,105,,,0,107,5,7305,105,,,0
5501,'65032',921,5,7320,105,,,0,110,5,7319,105,,,0,110,5,7318,105,,,0,112,5,7317,105,,,0,150,45,7316,105,,,0,110,5,7315,105,,,0,107,5,7313,105,,,0
41100,'65030',652,,7370,1,,,0,65,,7371,1,,,0,17,,7372,1,,,0,17,,7373,1,,,0,68,3,7374,1,,,0,24,7,7375,1,,,0,1409,4,7369,1,,,0
41100,'65031',748,5,7376,1,,,0,100,7,7377,1,,,0,1400,4,7378,1,,,0
41100,'65032',748,5,7379,1,,,0,100,7,7380,1,,,0,1400,4,7381,1,,,0
60300,'65030',600,,7637,3,4,,0,6,,7638,3,4,,0,9,,7639,3,4,,0,28,,7640,3,4,,0,76,,7641,3,4,,0,390,,7642,3,4,,0,119,,7645,3,4,,0,80,,7648,3,4,,0,10,,7649,3,4,,0,90,,7650,3,4,,0,29,,7651,3,4,,0,83,,7655,3,4,,0,34,,7657,3,4,,0,368,,7659,3,4,,0,84,,7660,3,4,,0
60300,'65031',820,,7661,3,4,,0,523,,7664,3,4,,0,263,,7665,3,4,,0,194,,7668,3,4,,0
60300,'65032',820,,7669,3,4,,0,523,,7672,3,4,,0,263,,7673,3,4,,0,194,,7676,3,4,,0
60301,'65030',820,,7679,1,,,0,7,,7680,1,,,0,5,,7681,1,,,0,16,,7682,1,,,0,7,,7683,1,,,0,60,,7684,1,,,0,140,,7685,1,,,0,171,,7686,1,,,0,23,,7687,1,,,0,56,,7688,1,,,0,12,,7689,1,,,0,37,,7690,1,,,0,258,,7691,1,,,0,38,,7692,1,,,0,53,,7693,1,,,0,12,,7694,1,,,0,10,,7695,1,,,0,16,,7696,1,,,0,9,,7697,1,,,0,54,,7698,1,,,0,6,,7699,1,,,0,111,,7700,1,,,0,11,,7701,1,,,0,79,,7702,1,,,0,211,,7678,1,,,0,79,,7703,1,,,0,52,,7704,1,,,0,83,,7677,1,,,0
60301,'65031',1238,,7705,1,,,0,375,,7706,1,,,0,97,,7707,1,,,0,107,,7708,1,,,0,208,,7709,1,,,0,119,,7710,1,,,0,210,,7711,1,,,0
60301,'65032',1238,,7712,1,,,0,375,,7713,1,,,0,97,,7714,1,,,0,107,,7715,1,,,0,208,,7716,1,,,0,119,,7717,1,,,0,210,,7718,1,,,0
90300,'65030',2251,4,7807,1,,,0,100,3,7809,1,0,37 1 38,0,58,8,7808,1,,,0
90300,'65031',2351,7,7810,1,0,37 1 38,0,59,5,7811,1,,,0
90300,'65032',2351,7,7812,1,0,37 1 38,0,59,5,7813,1,,,0
91200,'65030',2201,50,7852,1,,,0,101,49,7853,1,,,0
91201,'65030',2301,,7854,43,4,,0
91201,'65031',2354,,7857,43,4,,0
91201,'65032',2354,,7859,43,4,,0
91701,'65030',2352,4,7867,1,,,0
91801,'65030',2254,2,7872,6,,,0
91801,'65031',2155,2,7874,6,,,0,98,2,7875,6,,,0
91801,'65032',2155,2,7877,6,,,0,98,2,7878,6,,,0
