401,'65030',643,,4559,16,,,0,62,,4560,16,,,0,16,,4561,16,,,0,24,,4562,16,,,0,71,,4563,16,,,0,30,,4600,16,,,0,70,,4601,16,0,5 6,0,35,,4569,16,,,0,70,,4570,16,,,0,38,,4571,16,,,0,65,,4572,16,,,0,27,,4573,16,,,0,75,,4574,16,0,5 6,0,25,,4575,16,,,0,74,,4576,16,0,5 6,0,24,,4577,16,,,0,72,,4578,16,0,5 6,0,30,,4579,16,,,0,70,,4580,16,0,5 6,0,36,,4591,16,0,5 6,0,70,,4592,16,,,0,32,,4590,16,0,5 6,0,64,,4589,16,0,5 6,0,15,,4588,16,,,0,20,,4587,16,,,0,66,,4599,16,,,0,91,,4586,16,,,0,25,,4585,16,,,0,71,,4584,16,,,0,28,,4583,16,,,0,76,,4582,16,,,0,85,,4581,16,0,5 6,0
401,'65031',810,,4623,16,,,0,126,,4615,16,,,0,99,,4616,16,,,0,100,,4617,16,,,0,100,,4618,16,,,0,100,,4619,16,,,0,100,,4620,16,,,0,101,,4621,16,,,0,100,,4622,16,,,0,97,,4637,16,,,0,21,,4628,16,,,0,60,,4629,16,,,0
401,'65032',810,,4653,16,,,0,126,,4645,16,,,0,99,,4646,16,,,0,100,,4647,16,,,0,100,,4648,16,,,0,100,,4649,16,,,0,100,,4650,16,,,0,101,,4651,16,,,0,100,,4652,16,,,0,97,,4667,16,,,0,21,,4658,16,,,0,60,,4659,16,,,0
401,'65035',739,,4668,16,,,0
5500,'65030',824,,7269,99,,,0,113,,7270,99,,,0,110,,7271,99,,,0,155,,7278,99,,,0,121,,7272,99,,,0,112,,7273,99,,,0,118,,7274,99,,,0,161,,7275,99,,,0,111,,7276,99,,,0
5500,'65031',909,,7284,99,,,0,111,,7286,99,,,0,111,,7285,99,,,0,110,,7283,99,,,0,113,,7282,99,,,0,150,,7281,99,,,0,113,,7280,99,,,0
5500,'65032',909,,7292,99,,,0,111,,7294,99,,,0,111,,7293,99,,,0,110,,7291,99,,,0,113,,7290,99,,,0,150,,7289,99,,,0,113,,7288,99,,,0
90401,'65030',604,,7832,15,,,0,1703,,7833,15,,,0
90401,'65031',612,,7834,15,,,0,100,,7835,15,,,0,1197,,7836,15,,,0,100,,7837,15,,,0,100,,7838,15,,,0,100,,7839,15,,,0,100,,7840,15,,,0
90401,'65032',612,,7841,15,,,0,100,,7842,15,,,0,1197,,7843,15,,,0,100,,7844,15,,,0,100,,7845,15,,,0,100,,7846,15,,,0,100,,7847,15,,,0
