100,'65030',637,,3969,6,,,0,85,,3970,6,,,0,19,,3971,6,,,0,71,,3972,6,,,0,28,,3973,6,,,0,78,,3974,32,,,0,30,,3981,6,,,0,69,,3975,32,,,0,31,,3982,6,,,0,69,,3976,32,,,0,28,,3983,6,,,0,73,,3977,32,,,0,29,,3984,6,,,0,70,,3978,32,,,0,30,,3985,6,,,0,70,,3979,32,,,0,30,,3986,6,,,0,69,,3980,6,,,0,23,,3987,6,,,0,64,,3988,6,,,0,29,,3989,6,,,0,22,,3991,32,,,0,68,,3992,32,,,0,25,,3993,32,,,0,65,,3994,32,,,0,37,,3990,6,,,0,97,,3995,32,,,0,100,,3996,32,,,0,96,,3997,32,,,0
100,'65031',919,,4000,6,,,0,99,,4001,6,,,0,100,,4002,6,,,0,100,,4003,6,,,0,100,,4004,6,,,0,100,,4005,6,,,0,100,,4006,6,,,0,100,,4007,6,,,0,98,,4008,6,,,0,42,,4010,6,,,0
100,'65032',919,,4011,6,,,0,99,,4012,6,,,0,100,,4013,6,,,0,100,,4014,6,,,0,100,,4015,6,,,0,100,,4016,6,,,0,100,,4017,6,,,0,100,,4018,6,,,0,98,,4019,6,,,0,42,,4021,6,,,0
400,'65030',647,,4459,27,,,0,56,,4454,27,,,0,21,,4455,6,,,0,30,,4456,6,,,0,71,,4457,27,,,0,32,,4462,30,,,0,75,,4463,6,,,0,70,,4464,6,,,0,38,,4465,6,,,0,65,,4466,6,,,0,27,,4467,6,,,0,75,,4468,6,,,0,25,,4469,6,,,0,74,,4470,6,,,0,24,,4471,6,,,0,72,,4472,27,,,0,30,,4473,27,,,0,69,,4474,27,,,0,35,,4461,27,,,0,70,,4475,27,,,0,32,,4476,30,,,0,65,,4477,27,,,0,15,,4478,27,,,0,20,,4479,27,,,0,68,,4495,27,,,0,51,,4484,27,,,0,65,,4483,27,,,0,31,,4482,27,,,0,68,,4481,27,,,0,36,,4480,27,,,0,85,,4488,27,,,0
400,'65031',918,,4511,27,,,0,99,,4512,27,,,0,100,,4513,27,,,0,100,,4514,27,,,0,100,,4515,27,,,0,100,,4516,27,,,0,101,,4517,27,,,0,100,,4518,27,,,0,97,,4529,27,,,0,21,,4521,27,,,0,20,,4522,27,,,0,75,,4523,27,,,0
400,'65032',918,,4539,27,,,0,99,,4540,27,,,0,100,,4541,27,,,0,100,,4542,27,,,0,100,,4543,27,,,0,100,,4544,27,,,0,101,,4545,27,,,0,100,,4546,27,,,0,97,,4557,27,,,0,21,,4549,27,,,0,20,,4550,27,,,0,75,,4551,27,,,0
5500,'65030',814,,7269,83,,,0,115,,7270,83,,,0,110,,7271,83,,,0,115,,7278,83,,,0,161,,7272,83,,,0,112,,7273,83,,,0,118,,7274,83,,,0,160,,7275,83,,,0,112,,7276,83,,,0
5500,'65031',901,,7284,83,,,0,111,,7286,83,,,0,111,,7285,83,,,0,110,,7283,83,,,0,113,,7282,83,,,0,110,,7281,83,,,0,153,,7280,83,,,0
5500,'65032',901,,7292,83,,,0,111,,7294,83,,,0,111,,7293,83,,,0,110,,7291,83,,,0,113,,7290,83,,,0,110,,7289,83,,,0,153,,7288,83,,,0
90400,'65030',2212,,7814,6,0,7 8 1 9,0,28,,7815,6,0,7 8 1 9,0,100,,7816,6,0,7 8 1 9,0,106,,7817,6,,,0
90400,'65031',734,,7818,6,0,7 8 1 9,0,1202,,7819,6,0,7 8 1 9,0,100,,7820,6,0,7 8 1 9,0,100,,7821,6,0,7 8 1 9,0,100,,7822,6,0,7 8 1 9,0,98,,7823,6,0,7 8 1 9,0,112,,7824,6,,,0
90400,'65032',734,,7825,6,0,7 8 1 9,0,1202,,7826,6,0,7 8 1 9,0,100,,7827,6,0,7 8 1 9,0,100,,7828,6,0,7 8 1 9,0,100,,7829,6,0,7 8 1 9,0,98,,7830,6,0,7 8 1 9,0,112,,7831,6,,,0
