600,'65040',714,,8668,20,,,0,44,,8669,20,,,0,78,,8670,20,,,0,66,,8671,20,,,0,27,,8672,20,,,0,29,,8673,20,,,0,70,,8674,20,,,0,30,,8675,20,,,0,70,,8676,20,,,0,30,,8677,20,,,0,72,,8678,20,,,0,29,,8679,20,,,0,73,,8680,20,,,0,26,,8681,20,,,0,72,,8682,20,,,0,70,,8683,20,,,0,23,,8684,20,,,0,25,,8685,20,,,0,73,,8686,20,,,0,21,,8687,20,,,0,17,,8688,20,,,0,69,,8689,20,,,0,30,,8690,20,,,0,73,,8691,20,,,0,92,,8692,20,,,0,93,,8693,20,,,0,100,,8694,20,,,0,39,,8695,20,,,0,70,,8696,20,,,0,28,,8697,20,,,0,66,,8698,20,,,0
600,'65041',702,,8708,20,,,0,48,,8709,20,,,0,65,,8710,20,,,0,97,,8700,20,,,0,94,,8701,20,,,0,97,,8702,20,,,0,100,,8703,20,,,0,100,,8704,20,,,0,100,,8705,20,,,0,100,,8706,20,,,0,100,,8707,20,,,0,100,,8718,20,,,0,109,,8716,20,,,0,89,,8715,20,,,0,103,,8714,20,,,0,101,,8713,20,,,0,100,,8712,20,,,0,100,,8711,20,,,0
600,'65042',702,,8727,20,,,0,48,,8728,20,,,0,65,,8729,20,,,0,97,,8719,20,,,0,94,,8720,20,,,0,97,,8721,20,,,0,100,,8722,20,,,0,100,,8723,20,,,0,100,,8724,20,,,0,100,,8725,20,,,0,100,,8726,20,,,0,100,,8737,20,,,0,109,,8735,20,,,0,89,,8734,20,,,0,103,,8733,20,,,0,101,,8732,20,,,0,100,,8731,20,,,0,100,,8730,20,,,0
801,'65040',644,,9126,51,,,1,71,,9127,51,,,1,17,,9128,46,,,1,16,,9129,51,,,1,55,,9130,51,,,1,15,,9175,46,,,1,17,,9131,46,,,1,13,,9132,51,,,1,61,,9133,46,,,1,18,,9134,46,,,1,20,,9135,46,,,1,61,,9136,46,,,1,19,,9137,46,,,1,23,,9138,46,,,1,61,,9139,46,,,1,19,,9140,46,,,1,20,,9141,46,,,1,61,,9142,46,,,1,20,,9143,46,,,1,20,,9144,46,,,1,61,,9145,46,,,1,20,,9146,46,,,1,20,,9147,46,,,1,60,,9148,46,,,1,20,,9149,46,,,1,20,,9150,46,,,1,61,,9151,46,,,1,13,,9152,46,,,1,17,,9153,46,,,1,57,,9154,46,,,1,12,,9155,46,,,1,17,,9156,46,,,1,14,,9157,51,,,1,14,,9158,46,,,1,56,,9159,46,,,1,12,,9160,46,,,1,15,,9161,46,,,1,15,,9162,46,,,1,55,,9163,46,,,1,19,,9164,46,,,1,21,,9165,46,,,1,62,,9166,46,,,1,26,,9167,46,,,1,70,,9168,46,,,1,30,,9169,46,,,1,70,,9170,46,,,1,30,,9171,46,,,1,68,,9172,46,,,1,37,,9173,46,,,1,99,,9174,46,,,1
801,'65041',743,,9193,46,,,1,67,,9204,51,,,1,29,,9194,46,,,1,20,,9195,46,,,1,70,,9176,46,,,1,30,,9177,46,,,1,71,,9178,46,,,1,70,,9179,46,,,1,31,,9180,46,,,1,70,,9181,46,,,1,30,,9182,46,,,1,70,,9183,46,,,1,30,,9184,46,,,1,70,,9185,46,,,1,30,,9186,46,,,1,70,,9187,46,,,1,30,,9188,46,,,1,70,,9189,46,,,1,29,,9190,46,,,1,70,,9191,46,,,1,30,,9192,46,,,1,29,,9196,46,,,1,72,,9197,46,,,1,80,,9198,46,,,1,32,,9199,46,,,1,69,,9200,46,,,1,30,,9205,46,,,1,100,,9201,46,,,1,98,,9202,46,,,1,100,,9203,46,,,1
801,'65042',743,,9223,46,,,1,67,,9234,51,,,1,29,,9224,46,,,1,20,,9225,46,,,1,70,,9206,46,,,1,30,,9207,46,,,1,71,,9208,46,,,1,70,,9209,46,,,1,31,,9210,46,,,1,70,,9211,46,,,1,30,,9212,46,,,1,70,,9213,46,,,1,30,,9214,46,,,1,70,,9215,46,,,1,30,,9216,46,,,1,70,,9217,46,,,1,30,,9218,46,,,1,70,,9219,46,,,1,29,,9220,46,,,1,70,,9221,46,,,1,30,,9222,46,,,1,29,,9226,46,,,1,72,,9227,46,,,1,80,,9228,46,,,1,32,,9229,46,,,1,69,,9230,46,,,1,30,,9235,46,,,1,100,,9231,46,,,1,98,,9232,46,,,1,100,,9233,46,,,1
901,'65040',732,,9289,54,,,0,68,,9290,54,,,0,28,,9291,54,,,0,115,,9292,54,,,0,100,,9293,54,,,0,100,,9294,54,,,0,103,,9295,54,,,0,71,,9296,54,,,0,101,,9297,54,,,0,100,,9298,54,,,0,30,,9299,54,,,0,68,,9300,54,,,0,133,,9301,54,,,0
901,'65041',1039,,9313,54,,,0,101,,9314,54,,,0,101,,9320,54,,,0,100,,9319,54,,,0,100,,9318,54,,,0,100,,9317,54,,,0,101,,9316,54,,,0,101,,9315,54,,,0
901,'65042',1039,,9329,54,,,0,101,,9330,54,,,0,101,,9336,54,,,0,100,,9335,54,,,0,100,,9334,54,,,0,100,,9333,54,,,0,101,,9332,54,,,0,101,,9331,54,,,0
1100,'65040',611,,9378,23,0,22 23 2 67,0,43,,9365,23,,,0,71,,9345,44,,,0,14,,9366,23,,,0,18,,9371,23,0,22 23 2 67,0,58,,9346,44,,,0,25,,9347,44,,,0,72,,9367,23,,,0,33,,9348,44,,,0,63,,9368,23,,,0,36,,9349,44,,,0,67,,9372,23,0,22 23 2 67,0,32,,9350,44,,,0,63,,9373,23,0,22 23 2 67,0,40,,9351,44,,,0,61,,9374,23,0,22 23 2 67,0,39,,9352,44,,,0,60,,9369,23,,,0,38,,9353,44,,,0,68,,9370,23,,,0,31,,9354,44,,,0,69,,9355,44,,,0,32,,9356,44,,,0,69,,9357,44,,,0,30,,9358,44,,,0,70,,9359,44,,,0,31,,9376,44,0,22 23 2 67,0,71,,9360,44,,,0,34,,9377,44,0,22 23 2 67,0,79,,9361,44,,,0,24,,9375,23,0,22 23 2 67,0,76,,9362,44,,,0,104,,9363,44,,,0,100,,9364,44,0,57,0,90,,9379,44,0,22 23 2 67,0
1100,'65041',719,,9395,23,,,0,100,,9396,44,,,0,32,,9397,23,,,0,69,,9380,44,,,0,31,,9381,44,,,0,56,,9388,23,,,0,31,,9382,44,,,0,69,,9389,23,,,0,30,,9383,44,,,0,71,,9390,23,,,0,30,,9384,44,,,0,70,,9391,23,,,0,30,,9385,44,,,0,70,,9392,23,,,0,30,,9386,44,,,0,70,,9393,23,,,0,30,,9387,44,,,0,70,,9394,23,,,0,30,,9398,44,,,0,70,,9399,44,,,0,92,,9400,23,0,22 23 2 67,0,21,,9401,44,,,0,99,,9402,44,,,0,100,,9403,44,,,0,99,,9404,44,,,0,100,,9405,44,,,0,99,,9406,44,,,0,100,,9407,44,0,22 23 2 67,0
1100,'65042',719,,9423,23,,,0,100,,9424,44,,,0,32,,9425,23,,,0,69,,9408,44,,,0,31,,9409,44,,,0,56,,9416,23,,,0,31,,9410,44,,,0,69,,9417,23,,,0,30,,9411,44,,,0,71,,9418,23,,,0,30,,9412,44,,,0,70,,9419,23,,,0,30,,9413,44,,,0,70,,9420,23,,,0,30,,9414,44,,,0,70,,9421,23,,,0,30,,9415,44,,,0,70,,9422,23,,,0,30,,9426,44,,,0,70,,9427,44,,,0,92,,9428,23,0,22 23 2 67,0,21,,9429,44,,,0,99,,9430,44,,,0,100,,9431,44,,,0,99,,9432,44,,,0,100,,9433,44,,,0,99,,9434,44,,,0,100,,9435,44,0,22 23 2 67,0
1101,'65040',639,,9472,30,0,54,0,20,,9436,30,,,0,74,,9437,30,,,0,70,,9459,30,0,54,0,36,,9438,30,,,0,18,,9460,30,0,54,0,71,,9461,30,0,54,0,27,,9439,30,,,0,70,,9462,30,0,54,0,30,,9440,30,,,0,80,,9463,30,0,54,0,20,,9441,30,,,0,79,,9473,8,0,54,0,20,,9442,30,,,0,79,,9464,8,0,54,0,23,,9443,30,,,0,70,,9465,8,0,54,0,29,,9444,30,,,0,70,,9445,30,,,0,30,,9446,30,,,0,54,,9466,8,0,54,0,16,,9447,30,,,0,31,,9448,30,,,0,71,,9449,30,,,0,16,,9475,30,0,54,0,14,,9450,30,,,0,69,,9451,30,,,0,30,,9467,30,0,54,0,69,,9452,30,,,0,30,,9476,8,0,54,0,70,,9453,30,,,0,30,,9468,8,0,54,0,55,,9471,30,0,54,0,26,,9454,30,,,0,11,,9469,8,0,54,0,53,,9470,8,0,54,0,33,,9455,30,,,0,104,,9456,30,,,0,75,,9474,30,0,54,0
1101,'65041',822,,9494,30,,,0,29,,9477,8,,,0,85,,9486,30,0,54,0,70,,9478,30,,,0,30,,9487,30,0,54,0,70,,9479,30,,,0,29,,9488,30,0,54,0,70,,9480,30,,,0,30,,9489,30,0,54,0,70,,9481,30,,,0,29,,9490,30,0,54,0,70,,9482,30,,,0,30,,9491,30,0,54,0,69,,9483,30,,,0,30,,9492,30,0,54,0,70,,9484,30,,,0,30,,9493,30,0,54,0,70,,9485,30,,,0,22,,9497,30,0,54,0,24,,9498,30,,,0,68,,9499,30,0,54,0,16,,9500,30,,,0,100,,9501,30,,,0,100,,9502,30,,,0,99,,9503,30,,,0,98,,9504,30,,,0,100,,9505,30,,,0,100,,9506,30,0,54,0
1101,'65042',822,,9524,30,,,0,29,,9507,8,,,0,85,,9516,30,0,54,0,70,,9508,30,,,0,30,,9517,30,0,54,0,70,,9509,30,,,0,29,,9518,30,0,54,0,70,,9510,30,,,0,30,,9519,30,0,54,0,70,,9511,30,,,0,29,,9520,30,0,54,0,70,,9512,30,,,0,30,,9521,30,0,54,0,69,,9513,30,,,0,30,,9522,30,0,54,0,70,,9514,30,,,0,30,,9523,30,0,54,0,70,,9515,30,,,0,22,,9527,30,0,54,0,24,,9528,30,,,0,68,,9529,30,0,54,0,16,,9530,30,,,0,100,,9531,30,,,0,100,,9532,30,,,0,99,,9533,30,,,0,98,,9534,30,,,0,100,,9535,30,,,0,100,,9536,30,0,54,0
1401,'65040',558,,9776,37,,,0,100,,9777,37,,,0,92,,9778,37,,,0,52,,9812,37,,,0,16,,9779,37,,,0,29,,9780,37,,,0,64,,9781,37,,,0,16,,9782,37,,,0,17,,9783,37,,,0,75,,9784,37,,,0,25,,9785,37,,,0,80,,9786,37,,,0,21,,9787,37,,,0,76,,9788,37,,,0,23,,9789,37,,,0,76,,9790,37,,,0,25,,9791,37,,,0,77,,9792,37,,,0,17,,9793,37,,,0,20,,9813,37,,,0,60,,9794,37,,,0,25,,9795,37,,,0,66,,9796,37,,,0,27,,9797,37,,,0,70,,9798,37,,,0,30,,9799,37,,,0,14,,9800,37,,,0,61,,9801,37,,,0,32,,9802,37,,,0,62,,9803,37,,,0,44,,9804,37,,,0,80,,9805,37,,,0,23,,9806,37,,,0,77,,9807,37,,,0,71,,9808,37,,,0,57,,9809,37,,,0,98,,9810,37,,,0,56,,9811,37,,,0
1401,'65041',754,,9821,37,,,0,95,,9822,37,,,0,96,,9814,37,,,0,68,,9815,37,,,0,100,,9816,37,,,0,100,,9817,37,,,0,100,,9830,37,,,0,99,,9818,37,,,0,100,,9819,37,,,0,101,,9820,37,,,0,101,,9832,37,,,0,98,,9831,37,,,0,38,,9823,37,,,0,104,,9824,37,,,0,101,,9825,37,,,0,98,,9826,37,,,0,99,,9827,37,,,0,99,,9828,37,,,0,61,,9829,37,,,0
1401,'65042',754,,9840,37,,,0,95,,9841,37,,,0,96,,9833,37,,,0,68,,9834,37,,,0,100,,9835,37,,,0,100,,9836,37,,,0,100,,9849,37,,,0,99,,9837,37,,,0,100,,9838,37,,,0,101,,9839,37,,,0,101,,9851,37,,,0,98,,9850,37,,,0,38,,9842,37,,,0,104,,9843,37,,,0,101,,9844,37,,,0,98,,9845,37,,,0,99,,9846,37,,,0,99,,9847,37,,,0,61,,9848,37,,,0
1501,'65040',739,,9912,9,,,0,74,,9897,9,,,0,27,,9913,9,,,0,63,,9910,9,,,0,103,,9909,9,,,0,104,,9908,9,,,0,97,,9907,9,,,0,95,,9906,9,,,0,48,,9905,9,,,0,152,,9904,9,,,0,31,,9903,9,,,0,71,,9902,9,,,0,28,,9911,9,,,0,72,,9901,9,,,0,99,,9900,9,,,0,98,,9899,9,,,0,100,,9898,9,,,0
1501,'65041',826,,9921,9,,,0,109,,9914,9,,,0,86,,9915,9,,,0,100,,9916,9,,,0,100,,9917,9,,,0,100,,9918,9,,,0,100,,9919,9,,,0,101,,9920,9,,,0,101,,9922,9,,,0,111,,9923,9,,,0,98,,9927,9,,,0,93,,9924,9,,,0,103,,9925,9,,,0,98,,9926,9,,,0
1501,'65042',826,,9935,9,,,0,109,,9928,9,,,0,86,,9929,9,,,0,100,,9930,9,,,0,100,,9931,9,,,0,100,,9932,9,,,0,100,,9933,9,,,0,101,,9934,9,,,0,101,,9936,9,,,0,111,,9937,9,,,0,98,,9941,9,,,0,93,,9938,9,,,0,103,,9939,9,,,0,98,,9940,9,,,0
1601,'65040',641,,10008,17,,,0,71,,10009,17,,,0,29,,10010,17,,,0,63,,10011,17,,,0,27,,10036,17,,,0,73,,10012,17,,,0,31,,10013,17,,,0,74,,10014,17,,,0,98,,10015,17,,,0,95,,10016,17,,,0,34,,10017,17,,,0,74,,10018,17,,,0,99,,10019,17,,,0,94,,10020,17,,,0,26,,10021,17,,,0,29,,10022,17,,,0,61,,10023,17,,,0,21,,10024,17,,,0,65,,10033,17,,,0,25,,10025,17,,,0,75,,10026,17,,,0,28,,10027,17,,,0,85,,10028,17,,,0,25,,10029,17,,,0,73,,10030,17,,,0,28,,10031,17,,,0,83,,10037,17,,,0,78,,10032,17,,,0,44,,10034,17,,,0,70,,10035,17,,,0
1601,'65041',713,,10047,17,,,0,95,,10048,17,,,0,97,,10046,17,,,0,98,,10054,17,,,0,31,,10038,17,,,0,100,,10039,17,,,0,100,,10040,17,,,0,100,,10041,17,,,0,100,,10042,17,,,0,100,,10043,17,,,0,100,,10044,17,,,0,102,,10045,17,,,0,97,,10053,17,,,0,80,,10049,17,,,0,99,,10050,17,,,0,99,,10052,17,,,0,98,,10051,17,,,0,35,,10055,17,,,0
1601,'65042',713,,10065,17,,,0,95,,10066,17,,,0,97,,10064,17,,,0,98,,10072,17,,,0,31,,10056,17,,,0,100,,10057,17,,,0,100,,10058,17,,,0,100,,10059,17,,,0,100,,10060,17,,,0,100,,10061,17,,,0,100,,10062,17,,,0,102,,10063,17,,,0,97,,10071,17,,,0,80,,10067,17,,,0,99,,10068,17,,,0,99,,10070,17,,,0,98,,10069,17,,,0,35,,10073,17,,,0
1800,'65040',707,,10171,38,,,0,36,,10172,38,,,0,73,,10173,38,,,0,90,,10174,38,,,0,100,,10175,38,,,0,100,,10176,38,,,0,41,,10177,38,,,0,101,,10178,38,,,0,101,,10179,38,,,0,101,,10180,38,,,0,100,,10181,38,,,0,88,,10182,38,,,0,89,,10183,38,,,0,81,,10184,38,,,0,106,,10185,38,,,0,91,,10186,38,,,0,46,,10187,38,,,0,68,,10188,38,,,0,98,,10189,38,,,0
1800,'65041',808,,10199,38,,,0,113,,10190,38,,,0,99,,10191,38,,,0,100,,10192,38,,,0,95,,10193,38,,,0,100,,10194,38,,,0,101,,10195,38,,,0,100,,10196,38,,,0,99,,10197,38,,,0,101,,10198,38,,,0,100,,10200,38,,,0,93,,10201,38,,,0,101,,10202,38,,,0,100,,10203,38,,,0,99,,10204,38,,,0
1800,'65042',808,,10214,38,,,0,113,,10205,38,,,0,99,,10206,38,,,0,100,,10207,38,,,0,95,,10208,38,,,0,100,,10209,38,,,0,101,,10210,38,,,0,100,,10211,38,,,0,99,,10212,38,,,0,101,,10213,38,,,0,100,,10215,38,,,0,93,,10216,38,,,0,101,,10217,38,,,0,100,,10218,38,,,0,99,,10219,38,,,0
2400,'65040',634,,10399,21,,,2,71,,10398,21,,,2,31,,10400,21,,,2,65,,10401,21,,,2,12,,10397,21,,,2,27,,10402,21,,,2,75,,10403,21,,,2,31,,10404,21,,,2,71,,10405,21,,,2,31,,10406,21,,,2,71,,10408,21,,,2,31,,10407,21,,,2,71,,10409,21,,,2,31,,10412,21,,,2,71,,10411,21,,,2,31,,10413,21,,,2,71,,10410,21,,,2,31,,10415,21,,,2,72,,10414,21,,,2,73,,10416,21,,,2,36,,10417,21,,,2,75,,10418,21,,,2,39,,10419,21,,,2,74,,10420,21,,,2,75,,10421,21,,,2,35,,10422,21,,,2,75,,10426,21,,,2,35,,10423,21,,,2,80,,10424,21,,,2,32,,10425,21,,,2
2400,'65041',802,,10443,21,,,2,41,,10439,21,,,2,78,,10440,21,,,2,96,,10442,21,,,2,100,,10441,21,,,2,100,,10438,21,,,2,100,,10437,21,,,2,100,,10436,21,,,2,100,,10435,21,,,2,100,,10432,21,,,2,105,,10429,21,,,2,99,,10428,21,,,2,84,,10431,21,,,2,46,,10434,21,,,2,100,,10427,21,,,2,98,,10433,21,,,2,100,,10430,21,,,2
2400,'65042',802,,10460,21,,,2,41,,10456,21,,,2,78,,10457,21,,,2,96,,10459,21,,,2,100,,10458,21,,,2,100,,10455,21,,,2,100,,10454,21,,,2,100,,10453,21,,,2,100,,10452,21,,,2,100,,10449,21,,,2,105,,10446,21,,,2,99,,10445,21,,,2,84,,10448,21,,,2,46,,10451,21,,,2,100,,10444,21,,,2,98,,10450,21,,,2,100,,10447,21,,,2
45301,'65040',816,,11101,8,,,2,505,,11102,9,,,2,226,,11103,8,,,2,153,,11105,8,,,2,53,,11106,8,,,2,98,,11104,9,,,2
91800,'65041',2304,,11528,40,,,0
91800,'65042',2304,,11529,40,,,0
