101,'65040',711,,7964,42,,,0,20,,7965,42,,,0,22,,7966,42,,,0,190,,7967,42,,,0,101,,7968,42,,,0,101,,7969,42,,,0,99,,7970,42,,,0,101,,7971,42,,,0,101,,7972,42,,,0,176,,7973,42,,,0,137,,7976,42,,,0,260,,7975,42,,,0,104,,7974,42,,,0,121,,7987,19,,,0,100,,7988,19,,,0
301,'65040',602,,8244,40,,,0,29,,8245,40,,,0,16,,8246,40,,,0,65,,8247,40,,,0,17,,8251,40,,,0,15,,8248,40,,,0,15,,8249,40,,,0,55,,8250,40,,,0,17,,8252,40,,,0,13,,8260,40,,,0,61,,8253,40,,,0,21,,8254,40,,,0,19,,8255,40,,,0,62,,8256,40,,,0,19,,8257,40,,,0,22,,8258,40,,,0,61,,8259,40,,,0,19,,8261,40,,,0,20,,8262,40,,,0,61,,8263,40,,,0,21,,8264,40,,,0,20,,8265,40,,,0,61,,8266,40,,,0,20,,8267,40,,,0,19,,8268,40,,,0,60,,8269,40,,,0,19,,8270,40,,,0,21,,8271,40,,,0,59,,8272,40,,,0,13,,8294,40,,,0,16,,8273,40,,,0,17,,8274,40,,,0,52,,8275,40,,,0,16,,8276,40,,,0,14,,8277,40,,,0,14,,8278,40,,,0,55,,8279,40,,,0,14,,8293,40,,,0,15,,8280,40,,,0,16,,8281,40,,,0,58,,8282,40,,,0,16,,8283,40,,,0,29,,8284,40,,,0,55,,8285,40,,,0,30,,8286,40,,,0,70,,8287,40,,,0,29,,8288,40,,,0,72,,8289,40,,,0,25,,8290,40,,,0,70,,8295,40,,,0,25,,8291,40,,,0,100,,8292,40,,,0
301,'65041',636,,8313,40,,,0,70,,8314,40,,,0,32,,8315,40,,,0,69,,8316,40,,,0,29,,8317,40,,,0,65,,8312,40,,,0,31,,8296,40,,,0,70,,8297,40,,,0,30,,8298,40,,,0,70,,8299,40,,,0,31,,8300,40,,,0,70,,8301,40,,,0,30,,8302,40,,,0,70,,8303,40,,,0,30,,8304,40,,,0,70,,8305,40,,,0,30,,8306,40,,,0,71,,8307,40,,,0,29,,8308,40,,,0,72,,8309,40,,,0,30,,8310,40,,,0,69,,8311,40,,,0,30,,8318,40,,,0,70,,8319,40,,,0,31,,8320,40,,,0,72,,8326,40,,,0,30,,8321,40,,,0,70,,8327,40,,,0,30,,8322,40,,,0,100,,8323,40,,,0,99,,8324,40,,,0,100,,8325,40,,,0
301,'65042',636,,8345,40,,,0,70,,8346,40,,,0,32,,8347,40,,,0,69,,8348,40,,,0,29,,8349,40,,,0,65,,8344,40,,,0,31,,8328,40,,,0,70,,8329,40,,,0,30,,8330,40,,,0,70,,8331,40,,,0,31,,8332,40,,,0,70,,8333,40,,,0,30,,8334,40,,,0,70,,8335,40,,,0,30,,8336,40,,,0,70,,8337,40,,,0,30,,8338,40,,,0,71,,8339,40,,,0,29,,8340,40,,,0,72,,8341,40,,,0,30,,8342,40,,,0,69,,8343,40,,,0,30,,8350,40,,,0,70,,8351,40,,,0,31,,8352,40,,,0,72,,8358,40,,,0,30,,8353,40,,,0,70,,8359,40,,,0,30,,8354,40,,,0,100,,8355,40,,,0,99,,8356,40,,,0,100,,8357,40,,,0
5501,'65040',811,,10979,89,,,2,113,,10972,89,,,2,116,,10980,89,,,2,116,,10973,89,,,2,156,,10981,89,,,2,118,,10974,89,,,2,113,,10977,89,,,2,167,,10975,89,,,2,110,,10978,89,,,2
5501,'65041',904,,10989,89,,,2,110,,10988,89,,,2,110,,10987,89,,,2,111,,10986,89,,,2,110,,10985,89,,,2,110,,10984,89,,,2,149,,10982,89,,,2
5501,'65042',904,,10997,89,,,2,110,,10996,89,,,2,110,,10995,89,,,2,111,,10994,89,,,2,110,,10993,89,,,2,110,,10992,89,,,2,149,,10990,89,,,2
90700,'65040',635,,11508,30,,,0
91301,'65040',2458,,11520,19,,,0
91301,'65041',2458,,11521,19,,,0
91301,'65042',2458,,11522,19,,,0
