101,'65040',701,,7964,28,,,0,20,,7965,28,,,0,22,,7966,28,,,0,189,,7967,28,,,0,100,,7968,28,,,0,100,,7969,28,,,0,99,,7970,28,,,0,100,,7971,28,,,0,100,,7972,28,,,0,176,,7973,28,,,0,142,,7976,28,,,0,261,,7975,28,,,0,105,,7974,28,,,0,122,,7987,5,,,0,100,,7988,5,,,0
301,'65040',555,,8244,26,,,0,68,,8245,26,,,0,16,,8246,26,,,0,64,,8247,26,,,0,15,,8251,26,,,0,15,,8248,26,,,0,15,,8249,26,,,0,55,,8250,26,,,0,17,,8252,26,,,0,13,,8260,26,,,0,21,,8253,26,,,0,60,,8254,26,,,0,19,,8255,26,,,0,21,,8256,26,,,0,59,,8257,26,,,0,22,,8258,26,,,0,20,,8259,26,,,0,59,,8261,26,,,0,20,,8262,26,,,0,21,,8263,26,,,0,60,,8264,26,,,0,20,,8265,26,,,0,21,,8266,26,,,0,60,,8267,26,,,0,20,,8268,26,,,0,20,,8269,26,,,0,59,,8270,26,,,0,21,,8271,26,,,0,19,,8272,26,,,0,53,,8294,26,,,0,16,,8273,26,,,0,17,,8274,26,,,0,12,,8275,26,,,0,56,,8276,26,,,0,14,,8277,26,,,0,15,,8278,26,,,0,15,,8279,26,,,0,55,,8293,26,,,0,15,,8280,26,,,0,16,,8281,26,,,0,19,,8282,26,,,0,56,,8283,26,,,0,29,,8284,26,,,0,15,,8285,26,,,0,70,,8286,26,,,0,30,,8287,26,,,0,70,,8288,26,,,0,73,,8289,26,,,0,27,,8290,26,,,0,30,,8295,26,,,0,65,,8291,26,,,0,100,,8292,26,,,0
301,'65041',627,,8313,26,,,0,30,,8314,26,,,0,72,,8315,26,,,0,29,,8316,26,,,0,69,,8317,26,,,0,25,,8312,26,,,0,69,,8296,26,,,0,30,,8297,26,,,0,70,,8298,26,,,0,30,,8299,26,,,0,70,,8300,26,,,0,30,,8301,26,,,0,70,,8302,26,,,0,30,,8303,26,,,0,70,,8304,26,,,0,30,,8305,26,,,0,70,,8306,26,,,0,31,,8307,26,,,0,69,,8308,26,,,0,32,,8309,26,,,0,70,,8310,26,,,0,30,,8311,26,,,0,70,,8318,26,,,0,30,,8319,26,,,0,71,,8320,26,,,0,34,,8326,26,,,0,70,,8321,26,,,0,30,,8327,26,,,0,70,,8322,26,,,0,100,,8323,26,,,0,100,,8324,26,,,0,100,,8325,26,,,0
301,'65042',627,,8345,26,,,0,30,,8346,26,,,0,72,,8347,26,,,0,29,,8348,26,,,0,69,,8349,26,,,0,25,,8344,26,,,0,69,,8328,26,,,0,30,,8329,26,,,0,70,,8330,26,,,0,30,,8331,26,,,0,70,,8332,26,,,0,30,,8333,26,,,0,70,,8334,26,,,0,30,,8335,26,,,0,70,,8336,26,,,0,30,,8337,26,,,0,70,,8338,26,,,0,31,,8339,26,,,0,69,,8340,26,,,0,32,,8341,26,,,0,70,,8342,26,,,0,30,,8343,26,,,0,70,,8350,26,,,0,30,,8351,26,,,0,71,,8352,26,,,0,34,,8358,26,,,0,70,,8353,26,,,0,30,,8359,26,,,0,70,,8354,26,,,0,100,,8355,26,,,0,100,,8356,26,,,0,100,,8357,26,,,0
701,'65040',627,,8907,5,0,54,0,79,,8908,5,0,54,0,16,,8916,18,0,54,0,23,,8917,18,0,54,0,57,,8918,18,,,0,20,,8919,18,,,0,20,,8920,18,0,54,0,66,,8921,18,0,54,0,26,,8922,18,0,54,0,15,,8923,18,0,54,0,63,,8924,18,,,0,25,,8925,18,0,54,0,15,,8909,5,,,0,67,,8926,18,0,54,0,23,,8927,18,0,54,0,9,,8910,5,,,0,69,,8928,18,0,54,0,21,,8929,18,0,54,0,9,,8911,5,,,0,69,,8930,18,0,54,0,21,,8931,18,0,54,0,12,,8912,5,,,0,62,,8932,18,0,54,0,21,,8933,18,0,54,0,19,,8913,5,0,54,0,55,,8934,18,0,54,0,18,,8935,18,0,54,0,30,,8936,18,,,0,55,,8937,18,,,0,15,,8938,18,0,54,0,29,,8939,18,0,54,0,56,,8914,5,,,0,16,,8940,18,0,54,0,74,,8941,18,0,54,0,28,,8942,18,0,54,0,71,,8943,18,0,54,0,36,,8944,18,0,54,0,65,,8945,18,0,54,0,31,,8946,18,0,54,0,68,,8947,18,,,0,30,,8948,18,0,54,0,70,,8949,18,0,54,0,36,,8950,18,,,0,100,,8952,18,0,54,0,115,,8915,5,0,54,0
701,'65041',729,,8970,5,,,0,76,,8981,18,0,54,0,31,,8980,5,0,54,0,70,,8969,18,0,54,0,28,,8961,5,0,54,0,70,,8953,18,0,54,0,28,,8962,5,0,54,0,70,,8954,18,0,54,0,29,,8963,5,0,54,0,70,,8955,18,0,54,0,30,,8964,5,0,54,0,70,,8956,18,0,54,0,30,,8965,5,0,54,0,70,,8957,18,0,54,0,30,,8966,5,0,54,0,70,,8958,18,0,54,0,30,,8967,5,0,54,0,70,,8959,18,0,54,0,30,,8968,5,0,54,0,70,,8960,5,0,54,0,31,,8971,5,,,0,71,,8972,5,0,54,0,38,,8979,5,0,54,0,89,,8982,18,,,0,102,,8973,18,,,0,100,,8974,18,,,0,100,,8975,18,,,0,100,,8976,18,0,54,0,120,,8977,5,0,54,0
701,'65042',729,,9000,5,,,0,76,,9011,18,0,54,0,31,,9010,5,0,54,0,70,,8999,18,0,54,0,28,,8991,5,0,54,0,70,,8983,18,0,54,0,28,,8992,5,0,54,0,70,,8984,18,0,54,0,29,,8993,5,0,54,0,70,,8985,18,0,54,0,30,,8994,5,0,54,0,70,,8986,18,0,54,0,30,,8995,5,0,54,0,70,,8987,18,0,54,0,30,,8996,5,0,54,0,70,,8988,18,0,54,0,30,,8997,5,0,54,0,70,,8989,18,0,54,0,30,,8998,5,0,54,0,70,,8990,5,0,54,0,31,,9001,5,,,0,71,,9002,5,0,54,0,38,,9009,5,0,54,0,89,,9012,18,,,0,102,,9003,18,,,0,100,,9004,18,,,0,100,,9005,18,,,0,100,,9006,18,0,54,0,120,,9007,5,0,54,0
1201,'65040',624,,9621,5,,,0,99,,9622,5,,,0,25,,9623,5,,,0,55,,9624,5,,,0,19,,9625,5,,,0,31,,9626,5,,,0,73,,9627,5,,,0,32,,9628,5,,,0,70,,9629,5,,,0,30,,9630,5,,,0,70,,9631,5,,,0,31,,9632,5,,,0,69,,9633,5,,,0,31,,9634,5,,,0,61,,9635,5,,,0,37,,9636,5,,,0,71,,9637,5,,,0,30,,9638,5,,,0,69,,9639,5,,,0,28,,9640,5,,,0,73,,9641,5,,,0,24,,9642,5,,,0,56,,9643,5,,,0,31,,9644,5,,,0,73,,9645,5,,,0,25,,9646,5,,,0,67,,9647,5,,,0,24,,9648,5,,,0,73,,9649,5,,,0,27,,9650,5,,,0,85,,9651,5,,,0,25,,9652,5,,,0,188,,9653,5,,,0
1201,'65041',732,,9662,5,,,0,96,,9663,5,,,0,91,,9676,5,,,0,30,,9668,5,,,0,70,,9654,5,,,0,30,,9669,5,,,0,70,,9655,5,,,0,30,,9670,5,,,0,70,,9656,5,,,0,31,,9671,5,,,0,69,,9657,5,,,0,31,,9672,5,,,0,69,,9658,5,,,0,31,,9673,5,,,0,69,,9659,5,,,0,31,,9674,5,,,0,69,,9660,5,,,0,30,,9677,5,,,0,70,,9661,5,,,0,29,,9664,5,,,0,79,,9675,5,,,0,103,,9665,5,,,0,101,,9666,5,,,0,100,,9667,5,,,0
1201,'65042',732,,9686,5,,,0,96,,9687,5,,,0,91,,9700,5,,,0,30,,9692,5,,,0,70,,9678,5,,,0,30,,9693,5,,,0,70,,9679,5,,,0,30,,9694,5,,,0,70,,9680,5,,,0,31,,9695,5,,,0,69,,9681,5,,,0,31,,9696,5,,,0,69,,9682,5,,,0,31,,9697,5,,,0,69,,9683,5,,,0,31,,9698,5,,,0,69,,9684,5,,,0,30,,9701,5,,,0,70,,9685,5,,,0,29,,9688,5,,,0,79,,9699,5,,,0,103,,9689,5,,,0,101,,9690,5,,,0,100,,9691,5,,,0
1401,'65040',540,,9776,5,,,0,98,,9777,5,,,0,87,,9778,5,,,0,11,,9812,5,,,0,14,,9779,5,,,0,68,,9780,5,,,0,25,,9781,5,,,0,57,,9782,5,,,0,18,,9783,5,,,0,35,,9784,5,,,0,65,,9785,5,,,0,39,,9786,5,,,0,61,,9787,5,,,0,36,,9788,5,,,0,63,,9789,5,,,0,36,,9790,5,,,0,65,,9791,5,,,0,37,,9792,5,,,0,57,,9793,5,,,0,20,,9813,5,,,0,20,,9794,5,,,0,65,,9795,5,,,0,25,,9796,5,,,0,66,,9797,5,,,0,30,,9798,5,,,0,71,,9799,5,,,0,14,,9800,5,,,0,21,,9801,5,,,0,74,,9802,5,,,0,22,,9803,5,,,0,84,,9804,5,,,0,81,,9805,5,,,0,23,,9806,5,,,0,77,,9807,5,,,0,33,,9808,5,,,0,98,,9809,5,,,0,100,,9810,5,,,0,17,,9811,5,,,0
1401,'65041',732,,9821,5,,,0,95,,9822,5,,,0,96,,9814,5,,,0,28,,9815,5,,,0,100,,9816,5,,,0,99,,9817,5,,,0,99,,9830,5,,,0,98,,9818,5,,,0,100,,9819,5,,,0,101,,9820,5,,,0,100,,9832,5,,,0,99,,9831,5,,,0,79,,9823,5,,,0,105,,9824,5,,,0,101,,9825,5,,,0,100,,9826,5,,,0,100,,9827,5,,,0,100,,9828,5,,,0,21,,9829,5,,,0
1401,'65042',732,,9840,5,,,0,95,,9841,5,,,0,96,,9833,5,,,0,28,,9834,5,,,0,100,,9835,5,,,0,99,,9836,5,,,0,99,,9849,5,,,0,98,,9837,5,,,0,100,,9838,5,,,0,101,,9839,5,,,0,100,,9851,5,,,0,99,,9850,5,,,0,79,,9842,5,,,0,105,,9843,5,,,0,101,,9844,5,,,0,100,,9845,5,,,0,100,,9846,5,,,0,100,,9847,5,,,0,21,,9848,5,,,0
1901,'65040',552,,10299,5,0,10 55,0,87,,10298,5,,,0,74,,10297,5,,,0,20,,10296,5,,,0,97,,10295,5,,,0,102,,10294,5,,,0,103,,10293,5,,,0,100,,10292,5,,,0,96,,10291,5,,,0,100,,10290,5,,,0,97,,10289,5,,,0,81,,10288,5,,,0,40,,10287,5,,,0,70,,10286,5,,,0,34,,10285,5,,,0,69,,10284,5,,,0,85,,10283,5,,,0
91201,'65040',2236,,11514,5,,,0,100,,11515,5,,,0
91201,'65041',2231,,11516,5,,,0,97,,11517,5,,,0
91201,'65042',2231,,11518,5,,,0,97,,11519,5,,,0
91301,'65040',2452,,11520,5,,,0
91301,'65041',2452,,11521,5,,,0
91301,'65042',2452,,11522,5,,,0
