1100,'65030',733,,5519,75,4,,0,70,,5520,75,4,,0,19,,5524,54,4,,0,36,,5521,75,4,,0,60,,5522,75,4,,0,38,,5523,75,4,,0,68,,5525,75,4,,0,30,,5526,75,4,,0,70,,5527,75,4,,0,30,,5528,75,4,,0,70,,5529,75,4,,0,30,,5530,75,4,,0,70,,5531,75,4,,0,30,,5532,75,4,,0,70,,5533,75,4,,0,29,,5534,75,4,,0,56,,5576,54,4,,0,17,,5535,75,4,,0,31,,5536,75,4,,0,72,,5537,75,4,,0,71,,5538,75,4,,0,14,,5549,54,4,,0,12,,5539,75,4,,0,27,,5540,75,4,,0,71,,5541,75,4,,0,29,,5542,75,4,,0,65,,5569,75,4,,0,32,,5543,75,4,,0,70,,5544,75,4,,0,83,,5545,75,4,,0,31,,5550,54,4,,0,69,,5546,75,4,,0,105,,5547,75,4,,0
1100,'65031',755,,5594,54,4,,0,101,,5595,75,4,,0,73,,5596,54,4,,0,26,,5579,75,4,,0,72,,5580,75,4,,0,74,,5587,54,4,,0,25,,5581,75,4,,0,24,,5588,54,4,,0,68,,5582,75,4,,0,31,,5589,54,4,,0,66,,5583,75,4,,0,36,,5590,54,4,,0,70,,5584,75,4,,0,29,,5591,54,4,,0,71,,5585,75,4,,0,29,,5592,54,4,,0,74,,5586,75,4,,0,26,,5593,54,4,,0,74,,5597,75,4,,0,27,,5598,75,4,,0,104,,5600,75,4,,0,97,,5601,75,4,,0,100,,5602,75,4,,0,100,,5603,75,4,,0,100,,5604,75,4,,0
1100,'65032',755,,5621,54,4,,0,101,,5622,75,4,,0,73,,5623,54,4,,0,26,,5606,75,4,,0,72,,5607,75,4,,0,74,,5614,54,4,,0,25,,5608,75,4,,0,24,,5615,54,4,,0,68,,5609,75,4,,0,31,,5616,54,4,,0,66,,5610,75,4,,0,36,,5617,54,4,,0,70,,5611,75,4,,0,29,,5618,54,4,,0,71,,5612,75,4,,0,29,,5619,54,4,,0,74,,5613,75,4,,0,26,,5620,54,4,,0,74,,5624,75,4,,0,27,,5625,75,4,,0,104,,5627,75,4,,0,97,,5628,75,4,,0,100,,5629,75,4,,0,100,,5630,75,4,,0,100,,5631,75,4,,0
1101,'65030',611,,5692,1,0,15 1 16,0,19,,5637,1,,,0,28,,5638,1,,,0,66,,5693,1,,,0,15,6,5639,1,,,0,67,3,5640,1,,,0,32,16,5641,1,,,0,66,46,5642,1,,,0,28,,5643,1,,,0,69,45,5644,1,,,0,30,7,5645,1,,,0,69,46,5646,1,,,0,30,6,5647,1,,,0,29,5,5648,1,,,0,70,5,5649,1,,,0,30,,5650,1,,,0,70,5,5651,1,,,0,29,4,5652,1,,,0,71,5,5653,1,,,0,29,5,5654,1,,,0,54,3,5680,1,0,15 1 16,0,22,8,5665,1,,,0,69,46,5666,1,,,0,31,5,5667,1,,,0,72,6,5668,1,,,0,15,7,5677,1,0,15 1 16,0,15,10,5669,1,,,0,20,3,5670,1,,,0,71,3,5671,1,,,0,30,4,5672,1,,,0,71,10,5689,1,0,15 1 16,0,30,8,5673,1,,,0,66,4,5678,1,0,15 1 16,0,26,3,5679,1,0,15 1 16,0,56,3,5674,1,,,0,12,,5690,1,0,15 1 16,0,88,3,5675,1,,,0,104,2,5676,1,,,0,35,6,5694,1,0,15 1 16,0
1101,'65031',801,46,5712,1,,,0,112,57,5704,1,0,15 1 16,0,25,9,5696,1,,,0,74,57,5705,1,0,15 1 16,0,25,10,5697,1,,,0,74,10,5706,1,0,15 1 16,0,25,10,5698,1,,,0,75,61,5707,1,0,15 1 16,0,25,,5699,1,,,0,75,62,5708,1,0,15 1 16,0,24,20,5700,1,,,0,74,58,5709,1,0,15 1 16,0,30,18,5701,1,,,0,69,58,5710,1,0,15 1 16,0,31,18,5702,1,,,0,72,,5711,1,0,15 1 16,0,28,15,5703,1,,,0,14,8,5715,1,0,15 1 16,0,56,,5716,1,,,0,31,16,5717,1,0,15 1 16,0,64,53,5718,1,,,0,103,52,5719,1,,,0,100,55,5720,1,,,0,100,55,5721,1,,,0,100,55,5722,1,,,0,100,55,5723,1,,,0
1101,'65032',801,46,5741,1,,,0,112,57,5733,1,0,15 1 16,0,25,9,5725,1,,,0,74,57,5734,1,0,15 1 16,0,25,10,5726,1,,,0,74,10,5735,1,0,15 1 16,0,25,10,5727,1,,,0,75,61,5736,1,0,15 1 16,0,25,,5728,1,,,0,75,62,5737,1,0,15 1 16,0,24,20,5729,1,,,0,74,58,5738,1,0,15 1 16,0,30,18,5730,1,,,0,69,58,5739,1,0,15 1 16,0,31,18,5731,1,,,0,72,,5740,1,0,15 1 16,0,28,15,5732,1,,,0,14,8,5744,1,0,15 1 16,0,56,,5745,1,,,0,31,16,5746,1,0,15 1 16,0,64,53,5747,1,,,0,103,52,5748,1,,,0,100,55,5749,1,,,0,100,55,5750,1,,,0,100,55,5751,1,,,0,100,55,5752,1,,,0
41100,'65030',657,,7370,2,4,,0,65,,7371,2,4,,0,17,,7372,2,4,,0,17,,7373,2,4,,0,68,,7374,2,4,,0,24,,7375,2,4,,0,1409,,7369,2,4,,0
41100,'65031',753,,7376,2,4,,0,100,,7377,2,4,,0,1400,,7378,2,4,,0
41100,'65032',753,,7379,2,4,,0,100,,7380,2,4,,0,1400,,7381,2,4,,0
41101,'65030',705,48,7384,1,,,0,17,,7385,1,,,0,17,,7386,1,,,0,66,49,7387,1,,,0,20,,7388,1,,,0,1312,3,7382,1,,,0,121,,7383,1,,,0
41101,'65031',754,,7389,1,,,0,102,3,7390,1,,,0,1402,5,7391,1,,,0
41101,'65032',754,,7392,1,,,0,102,3,7393,1,,,0,1402,5,7394,1,,,0
