1201,'65030',634,,5829,19,,,0,68,,5830,19,,,0,30,,5825,19,,,0,27,,5826,19,,,0,70,,5827,19,,,0,26,,5828,19,,,0,64,,5831,19,,,0,28,,5832,19,,,0,72,,5833,19,,,0,28,,5834,19,,,0,72,,5835,19,,,0,29,,5836,19,,,0,72,,5837,19,,,0,14,,5860,19,,,0,14,,5838,19,,,0,72,,5839,19,,,0,30,,5840,19,,,0,71,,5841,19,,,0,30,,5842,19,,,0,67,,5843,19,,,0,30,,5844,19,,,0,62,,5845,19,,,0,15,,5846,19,,,0,16,,5847,19,,,0,14,,5848,19,,,0,55,,5849,19,,,0,20,,5850,19,,,0,17,,5851,19,,,0,65,,5852,19,,,0,25,,5853,19,,,0,69,,5854,19,,,0,35,,5855,19,,,0,95,,5856,19,,,0,100,,5857,19,,,0,79,,5858,19,,,0,118,,5859,19,,,0
1201,'65031',739,,5869,19,,,0,100,,5870,19,,,0,118,,5861,19,,,0,101,,5862,19,,,0,100,,5863,19,,,0,100,,5864,19,,,0,100,,5865,19,,,0,100,,5866,19,,,0,100,,5867,19,,,0,98,,5868,19,,,0,86,,5871,19,,,0,100,,5872,19,,,0,100,,5873,19,,,0,100,,5874,19,,,0,100,,5875,19,,,0
1201,'65032',739,,5884,19,,,0,100,,5885,19,,,0,118,,5876,19,,,0,101,,5877,19,,,0,100,,5878,19,,,0,100,,5879,19,,,0,100,,5880,19,,,0,100,,5881,19,,,0,100,,5882,19,,,0,98,,5883,19,,,0,86,,5886,19,,,0,100,,5887,19,,,0,100,,5888,19,,,0,100,,5889,19,,,0,100,,5890,19,,,0
1201,'65035',1620,,5891,19,,,0
5701,'65030',937,,7340,68,,,0,120,,7341,68,,,0,146,,7342,68,,,0,119,,7343,68,,,0,105,,7344,68,,,0,120,,7345,68,,,0,105,,7346,68,,,0
5701,'65031',1150,,7352,68,,,0,102,,7351,68,,,0,153,,7350,68,,,0,102,,7349,68,,,0,111,,7348,68,,,0
5701,'65032',1150,,7358,68,,,0,102,,7357,68,,,0,153,,7356,68,,,0,102,,7355,68,,,0,111,,7354,68,,,0
91201,'65030',2244,,7854,19,,,0,100,,7855,19,,,0
91201,'65031',2237,,7856,19,,,0,100,,7857,19,,,0
91201,'65032',2237,,7858,19,,,0,100,,7859,19,,,0
