701,'65030',714,,5051,9,0,54,0,20,,5052,9,0,54,0,82,,5053,9,0,54,0,18,,5054,9,,,0,17,,5055,9,0,54,0,57,,5056,9,0,54,0,20,,5057,9,0,54,0,76,,5058,9,,,0,23,,5064,9,0,54,0,79,,5059,9,0,54,0,20,,5065,9,0,54,0,75,,5060,9,,,0,24,,5066,9,0,54,0,76,,5061,9,,,0,24,,5067,14,0,54,0,34,,5062,9,,,0,65,,5068,9,0,54,0,80,,5063,14,0,54,0,18,,5069,9,0,54,0,26,,5078,9,,,0,71,,5079,9,,,0,15,,5080,14,0,54,0,16,,5081,9,,,0,71,,5082,9,,,0,22,,5083,9,,,0,61,,5084,14,0,54,0,23,,5085,9,0,54,0,17,,5086,9,0,54,0,61,,5087,9,0,54,0,20,,5088,9,0,54,0,30,,5089,9,,,0,73,,5090,9,0,54,0,23,,5091,9,,,0,74,,5092,9,0,54,0,29,,5093,9,0,54,0,73,,5098,9,,,0,100,,5099,9,0,54,0
701,'65031',903,,5116,9,0,54,0,99,,5100,9,0,54,0,55,,5101,9,0,54,0,143,,5102,9,0,54,0,58,,5103,9,0,54,0,100,,5104,9,0,54,0,100,,5105,9,0,54,0,146,,5106,9,0,54,0,315,,5122,9,,,0,101,,5123,9,,,0,101,,5124,9,,,0,100,,5125,9,,,0,100,,5126,9,0,54,0
701,'65032',903,,5146,9,0,54,0,99,,5130,9,0,54,0,55,,5131,9,0,54,0,143,,5132,9,0,54,0,58,,5133,9,0,54,0,100,,5134,9,0,54,0,100,,5135,9,0,54,0,146,,5136,9,0,54,0,315,,5152,9,,,0,101,,5153,9,,,0,101,,5154,9,,,0,100,,5155,9,,,0,100,,5156,9,0,54,0
801,'65030',618,,5275,14,,,1,29,,5276,14,,,1,59,,5277,9,,,1,13,,5278,9,,,1,8,,5326,9,,,1,8,,5279,9,,,1,7,,5280,9,,,1,11,,5322,14,,,1,49,,5281,9,,,1,13,,5282,9,,,1,15,,5283,9,,,1,16,,5284,9,,,1,61,,5285,9,,,1,19,,5286,9,,,1,20,,5287,9,,,1,60,,5288,9,,,1,20,,5289,9,,,1,20,,5290,9,,,1,60,,5291,9,,,1,19,,5292,9,,,1,20,,5293,9,,,1,59,,5294,9,,,1,21,,5295,9,,,1,20,,5296,9,,,1,61,,5297,9,,,1,20,,5298,9,,,1,20,,5299,9,,,1,60,,5300,9,,,1,20,,5301,9,,,1,19,,5325,9,,,1,55,,5302,9,,,1,15,,5303,9,,,1,20,,5304,14,,,1,13,,5305,9,,,1,55,,5306,9,,,1,16,,5307,14,,,1,14,,5308,9,,,1,17,,5309,9,,,1,55,,5310,9,,,1,17,,5311,9,,,1,15,,5312,9,,,1,20,,5313,9,,,1,65,,5314,9,,,1,20,,5315,9,,,1,73,,5316,9,,,1,26,,5317,9,,,1,71,,5318,9,,,1,25,,5319,9,,,1,71,,5320,9,,,1,31,,5321,9,,,1,77,,5324,9,,,1,100,,5323,9,,,1
801,'65031',716,,5344,9,,,1,97,,5345,9,,,1,25,,5346,9,,,1,21,,5327,9,,,1,70,,5328,9,,,1,30,,5329,9,,,1,70,,5330,9,,,1,30,,5331,9,,,1,69,,5332,9,,,1,30,,5333,9,,,1,70,,5334,9,,,1,30,,5335,9,,,1,70,,5336,9,,,1,30,,5337,9,,,1,70,,5338,9,,,1,30,,5339,9,,,1,70,,5340,9,,,1,30,,5341,9,,,1,70,,5342,9,,,1,31,,5343,9,,,1,70,,5347,9,,,1,30,,5348,9,,,1,70,,5349,9,,,1,28,,5355,9,,,1,58,,5350,9,,,1,29,,5356,9,,,1,71,,5351,9,,,1,100,,5352,9,,,1,100,,5353,9,,,1,100,,5354,9,,,1
801,'65032',716,,5374,9,,,1,97,,5375,9,,,1,25,,5376,9,,,1,21,,5357,9,,,1,70,,5358,9,,,1,30,,5359,9,,,1,70,,5360,9,,,1,30,,5361,9,,,1,69,,5362,9,,,1,30,,5363,9,,,1,70,,5364,9,,,1,30,,5365,9,,,1,70,,5366,9,,,1,30,,5367,9,,,1,70,,5368,9,,,1,30,,5369,9,,,1,70,,5370,9,,,1,30,,5371,9,,,1,70,,5372,9,,,1,31,,5373,9,,,1,70,,5377,9,,,1,30,,5378,9,,,1,70,,5379,9,,,1,28,,5385,9,,,1,58,,5380,9,,,1,29,,5386,9,,,1,71,,5381,9,,,1,100,,5382,9,,,1,100,,5383,9,,,1,100,,5384,9,,,1
5501,'65030',720,,7295,6,,,0,122,,7296,6,,,0,115,,7297,6,,,0,155,,7298,6,,,0,115,,7299,6,,,0,115,,7300,6,,,0,115,,7301,6,,,0,155,,7302,6,,,0,118,,7303,6,,,0,112,,7304,6,0,5 6,0
5501,'65031',817,,7312,6,,,0,111,,7311,6,,,0,110,,7310,6,,,0,110,,7309,6,,,0,110,,7308,6,,,0,150,,7307,6,,,0,109,,7305,6,,,0,113,,7306,6,0,5 6,0
5501,'65032',817,,7320,6,,,0,111,,7319,6,,,0,110,,7318,6,,,0,110,,7317,6,,,0,110,,7316,6,,,0,150,,7315,6,,,0,109,,7313,6,,,0,113,,7314,6,0,5 6,0
90801,'65030',2434,,7849,20,,,0
90801,'65031',2434,,7850,20,,,0
90801,'65032',2434,,7851,20,,,0
