601,'65030',659,,4905,4,,,0,58,,4869,4,,,0,19,,4870,4,,,0,16,,4904,4,,,0,59,,4873,4,,,0,9,,4871,4,,,0,29,,4872,4,,,0,78,,4874,4,,,0,28,,4875,4,,,0,72,,4876,4,,,0,28,,4877,4,,,0,72,,4878,4,,,0,29,,4879,4,,,0,61,,4886,4,,,0,20,,4880,4,,,0,19,,4881,4,,,0,71,,4882,4,,,0,29,,4883,4,,,0,71,,4884,4,,,0,30,,4885,4,,,0,70,,4887,4,,,0,30,,4888,4,,,0,60,,4889,4,,,0,32,,4890,4,,,0,65,,4891,4,,,0,33,,4892,4,,,0,69,,4893,4,,,0,34,,4894,4,,,0,73,,4895,4,,,0,85,,4896,4,,,0,30,,4897,4,,,0,64,,4898,4,,,0,40,,4903,4,,,0,69,,4900,4,,,0,30,,4901,4,,,0,64,,4902,4,,,0,100,,4899,4,,,0
601,'65031',738,,4915,4,,,0,66,,4916,4,,,0,49,,4906,4,,,0,84,,4907,4,,,0,102,,4908,4,,,0,101,,4909,4,,,0,100,,4910,4,,,0,101,,4911,4,,,0,102,,4912,4,,,0,100,,4913,4,,,0,100,,4914,4,,,0,102,,4917,4,,,0,90,,4918,4,,,0,83,,4919,4,,,0,100,,4920,4,,,0,99,,4921,4,,,0,35,,4922,4,,,0,103,,4923,4,,,0,145,,4924,4,,,0
601,'65032',738,,4934,4,,,0,66,,4935,4,,,0,49,,4925,4,,,0,84,,4926,4,,,0,102,,4927,4,,,0,101,,4928,4,,,0,100,,4929,4,,,0,101,,4930,4,,,0,102,,4931,4,,,0,100,,4932,4,,,0,100,,4933,4,,,0,102,,4936,4,,,0,90,,4937,4,,,0,83,,4938,4,,,0,100,,4939,4,,,0,99,,4940,4,,,0,35,,4941,4,,,0,103,,4942,4,,,0,145,,4943,4,,,0
800,'65030',616,,5160,4,,,1,15,,5212,4,,,1,11,,5161,4,,,1,61,,5162,4,,,1,9,,5163,4,,,1,13,,5164,4,,,1,13,,5165,4,,,1,15,,5166,4,,,1,55,,5167,4,,,1,15,,5168,4,,,1,24,,5169,4,,,1,61,,5170,4,,,1,20,,5171,4,,,1,20,,5172,4,,,1,60,,5173,4,,,1,20,,5174,4,,,1,20,,5175,4,,,1,60,,5176,4,,,1,20,,5177,4,,,1,19,,5178,4,,,1,59,,5179,4,,,1,21,,5180,4,,,1,21,,5181,4,,,1,61,,5182,4,,,1,18,,5183,4,,,1,20,,5184,4,,,1,62,,5185,4,,,1,17,,5186,4,,,1,19,,5187,4,,,1,10,,5188,4,,,1,54,,5189,4,,,1,15,,5190,4,,,1,13,,5191,4,,,1,15,,5192,4,,,1,7,,5193,4,,,1,47,,5194,4,,,1,10,,5195,4,,,1,13,,5196,4,,,1,18,,5197,4,,,1,60,,5198,4,,,1,15,,5199,4,,,1,24,,5200,4,,,1,58,,5201,4,,,1,18,,5202,4,,,1,23,,5203,4,,,1,71,,5204,4,,,1,30,,5205,4,,,1,70,,5206,4,,,1,30,,5207,4,,,1,76,,5208,4,,,1,25,,5209,4,,,1,68,,5210,4,,,1,100,,5211,4,,,1
800,'65031',616,,5229,4,,,1,101,,5230,4,,,1,29,,5231,4,,,1,68,,5232,4,,,1,19,,5233,4,,,1,71,,5213,4,,,1,30,,5214,4,,,1,69,,5215,4,,,1,30,,5216,4,,,1,69,,5217,4,,,1,30,,5218,4,,,1,70,,5219,4,,,1,30,,5220,4,,,1,70,,5221,4,,,1,30,,5222,4,,,1,69,,5223,4,,,1,30,,5224,4,,,1,70,,5225,4,,,1,31,,5226,4,,,1,71,,5227,4,,,1,29,,5228,4,,,1,70,,5234,4,,,1,32,,5235,4,,,1,70,,5242,4,,,1,22,,5236,4,,,1,25,,5243,4,,,1,63,,5237,4,,,1,101,,5238,4,,,1,101,,5239,4,,,1,100,,5240,4,,,1,101,,5241,4,,,1
800,'65032',616,,5260,4,,,1,101,,5261,4,,,1,29,,5262,4,,,1,68,,5263,4,,,1,19,,5264,4,,,1,71,,5244,4,,,1,30,,5245,4,,,1,69,,5246,4,,,1,30,,5247,4,,,1,69,,5248,4,,,1,30,,5249,4,,,1,70,,5250,4,,,1,30,,5251,4,,,1,70,,5252,4,,,1,30,,5253,4,,,1,69,,5254,4,,,1,30,,5255,4,,,1,70,,5256,4,,,1,31,,5257,4,,,1,71,,5258,4,,,1,29,,5259,4,,,1,70,,5265,4,,,1,32,,5266,4,,,1,70,,5273,4,,,1,22,,5267,4,,,1,25,,5274,4,,,1,63,,5268,4,,,1,101,,5269,4,,,1,101,,5270,4,,,1,100,,5271,4,,,1,101,,5272,4,,,1
900,'65030',700,,5387,4,,,0,14,,5388,4,,,0,42,,5389,4,,,0,70,,5390,4,,,0,26,,5395,4,,,0,62,,5394,4,,,0,40,,5396,4,,,0,60,,5402,4,,,0,39,,5397,4,,,0,59,,5403,4,,,0,38,,5398,4,,,0,60,,5404,4,,,0,40,,5399,4,,,0,62,,5405,4,,,0,40,,5400,4,,,0,60,,5406,4,,,0,25,,5420,4,,,0,22,,5401,4,,,0,61,,5407,4,,,0,23,,5408,4,,,0,66,,5409,4,,,0,20,,5410,4,,,0,25,,5411,4,,,0,71,,5412,4,,,0,77,,5415,4,,,0,25,,5413,4,,,0,78,,5414,4,,,0
900,'65031',1023,,5422,4,,,0,98,,5423,4,,,0,101,,5424,4,,,0,98,,5425,4,,,0,98,,5426,4,,,0,105,,5427,4,,,0,97,,5428,4,,,0
900,'65032',1023,,5437,4,,,0,98,,5438,4,,,0,101,,5439,4,,,0,98,,5440,4,,,0,98,,5441,4,,,0,105,,5442,4,,,0,97,,5443,4,,,0
1101,'65030',547,,5635,4,,,0,69,,5636,4,,,0,33,,5692,37,0,15 1 16,0,58,,5637,37,,,0,31,,5638,37,,,0,68,,5693,37,,,0,15,,5639,37,,,0,29,,5640,37,,,0,67,,5641,37,,,0,25,,5642,37,,,0,68,,5643,37,,,0,15,,5656,15,0,15 1 16,0,15,,5644,37,,,0,70,,5645,37,,,0,17,,5657,15,0,15 1 16,0,13,,5646,37,,,0,15,,5661,15,0,15 1 16,0,55,,5647,37,,,0,14,,5658,15,0,15 1 16,0,16,,5648,37,,,0,15,,5662,15,0,15 1 16,0,55,,5649,37,,,0,14,,5659,15,0,15 1 16,0,16,,5650,37,,,0,70,,5651,37,,,0,12,,5660,15,0,15 1 16,0,17,,5652,37,,,0,16,,5663,15,0,15 1 16,0,56,,5653,37,,,0,9,,5655,15,0,15 1 16,0,9,,5664,15,0,15 1 16,0,12,,5654,37,,,0,13,,5680,37,0,15 1 16,0,48,,5681,15,0,15 1 16,0,7,,5682,15,0,15 1 16,0,9,,5665,37,,,0,16,,5683,15,0,15 1 16,0,14,,5666,37,,,0,7,,5684,15,0,15 1 16,0,52,,5685,15,0,15 1 16,0,10,,5667,37,,,0,15,,5686,15,0,15 1 16,0,15,,5668,37,,,0,55,,5677,37,0,15 1 16,0,15,,5669,37,,,0,20,,5670,37,,,0,15,,5687,15,0,15 1 16,0,56,,5671,37,,,0,9,,5688,15,0,15 1 16,0,20,,5672,37,,,0,70,,5689,37,0,15 1 16,0,30,,5673,37,,,0,65,,5678,37,0,15 1 16,0,26,,5679,37,0,15 1 16,0,15,,5674,37,,,0,12,,5690,37,0,15 1 16,0,54,,5691,15,0,15 1 16,0,32,,5675,37,,,0,103,,5676,37,,,0,77,,5694,37,0,15 1 16,0
1101,'65031',642,,5713,4,,,0,98,,5714,4,,,0,95,,5712,37,,,0,79,,5695,15,,,0,34,,5704,37,0,15 1 16,0,65,,5696,37,,,0,35,,5705,37,0,15 1 16,0,65,,5697,37,,,0,35,,5706,37,0,15 1 16,0,65,,5698,37,,,0,35,,5707,37,0,15 1 16,0,65,,5699,37,,,0,35,,5708,37,0,15 1 16,0,65,,5700,37,,,0,34,,5709,37,0,15 1 16,0,70,,5701,37,,,0,30,,5710,37,0,15 1 16,0,71,,5702,37,,,0,32,,5711,37,0,15 1 16,0,69,,5703,37,,,0,14,,5715,37,0,15 1 16,0,15,,5716,37,,,0,70,,5717,37,0,15 1 16,0,24,,5718,37,,,0,101,,5719,37,,,0,100,,5720,37,,,0,99,,5721,37,,,0,100,,5722,37,,,0,100,,5723,37,,,0
1101,'65032',642,,5742,4,,,0,98,,5743,4,,,0,95,,5741,37,,,0,79,,5724,15,,,0,34,,5733,37,0,15 1 16,0,65,,5725,37,,,0,35,,5734,37,0,15 1 16,0,65,,5726,37,,,0,35,,5735,37,0,15 1 16,0,65,,5727,37,,,0,35,,5736,37,0,15 1 16,0,65,,5728,37,,,0,35,,5737,37,0,15 1 16,0,65,,5729,37,,,0,34,,5738,37,0,15 1 16,0,70,,5730,37,,,0,30,,5739,37,0,15 1 16,0,71,,5731,37,,,0,32,,5740,37,0,15 1 16,0,69,,5732,37,,,0,14,,5744,37,0,15 1 16,0,15,,5745,37,,,0,70,,5746,37,0,15 1 16,0,24,,5747,37,,,0,101,,5748,37,,,0,100,,5749,37,,,0,99,,5750,37,,,0,100,,5751,37,,,0,100,,5752,37,,,0
1101,'65035',1524,,5753,4,0,15 1 16,0,106,,5754,15,0,15 1 16,0
1400,'65030',634,,5893,4,,,0,17,,5894,4,,,0,66,,5895,4,,,0,28,,5896,4,,,0,69,,5897,4,,,0,24,,5898,4,,,0,75,,5899,4,,,0,28,,5910,4,,,0,72,,5900,4,,,0,28,,5911,4,,,0,72,,5901,4,,,0,20,,5906,4,,,0,18,,5912,4,,,0,60,,5902,4,,,0,21,,5907,4,,,0,21,,5913,4,,,0,61,,5903,4,,,0,16,,5908,4,,,0,22,,5914,4,,,0,62,,5904,4,,,0,17,,5909,4,,,0,18,,5915,4,,,0,64,,5905,4,,,0,18,,5916,4,,,0,16,,5917,4,,,0,65,,5918,4,,,0,23,,5919,4,,,0,77,,5920,4,,,0,22,,5921,4,,,0,77,,5922,4,,,0,25,,5923,4,,,0,71,,5924,4,,,0,30,,5925,4,,,0,65,,5926,4,,,0,29,,5927,4,,,0,77,,5928,4,,,0,21,,5929,4,,,0,74,,5930,4,,,0,19,,5931,4,,,0,84,,5932,4,,,0,22,,5933,4,,,0,93,,5934,4,,,0
1400,'65031',705,,5944,4,,,0,97,,5945,4,,,0,46,,5935,4,,,0,103,,5936,4,,,0,98,,5937,4,,,0,100,,5938,4,,,0,100,,5939,4,,,0,101,,5940,4,,,0,100,,5941,4,,,0,99,,5942,4,,,0,105,,5943,4,,,0,96,,5946,4,,,0,151,,5947,4,,,0,100,,5948,4,,,0,101,,5949,4,,,0,101,,5950,4,,,0,101,,5951,4,,,0,116,,5952,4,,,0
1400,'65032',705,,5962,4,,,0,97,,5963,4,,,0,46,,5953,4,,,0,103,,5954,4,,,0,98,,5955,4,,,0,100,,5956,4,,,0,100,,5957,4,,,0,101,,5958,4,,,0,100,,5959,4,,,0,99,,5960,4,,,0,105,,5961,4,,,0,96,,5964,4,,,0,151,,5965,4,,,0,100,,5966,4,,,0,101,,5967,4,,,0,101,,5968,4,,,0,101,,5969,4,,,0,116,,5970,4,,,0
1400,'65036',740,,5971,4,,,0
1600,'65030',613,,6136,4,,,0,41,,6135,4,,,0,58,,6134,4,,,0,14,,6133,4,,,0,14,,6132,4,,,0,18,,6131,4,,,0,72,,6130,4,,,0,28,,6129,4,,,0,64,,6143,4,,,0,32,,6137,4,,,0,69,,6144,4,,,0,31,,6138,4,,,0,67,,6145,4,,,0,12,,6149,4,,,0,15,,6139,4,,,0,53,,6150,4,,,0,16,,6146,4,,,0,17,,6169,4,,,0,19,,6140,4,,,0,71,,6147,4,,,0,30,,6141,4,,,0,68,,6148,4,,,0,29,,6142,4,,,0,56,,6171,4,,,0,17,,6168,4,,,0,24,,6151,4,,,0,64,,6152,4,,,0,12,,6153,4,,,0,15,,6154,4,,,0,19,,6155,4,,,0,55,,6156,4,,,0,17,,6157,4,,,0,20,,6158,4,,,0,66,,6170,4,,,0,26,,6159,4,,,0,67,,6160,4,,,0,29,,6161,4,,,0,71,,6162,4,,,0,33,,6163,4,,,0,69,,6172,4,,,0,29,,6164,4,,,0,63,,6165,4,,,0,16,,6166,4,,,0,35,,6167,4,,,0
1600,'65031',643,,6188,4,,,0,101,,6182,4,,,0,99,,6181,4,,,0,92,,6189,4,,,0,67,,6173,4,,,0,100,,6174,4,,,0,100,,6175,4,,,0,101,,6176,4,,,0,100,,6177,4,,,0,101,,6178,4,,,0,99,,6179,4,,,0,99,,6180,4,,,0,101,,6183,4,,,0,39,,6184,4,,,0,100,,6185,4,,,0,100,,6186,4,,,0,166,,6187,4,,,0
1600,'65032',643,,6205,4,,,0,101,,6199,4,,,0,99,,6198,4,,,0,92,,6206,4,,,0,67,,6190,4,,,0,100,,6191,4,,,0,100,,6192,4,,,0,101,,6193,4,,,0,100,,6194,4,,,0,101,,6195,4,,,0,99,,6196,4,,,0,99,,6197,4,,,0,101,,6200,4,,,0,39,,6201,4,,,0,100,,6202,4,,,0,100,,6203,4,,,0,166,,6204,4,,,0
2900,'65033',2436,,6951,4,,,0,70,,6952,4,,,0,30,,6953,4,,,0,70,,6954,4,,,0,30,,6955,4,,,0
91301,'65030',2519,,7860,49,,,0
91301,'65031',2519,,7861,49,,,0
91301,'65032',2519,,7862,49,,,0
