101,'65030',653,,4022,19,,,0,55,,4027,19,,,0,35,,4023,19,,,0,59,,4024,19,0,5 6,0,31,,4025,19,0,5 6,0,25,,4026,19,0,5 6,0,78,,4028,19,0,5 6,0,70,,4029,19,,,0,29,,4030,19,0,5 6,0,71,,4036,19,,,0,29,,4031,19,0,5 6,0,68,,4037,19,,,0,33,,4032,19,0,5 6,0,69,,4038,19,,,0,30,,4033,19,0,5 6,0,70,,4039,19,,,0,30,,4034,19,0,5 6,0,70,,4040,19,0,5 6,0,30,,4035,19,,,0,24,,4041,19,,,0,67,,4042,19,0,5 6,0,28,,4043,19,0,5 6,0,60,,4044,19,0,5 6,0,27,,4045,19,,,0,63,,4046,19,0,5 6,0,25,,4050,19,0,5 6,0,75,,4049,19,,,0,97,,4048,19,,,0,100,,4047,19,,,0,56,,4051,19,0,5 6,0
101,'65031',818,,4063,19,0,5 6,0,116,,4054,19,0,5 6,0,99,,4055,19,0,5 6,0,100,,4056,19,0,5 6,0,101,,4057,19,0,5 6,0,100,,4058,19,0,5 6,0,100,,4059,19,0,5 6,0,99,,4060,19,0,5 6,0,100,,4061,19,0,5 6,0,98,,4062,19,0,5 6,0,81,,4064,19,0,5 6,0
101,'65032',818,,4074,19,0,5 6,0,116,,4065,19,0,5 6,0,99,,4066,19,0,5 6,0,100,,4067,19,0,5 6,0,101,,4068,19,0,5 6,0,100,,4069,19,0,5 6,0,100,,4070,19,0,5 6,0,99,,4071,19,0,5 6,0,100,,4072,19,0,5 6,0,98,,4073,19,0,5 6,0,81,,4075,19,0,5 6,0
401,'65030',652,,4559,28,,,0,62,,4560,28,,,0,16,,4561,28,,,0,25,,4562,28,,,0,71,,4563,28,,,0,29,,4600,28,,,0,70,,4601,28,0,5 6,0,76,,4569,28,,,0,30,,4570,28,,,0,78,,4571,28,,,0,25,,4572,28,,,0,67,,4573,28,,,0,35,,4574,28,0,5 6,0,65,,4575,28,,,0,34,,4576,28,0,5 6,0,24,,4577,28,,,0,72,,4578,28,0,5 6,0,70,,4579,28,,,0,30,,4580,28,0,5 6,0,76,,4591,28,0,5 6,0,30,,4592,28,,,0,71,,4590,28,0,5 6,0,24,,4589,28,0,5 6,0,15,,4588,28,,,0,60,,4587,28,,,0,26,,4599,28,,,0,91,,4586,28,,,0,25,,4585,28,,,0,71,,4584,28,,,0,28,,4583,28,,,0,75,,4582,28,,,0,85,,4581,28,0,5 6,0
401,'65031',819,,4623,28,,,0,126,,4615,28,,,0,99,,4616,28,,,0,100,,4617,28,,,0,100,,4618,28,,,0,100,,4619,28,,,0,100,,4620,28,,,0,100,,4621,28,,,0,100,,4622,28,,,0,97,,4637,28,,,0,61,,4628,28,,,0,20,,4629,28,,,0
401,'65032',819,,4653,28,,,0,126,,4645,28,,,0,99,,4646,28,,,0,100,,4647,28,,,0,100,,4648,28,,,0,100,,4649,28,,,0,100,,4650,28,,,0,100,,4651,28,,,0,100,,4652,28,,,0,97,,4667,28,,,0,61,,4658,28,,,0,20,,4659,28,,,0
401,'65035',749,,4668,28,,,0
5501,'65030',736,,7295,36,,,0,121,,7296,36,,,0,155,,7297,36,,,0,115,,7298,36,,,0,115,,7299,36,,,0,115,,7300,36,,,0,155,,7301,36,,,0,115,,7302,36,,,0,118,,7303,36,,,0,112,,7304,36,0,5 6,0
5501,'65031',832,,7312,36,,,0,110,,7311,36,,,0,110,,7310,36,,,0,150,,7309,36,,,0,110,,7308,36,,,0,110,,7307,36,,,0,109,,7305,36,,,0,112,,7306,36,0,5 6,0
5501,'65032',832,,7320,36,,,0,110,,7319,36,,,0,110,,7318,36,,,0,150,,7317,36,,,0,110,,7316,36,,,0,110,,7315,36,,,0,109,,7313,36,,,0,112,,7314,36,0,5 6,0
90401,'65030',616,,7832,35,,,0,1703,,7833,35,,,0
90401,'65031',624,,7834,35,,,0,100,,7835,35,,,0,1197,,7836,35,,,0,100,,7837,35,,,0,100,,7838,35,,,0,100,,7839,35,,,0,100,,7840,35,,,0
90401,'65032',624,,7841,35,,,0,100,,7842,35,,,0,1197,,7843,35,,,0,100,,7844,35,,,0,100,,7845,35,,,0,100,,7846,35,,,0,100,,7847,35,,,0
90801,'65030',2444,,7849,36,,,0
90801,'65031',2443,,7850,36,,,0
90801,'65032',2443,,7851,36,,,0
