1201,'65030',643,,5829,34,,,0,68,,5830,34,,,0,30,,5825,34,,,0,70,,5826,34,,,0,28,,5827,34,,,0,66,,5828,34,,,0,23,,5831,34,,,0,28,,5832,34,,,0,72,,5833,34,,,0,28,,5834,34,,,0,72,,5835,34,,,0,31,,5836,34,,,0,72,,5837,34,,,0,14,,5860,34,,,0,14,,5838,34,,,0,70,,5839,34,,,0,30,,5840,34,,,0,71,,5841,34,,,0,72,,5842,34,,,0,27,,5843,34,,,0,71,,5844,34,,,0,24,,5845,34,,,0,15,,5846,34,,,0,16,,5847,34,,,0,52,,5848,34,,,0,15,,5849,34,,,0,19,,5850,34,,,0,16,,5851,34,,,0,65,,5852,34,,,0,24,,5853,34,,,0,69,,5854,34,,,0,35,,5855,34,,,0,95,,5856,34,,,0,100,,5857,34,,,0,79,,5858,34,,,0,118,,5859,34,,,0
1201,'65031',747,,5869,34,,,0,101,,5870,34,,,0,158,,5861,34,,,0,101,,5862,34,,,0,100,,5863,34,,,0,100,,5864,34,,,0,100,,5865,34,,,0,100,,5866,34,,,0,100,,5867,34,,,0,97,,5868,34,,,0,46,,5871,34,,,0,100,,5872,34,,,0,100,,5873,34,,,0,100,,5874,34,,,0,100,,5875,34,,,0
1201,'65032',747,,5884,34,,,0,101,,5885,34,,,0,158,,5876,34,,,0,101,,5877,34,,,0,100,,5878,34,,,0,100,,5879,34,,,0,100,,5880,34,,,0,100,,5881,34,,,0,100,,5882,34,,,0,97,,5883,34,,,0,46,,5886,34,,,0,100,,5887,34,,,0,100,,5888,34,,,0,100,,5889,34,,,0,100,,5890,34,,,0
1201,'65035',1634,,5891,34,,,0
91201,'65030',2256,,7854,38,,,0,100,,7855,38,,,0
91201,'65031',2248,,7856,38,,,0,100,,7857,38,,,0
91201,'65032',2248,,7858,38,,,0,100,,7859,38,,,0
91301,'65030',2505,,7860,30,,,0
91301,'65031',2505,,7861,30,,,0
91301,'65032',2505,,7862,30,,,0
