800,'65020',617,,1192,6,,,1,15,,1244,6,,,1,11,,1193,6,,,1,61,,1194,6,,,1,9,,1195,6,,,1,13,,1196,6,,,1,14,,1197,6,,,1,15,,1198,6,,,1,55,,1199,6,,,1,15,,1200,6,,,1,23,,1201,6,,,1,61,,1202,6,,,1,20,,1203,6,,,1,20,,1204,6,,,1,60,,1205,6,,,1,20,,1206,6,,,1,20,,1207,6,,,1,60,,1208,6,,,1,20,,1209,6,,,1,19,,1210,6,,,1,60,,1211,6,,,1,21,,1212,6,,,1,21,,1213,6,,,1,61,,1214,6,,,1,18,,1215,6,,,1,20,,1216,6,,,1,62,,1217,6,,,1,17,,1218,6,,,1,19,,1219,6,,,1,10,,1220,6,,,1,54,,1221,6,,,1,15,,1222,6,,,1,13,,1223,6,,,1,15,,1224,6,,,1,47,,1225,6,,,1,7,,1226,6,,,1,10,,1227,6,,,1,13,,1228,6,,,1,18,,1229,6,,,1,60,,1230,6,,,1,15,,1231,6,,,1,24,,1232,6,,,1,58,,1233,6,,,1,18,,1234,6,,,1,23,,1235,6,,,1,70,,1236,6,,,1,30,,1237,6,,,1,70,,1238,6,,,1,30,,1239,6,,,1,76,,1240,6,,,1,25,,1241,6,,,1,68,,1242,6,,,1,100,,1243,6,,,1
800,'65021',617,,1261,6,,,1,101,,1262,6,,,1,29,,1263,6,,,1,68,,1264,6,,,1,19,,1265,6,,,1,71,,1245,6,,,1,30,,1246,6,,,1,69,,1247,6,,,1,30,,1248,6,,,1,69,,1249,6,,,1,30,,1250,6,,,1,70,,1251,6,,,1,30,,1252,6,,,1,70,,1253,6,,,1,30,,1254,6,,,1,69,,1255,6,,,1,30,,1256,6,,,1,70,,1257,6,,,1,31,,1258,6,,,1,71,,1259,6,,,1,29,,1260,6,,,1,70,,1266,6,,,1,32,,1267,6,,,1,70,,1274,6,,,1,22,,1268,6,,,1,25,,1275,6,,,1,63,,1269,6,,,1,101,,1270,6,,,1,101,,1271,6,,,1,100,,1272,6,,,1,101,,1273,6,,,1
800,'65022',617,,1292,6,,,1,101,,1293,6,,,1,29,,1294,6,,,1,68,,1295,6,,,1,19,,1296,6,,,1,71,,1276,6,,,1,30,,1277,6,,,1,69,,1278,6,,,1,30,,1279,6,,,1,69,,1280,6,,,1,30,,1281,6,,,1,70,,1282,6,,,1,30,,1283,6,,,1,70,,1284,6,,,1,30,,1285,6,,,1,69,,1286,6,,,1,30,,1287,6,,,1,70,,1288,6,,,1,31,,1289,6,,,1,71,,1290,6,,,1,29,,1291,6,,,1,70,,1297,6,,,1,32,,1298,6,,,1,70,,1305,6,,,1,22,,1299,6,,,1,25,,1306,6,,,1,63,,1300,6,,,1,101,,1301,6,,,1,101,,1302,6,,,1,100,,1303,6,,,1,101,,1304,6,,,1
900,'65020',701,,1419,6,,,0,14,,1420,6,,,0,43,,1421,6,,,0,70,,1422,6,,,0,26,,1427,6,,,0,61,,1426,6,,,0,40,,1428,6,,,0,60,,1434,6,,,0,39,,1429,6,,,0,59,,1435,6,,,0,38,,1430,6,,,0,60,,1436,6,,,0,40,,1431,6,,,0,62,,1437,6,,,0,40,,1432,6,,,0,60,,1438,6,,,0,25,,1452,6,,,0,62,,1433,6,,,0,21,,1439,6,,,0,24,,1440,6,,,0,66,,1441,6,,,0,20,,1442,6,,,0,25,,1443,6,,,0,71,,1444,6,,,0,76,,1447,6,,,0,25,,1445,6,,,0,78,,1446,6,,,0
900,'65021',1024,,1454,6,,,0,98,,1455,6,,,0,101,,1456,6,,,0,98,,1457,6,,,0,98,,1458,6,,,0,105,,1459,6,,,0,97,,1460,6,,,0
900,'65022',1024,,1469,6,,,0,98,,1470,6,,,0,101,,1471,6,,,0,98,,1472,6,,,0,98,,1473,6,,,0,105,,1474,6,,,0,97,,1475,6,,,0
1101,'65020',548,,1667,6,,,0,69,,1668,6,,,0,33,,1724,39,0,8 1 9,0,58,,1669,39,,,0,31,,1670,39,,,0,68,,1725,39,,,0,15,,1671,39,,,0,29,,1672,39,,,0,67,,1673,39,,,0,25,,1674,39,,,0,68,,1675,39,,,0,15,,1688,17,0,8 1 9,0,15,,1676,39,,,0,70,,1677,39,,,0,17,,1689,17,0,8 1 9,0,13,,1678,39,,,0,15,,1693,17,0,8 1 9,0,55,,1679,39,,,0,14,,1690,17,0,8 1 9,0,16,,1680,39,,,0,15,,1694,17,0,8 1 9,0,55,,1681,39,,,0,14,,1691,17,0,8 1 9,0,16,,1682,39,,,0,70,,1683,39,,,0,12,,1692,17,0,8 1 9,0,17,,1684,39,,,0,16,,1695,17,0,8 1 9,0,56,,1685,39,,,0,9,,1687,17,0,8 1 9,0,9,,1696,17,0,8 1 9,0,12,,1686,39,,,0,13,,1712,39,0,8 1 9,0,48,,1713,17,0,8 1 9,0,7,,1714,17,0,8 1 9,0,9,,1697,39,,,0,16,,1715,17,0,8 1 9,0,14,,1698,39,,,0,7,,1716,17,0,8 1 9,0,52,,1717,17,0,8 1 9,0,10,,1699,39,,,0,15,,1718,17,0,8 1 9,0,15,,1700,39,,,0,55,,1709,39,0,8 1 9,0,15,,1701,39,,,0,20,,1702,39,,,0,15,,1719,17,0,8 1 9,0,56,,1703,39,,,0,9,,1720,17,0,8 1 9,0,20,,1704,39,,,0,70,,1721,39,0,8 1 9,0,30,,1705,39,,,0,65,,1710,39,0,8 1 9,0,26,,1711,39,0,8 1 9,0,15,,1706,39,,,0,12,,1722,39,0,8 1 9,0,54,,1723,17,0,8 1 9,0,32,,1707,39,,,0,103,,1708,39,,,0,77,,1726,39,0,8 1 9,0
1101,'65021',643,,1745,6,,,0,98,,1746,6,,,0,95,,1744,39,,,0,79,,1727,17,,,0,34,,1736,39,0,8 1 9,0,65,,1728,39,,,0,35,,1737,39,0,8 1 9,0,65,,1729,39,,,0,35,,1738,39,0,8 1 9,0,65,,1730,39,,,0,35,,1739,39,0,8 1 9,0,65,,1731,39,,,0,35,,1740,39,0,8 1 9,0,65,,1732,39,,,0,34,,1741,39,0,8 1 9,0,70,,1733,39,,,0,30,,1742,39,0,8 1 9,0,71,,1734,39,,,0,32,,1743,39,0,8 1 9,0,69,,1735,39,,,0,14,,1747,39,0,8 1 9,0,15,,1748,39,,,0,70,,1749,39,0,8 1 9,0,24,,1750,39,,,0,101,,1751,39,,,0,100,,1752,39,,,0,99,,1753,39,,,0,100,,1754,39,,,0,100,,1755,39,,,0
1101,'65022',643,,1774,6,,,0,98,,1775,6,,,0,95,,1773,39,,,0,79,,1756,17,,,0,34,,1765,39,0,8 1 9,0,65,,1757,39,,,0,35,,1766,39,0,8 1 9,0,65,,1758,39,,,0,35,,1767,39,0,8 1 9,0,65,,1759,39,,,0,35,,1768,39,0,8 1 9,0,65,,1760,39,,,0,35,,1769,39,0,8 1 9,0,65,,1761,39,,,0,34,,1770,39,0,8 1 9,0,70,,1762,39,,,0,30,,1771,39,0,8 1 9,0,71,,1763,39,,,0,32,,1772,39,0,8 1 9,0,69,,1764,39,,,0,14,,1776,39,0,8 1 9,0,15,,1777,39,,,0,70,,1778,39,0,8 1 9,0,24,,1779,39,,,0,101,,1780,39,,,0,100,,1781,39,,,0,99,,1782,39,,,0,100,,1783,39,,,0,100,,1784,39,,,0
1101,'65025',1525,,1785,6,0,8 1 9,0,106,,1786,17,0,8 1 9,0
1400,'65020',635,,1925,6,,,0,17,,1926,6,,,0,66,,1927,6,,,0,28,,1928,6,,,0,69,,1929,6,,,0,24,,1930,6,,,0,75,,1931,6,,,0,28,,1942,6,,,0,72,,1932,6,,,0,28,,1943,6,,,0,72,,1933,6,,,0,20,,1938,6,,,0,18,,1944,6,,,0,60,,1934,6,,,0,21,,1939,6,,,0,21,,1945,6,,,0,61,,1935,6,,,0,16,,1940,6,,,0,22,,1946,6,,,0,62,,1936,6,,,0,17,,1941,6,,,0,18,,1947,6,,,0,64,,1937,6,,,0,18,,1948,6,,,0,16,,1949,6,,,0,65,,1950,6,,,0,23,,1951,6,,,0,77,,1952,6,,,0,22,,1953,6,,,0,77,,1954,6,,,0,25,,1955,6,,,0,71,,1956,6,,,0,30,,1957,6,,,0,65,,1958,6,,,0,29,,1959,6,,,0,77,,1960,6,,,0,21,,1961,6,,,0,74,,1962,6,,,0,19,,1963,6,,,0,84,,1964,6,,,0,22,,1965,6,,,0,93,,1966,6,,,0
1400,'65021',706,,1976,6,,,0,97,,1977,6,,,0,46,,1967,6,,,0,103,,1968,6,,,0,98,,1969,6,,,0,100,,1970,6,,,0,100,,1971,6,,,0,101,,1972,6,,,0,100,,1973,6,,,0,99,,1974,6,,,0,105,,1975,6,,,0,96,,1978,6,,,0,151,,1979,6,,,0,100,,1980,6,,,0,101,,1981,6,,,0,101,,1982,6,,,0,101,,1983,6,,,0,116,,1984,6,,,0
1400,'65022',706,,1994,6,,,0,97,,1995,6,,,0,46,,1985,6,,,0,103,,1986,6,,,0,98,,1987,6,,,0,100,,1988,6,,,0,100,,1989,6,,,0,101,,1990,6,,,0,100,,1991,6,,,0,99,,1992,6,,,0,105,,1993,6,,,0,96,,1996,6,,,0,151,,1997,6,,,0,100,,1998,6,,,0,101,,1999,6,,,0,101,,2000,6,,,0,101,,2001,6,,,0,116,,2002,6,,,0
1400,'65026',741,,2003,6,,,0
1600,'65020',614,,2168,6,,,0,41,,2167,6,,,0,58,,2166,6,,,0,14,,2165,6,,,0,14,,2164,6,,,0,18,,2163,6,,,0,72,,2162,6,,,0,28,,2161,6,,,0,64,,2175,6,,,0,32,,2169,6,,,0,69,,2176,6,,,0,31,,2170,6,,,0,67,,2177,6,,,0,12,,2181,6,,,0,15,,2171,6,,,0,53,,2182,6,,,0,16,,2178,6,,,0,17,,2201,6,,,0,19,,2172,6,,,0,71,,2179,6,,,0,30,,2173,6,,,0,68,,2180,6,,,0,29,,2174,6,,,0,56,,2203,6,,,0,17,,2200,6,,,0,24,,2183,6,,,0,64,,2184,6,,,0,12,,2185,6,,,0,15,,2186,6,,,0,19,,2187,6,,,0,55,,2188,6,,,0,17,,2189,6,,,0,20,,2190,6,,,0,66,,2202,6,,,0,26,,2191,6,,,0,67,,2192,6,,,0,29,,2193,6,,,0,71,,2194,6,,,0,33,,2195,6,,,0,69,,2204,6,,,0,29,,2196,6,,,0,63,,2197,6,,,0,16,,2198,6,,,0,35,,2199,6,,,0
1600,'65021',644,,2220,6,,,0,101,,2214,6,,,0,99,,2213,6,,,0,92,,2221,6,,,0,67,,2205,6,,,0,100,,2206,6,,,0,100,,2207,6,,,0,101,,2208,6,,,0,100,,2209,6,,,0,101,,2210,6,,,0,99,,2211,6,,,0,99,,2212,6,,,0,101,,2215,6,,,0,39,,2216,6,,,0,100,,2217,6,,,0,100,,2218,6,,,0,166,,2219,6,,,0
1600,'65022',644,,2237,6,,,0,101,,2231,6,,,0,99,,2230,6,,,0,92,,2238,6,,,0,67,,2222,6,,,0,100,,2223,6,,,0,100,,2224,6,,,0,101,,2225,6,,,0,100,,2226,6,,,0,101,,2227,6,,,0,99,,2228,6,,,0,99,,2229,6,,,0,101,,2232,6,,,0,39,,2233,6,,,0,100,,2234,6,,,0,100,,2235,6,,,0,166,,2236,6,,,0
1900,'65020',701,,2562,20,,,0,39,,2563,20,,,0,14,,2564,20,,,0,71,,2565,20,,,0,30,,2566,20,,,0,72,,2580,20,,,0,30,,2579,20,,,0,71,,2578,20,,,0,30,,2577,20,,,0,70,,2576,20,,,0,31,,2575,20,,,0,72,,2574,20,,,0,28,,2573,20,,,0,72,,2572,20,,,0,69,,2571,20,,,0,28,,2570,20,,,0,31,,2569,20,,,0,71,,2568,20,,,0,73,,2567,20,,,0,22,,2587,20,,,0,25,,2586,20,,,0,63,,2585,20,,,0,29,,2584,20,,,0,68,,2583,20,,,0,28,,2582,20,,,0
2900,'65023',2437,,2983,6,,,2,70,,2984,6,,,2,30,,2985,6,,,2,70,,2986,6,,,2,30,,2987,6,,,2
2900,'65024',2437,,2992,6,,,2,70,,2991,6,,,2,30,,2989,6,,,2,70,,2990,6,,,2,30,,2988,6,,,2
91900,'65020',601,,3930,20,,,0
