1201,'65030',639,,5829,29,,,0,68,,5830,29,,,0,30,,5825,29,,,0,69,,5826,29,,,0,29,,5827,29,,,0,66,,5828,29,,,0,23,,5831,29,,,0,28,,5832,29,,,0,72,,5833,29,,,0,28,,5834,29,,,0,72,,5835,29,,,0,30,,5836,29,,,0,72,,5837,29,,,0,14,,5860,29,,,0,14,,5838,29,,,0,71,,5839,29,,,0,30,,5840,29,,,0,71,,5841,29,,,0,31,,5842,29,,,0,67,,5843,29,,,0,31,,5844,29,,,0,63,,5845,29,,,0,15,,5846,29,,,0,16,,5847,29,,,0,52,,5848,29,,,0,15,,5849,29,,,0,19,,5850,29,,,0,17,,5851,29,,,0,65,,5852,29,,,0,25,,5853,29,,,0,69,,5854,29,,,0,35,,5855,29,,,0,95,,5856,29,,,0,100,,5857,29,,,0,79,,5858,29,,,0,118,,5859,29,,,0
1201,'65031',743,,5869,29,,,0,101,,5870,29,,,0,158,,5861,29,,,0,101,,5862,29,,,0,100,,5863,29,,,0,100,,5864,29,,,0,100,,5865,29,,,0,100,,5866,29,,,0,100,,5867,29,,,0,97,,5868,29,,,0,46,,5871,29,,,0,100,,5872,29,,,0,100,,5873,29,,,0,100,,5874,29,,,0,100,,5875,29,,,0
1201,'65032',743,,5884,29,,,0,101,,5885,29,,,0,158,,5876,29,,,0,101,,5877,29,,,0,100,,5878,29,,,0,100,,5879,29,,,0,100,,5880,29,,,0,100,,5881,29,,,0,100,,5882,29,,,0,97,,5883,29,,,0,46,,5886,29,,,0,100,,5887,29,,,0,100,,5888,29,,,0,100,,5889,29,,,0,100,,5890,29,,,0
1201,'65035',1628,,5891,29,,,0
1600,'65030',622,,6136,19,,,0,81,,6135,19,,,0,18,,6134,19,,,0,15,,6133,19,,,0,14,,6132,19,,,0,60,,6131,19,,,0,33,,6130,19,,,0,64,,6129,19,,,0,24,,6143,19,,,0,72,,6137,19,,,0,30,,6144,19,,,0,71,,6138,19,,,0,27,,6145,19,,,0,13,,6149,19,,,0,15,,6139,19,,,0,53,,6150,19,,,0,16,,6146,19,,,0,17,,6169,19,,,0,59,,6140,19,,,0,30,,6147,19,,,0,70,,6141,19,,,0,28,,6148,19,,,0,70,,6142,19,,,0,16,,6171,19,,,0,17,,6168,19,,,0,24,,6151,19,,,0,67,,6152,19,,,0,12,,6153,19,,,0,15,,6154,19,,,0,57,,6155,19,,,0,14,,6156,19,,,0,17,,6157,19,,,0,59,,6158,19,,,0,26,,6170,19,,,0,26,,6159,19,,,0,67,,6160,19,,,0,29,,6161,19,,,0,71,,6162,19,,,0,33,,6163,19,,,0,69,,6172,19,,,0,29,,6164,19,,,0,63,,6165,19,,,0,16,,6166,19,,,0,75,,6167,19,,,0
1600,'65031',651,,6188,19,,,0,101,,6182,19,,,0,100,,6181,19,,,0,92,,6189,19,,,0,68,,6173,19,,,0,100,,6174,19,,,0,100,,6175,19,,,0,101,,6176,19,,,0,100,,6177,19,,,0,101,,6178,19,,,0,99,,6179,19,,,0,99,,6180,19,,,0,101,,6183,19,,,0,38,,6184,19,,,0,100,,6185,19,,,0,100,,6186,19,,,0,165,,6187,19,,,0
1600,'65032',651,,6205,19,,,0,101,,6199,19,,,0,100,,6198,19,,,0,92,,6206,19,,,0,68,,6190,19,,,0,100,,6191,19,,,0,100,,6192,19,,,0,101,,6193,19,,,0,100,,6194,19,,,0,101,,6195,19,,,0,99,,6196,19,,,0,99,,6197,19,,,0,101,,6200,19,,,0,38,,6201,19,,,0,100,,6202,19,,,0,100,,6203,19,,,0,165,,6204,19,,,0
91201,'65030',2251,,7854,33,,,0,100,,7855,33,,,0
91201,'65031',2245,,7856,33,,,0,100,,7857,33,,,0
91201,'65032',2245,,7858,33,,,0,100,,7859,33,,,0
