700,'65030',649,,4944,47,,,0,77,,4946,47,,,0,24,,4947,47,,,0,63,,4949,55,,,0,8,,4950,47,,,0,17,,4952,47,,,0,17,,4954,55,,,0,55,,4955,47,,,0,27,,4963,47,,,0,66,,4970,47,,,0,38,,4964,47,,,0,62,,4971,47,,,0,38,,4965,47,,,0,63,,4972,47,,,0,39,,4966,47,,,0,63,,4973,55,,,0,38,,4967,47,,,0,60,,4974,55,,,0,38,,4968,47,,,0,63,,4975,47,,,0,19,,4962,47,,,0,22,,4969,47,,,0,63,,4976,55,,,0,22,,4977,47,,,0,78,,4978,47,,,0,20,,4979,55,,,0,74,,4980,47,,,0,24,,4981,55,,,0,25,,4982,55,,,0,60,,4983,55,,,0,27,,4984,47,,,0,74,,4985,47,,,0,25,,4986,47,,,0,74,,4987,55,,,0,25,,4988,47,,,0,74,,4989,55,,,0,36,,4990,47,,,0,100,,4991,55,,,0
700,'65031',745,,5010,47,,,0,101,,5011,55,,,0,101,,4992,55,,,0,91,,4993,47,,,0,102,,4994,47,,,0,102,,4995,47,,,0,100,,4996,47,,,0,101,,4997,47,,,0,100,,4998,47,,,0,301,,5014,55,,,0,104,,5015,55,,,0,100,,5016,55,,,0,100,,5017,55,,,0,100,,5018,55,,,0,98,,5019,55,,,0
700,'65032',745,,5038,47,,,0,101,,5039,55,,,0,101,,5020,55,,,0,91,,5021,47,,,0,102,,5022,47,,,0,102,,5023,47,,,0,100,,5024,47,,,0,101,,5025,47,,,0,100,,5026,47,,,0,301,,5042,55,,,0,104,,5043,55,,,0,100,,5044,55,,,0,100,,5045,55,,,0,100,,5046,55,,,0,98,,5047,55,,,0
701,'65030',1316,,5067,5,0,54,0,138,,5063,5,0,54,0,170,,5080,5,0,54,0,130,,5084,5,0,54,0
800,'65030',652,,5160,54,,,1,57,,5212,54,,,1,12,,5161,54,,,1,23,,5162,54,,,1,11,,5163,54,,,1,55,,5164,54,,,1,15,,5165,54,,,1,15,,5166,54,,,1,16,,5167,54,,,1,53,,5168,54,,,1,21,,5169,54,,,1,20,,5170,54,,,1,58,,5171,54,,,1,21,,5172,54,,,1,20,,5173,54,,,1,60,,5174,54,,,1,21,,5175,54,,,1,20,,5176,54,,,1,60,,5177,54,,,1,21,,5178,54,,,1,20,,5179,54,,,1,61,,5180,54,,,1,22,,5181,54,,,1,19,,5182,54,,,1,57,,5183,54,,,1,20,,5184,54,,,1,23,,5185,54,,,1,57,,5186,54,,,1,20,,5187,54,,,1,10,,5188,54,,,1,15,,5189,54,,,1,56,,5190,54,,,1,17,,5191,54,,,1,17,,5192,54,,,1,8,,5193,54,,,1,47,,5194,54,,,1,11,,5195,54,,,1,13,,5196,54,,,1,16,,5197,54,,,1,15,,5198,54,,,1,54,,5199,54,,,1,22,,5200,54,,,1,18,,5201,54,,,1,55,,5202,54,,,1,22,,5203,54,,,1,30,,5204,54,,,1,69,,5205,54,,,1,30,,5206,54,,,1,70,,5207,54,,,1,34,,5208,54,,,1,65,,5209,54,,,1,27,,5210,54,,,1,100,,5211,54,,,1
800,'65031',651,,5229,54,,,1,101,,5230,54,,,1,69,,5231,54,,,1,29,,5232,54,,,1,60,,5233,54,,,1,32,,5213,54,,,1,71,,5214,54,,,1,29,,5215,54,,,1,71,,5216,54,,,1,29,,5217,54,,,1,70,,5218,54,,,1,31,,5219,54,,,1,71,,5220,54,,,1,31,,5221,54,,,1,70,,5222,54,,,1,30,,5223,54,,,1,70,,5224,54,,,1,29,,5225,54,,,1,70,,5226,54,,,1,30,,5227,54,,,1,69,,5228,54,,,1,30,,5234,54,,,1,72,,5235,54,,,1,30,,5242,54,,,1,62,,5236,54,,,1,24,,5243,54,,,1,23,,5237,54,,,1,100,,5238,54,,,1,99,,5239,54,,,1,100,,5240,54,,,1,99,,5241,54,,,1
800,'65032',651,,5260,54,,,1,101,,5261,54,,,1,69,,5262,54,,,1,29,,5263,54,,,1,60,,5264,54,,,1,32,,5244,54,,,1,71,,5245,54,,,1,29,,5246,54,,,1,71,,5247,54,,,1,29,,5248,54,,,1,70,,5249,54,,,1,31,,5250,54,,,1,71,,5251,54,,,1,31,,5252,54,,,1,70,,5253,54,,,1,30,,5254,54,,,1,70,,5255,54,,,1,29,,5256,54,,,1,70,,5257,54,,,1,30,,5258,54,,,1,69,,5259,54,,,1,30,,5265,54,,,1,72,,5266,54,,,1,30,,5273,54,,,1,62,,5267,54,,,1,24,,5274,54,,,1,23,,5268,54,,,1,100,,5269,54,,,1,99,,5270,54,,,1,100,,5271,54,,,1,99,,5272,54,,,1
801,'65030',610,,5275,5,,,1,29,,5276,5,,,1,105,,5322,5,,,1,782,,5304,5,,,1,82,,5307,5,,,1
2100,'65030',714,,6610,5,,,0,30,,6611,5,,,0,70,,6612,5,,,0,30,,6613,5,,,0,695,,6614,5,,,0,65,,6615,5,,,0,35,,6616,5,,,0,65,,6617,5,,,0,30,,6618,5,,,0
2200,'65030',647,,6628,25,,,0,88,,6629,25,,,0,81,,6630,25,,,0,41,,6631,25,,,0,693,,6632,25,,,0,95,,6633,25,,,0,81,,6634,25,,,0,80,,6635,25,,,0,40,,6636,25,,,0
40100,'65030',647,,7359,10,,,0,70,,7360,10,,,0,30,,7361,10,,,0,70,,7362,10,,,0,30,,7363,10,,,0
45300,'65030',750,,7417,9,,,0,99,,7418,9,,,0,399,,7419,9,,,0,275,,7420,9,,,0,112,,7421,9,,,0,94,,7422,9,,,0,90,,7423,9,,,0
45400,'65030',651,,7430,8,,,0,69,,7431,8,,,0,22,,7432,8,,,0,72,,7433,8,,,0,36,,7434,8,,,0,697,,7435,8,,,0
45401,'65030',1512,,7436,5,,,0,30,,7437,5,,,0,67,,7438,5,,,0,40,,7439,5,,,0,63,,7440,5,,,0
90801,'65030',2423,,7849,5,,,0
90801,'65031',2423,,7850,5,,,0
90801,'65032',2423,,7851,5,,,0
