700,'65030',638,,4944,36,,,0,75,,4946,36,,,0,22,,4947,36,,,0,24,,4949,44,,,0,48,,4950,36,,,0,19,,4952,36,,,0,17,,4954,44,,,0,16,,4955,36,,,0,67,,4963,36,,,0,26,,4970,36,,,0,77,,4964,36,,,0,22,,4971,36,,,0,78,,4965,36,,,0,23,,4972,36,,,0,79,,4966,36,,,0,23,,4973,44,,,0,79,,4967,36,,,0,20,,4974,44,,,0,78,,4968,36,,,0,21,,4975,36,,,0,59,,4962,36,,,0,22,,4969,36,,,0,23,,4976,44,,,0,62,,4977,36,,,0,38,,4978,36,,,0,61,,4979,44,,,0,35,,4980,36,,,0,64,,4981,44,,,0,25,,4982,44,,,0,60,,4983,44,,,0,27,,4984,36,,,0,74,,4985,36,,,0,25,,4986,36,,,0,74,,4987,44,,,0,25,,4988,36,,,0,75,,4989,44,,,0,36,,4990,36,,,0,100,,4991,44,,,0
700,'65031',734,,5010,36,,,0,101,,5011,44,,,0,101,,4992,44,,,0,91,,4993,36,,,0,102,,4994,36,,,0,102,,4995,36,,,0,100,,4996,36,,,0,101,,4997,36,,,0,100,,4998,36,,,0,301,,5014,44,,,0,104,,5015,44,,,0,100,,5016,44,,,0,100,,5017,44,,,0,100,,5018,44,,,0,98,,5019,44,,,0
700,'65032',734,,5038,36,,,0,101,,5039,44,,,0,101,,5020,44,,,0,91,,5021,36,,,0,102,,5022,36,,,0,102,,5023,36,,,0,100,,5024,36,,,0,101,,5025,36,,,0,100,,5026,36,,,0,301,,5042,44,,,0,104,,5043,44,,,0,100,,5044,44,,,0,100,,5045,44,,,0,100,,5046,44,,,0,98,,5047,44,,,0
800,'65030',639,,5160,43,,,1,16,,5212,43,,,1,52,,5161,43,,,1,22,,5162,43,,,1,11,,5163,43,,,1,15,,5164,43,,,1,55,,5165,43,,,1,15,,5166,43,,,1,16,,5167,43,,,1,14,,5168,43,,,1,62,,5169,43,,,1,20,,5170,43,,,1,18,,5171,43,,,1,60,,5172,43,,,1,20,,5173,43,,,1,20,,5174,43,,,1,61,,5175,43,,,1,20,,5176,43,,,1,20,,5177,43,,,1,61,,5178,43,,,1,20,,5179,43,,,1,21,,5180,43,,,1,62,,5181,43,,,1,19,,5182,43,,,1,17,,5183,43,,,1,60,,5184,43,,,1,23,,5185,43,,,1,17,,5186,43,,,1,59,,5187,43,,,1,10,,5188,43,,,1,15,,5189,43,,,1,16,,5190,43,,,1,57,,5191,43,,,1,17,,5192,43,,,1,8,,5193,43,,,1,7,,5194,43,,,1,11,,5195,43,,,1,53,,5196,43,,,1,16,,5197,43,,,1,16,,5198,43,,,1,14,,5199,43,,,1,62,,5200,43,,,1,18,,5201,43,,,1,16,,5202,43,,,1,63,,5203,43,,,1,30,,5204,43,,,1,69,,5205,43,,,1,30,,5206,43,,,1,70,,5207,43,,,1,34,,5208,43,,,1,65,,5209,43,,,1,27,,5210,43,,,1,100,,5211,43,,,1
800,'65031',639,,5229,43,,,1,101,,5230,43,,,1,69,,5231,43,,,1,29,,5232,43,,,1,19,,5233,43,,,1,72,,5213,43,,,1,71,,5214,43,,,1,29,,5215,43,,,1,71,,5216,43,,,1,29,,5217,43,,,1,30,,5218,43,,,1,71,,5219,43,,,1,70,,5220,43,,,1,31,,5221,43,,,1,70,,5222,43,,,1,30,,5223,43,,,1,70,,5224,43,,,1,29,,5225,43,,,1,70,,5226,43,,,1,30,,5227,43,,,1,29,,5228,43,,,1,70,,5234,43,,,1,72,,5235,43,,,1,30,,5242,43,,,1,22,,5236,43,,,1,64,,5243,43,,,1,23,,5237,43,,,1,100,,5238,43,,,1,100,,5239,43,,,1,100,,5240,43,,,1,100,,5241,43,,,1
800,'65032',639,,5260,43,,,1,101,,5261,43,,,1,69,,5262,43,,,1,29,,5263,43,,,1,19,,5264,43,,,1,72,,5244,43,,,1,71,,5245,43,,,1,29,,5246,43,,,1,71,,5247,43,,,1,29,,5248,43,,,1,30,,5249,43,,,1,71,,5250,43,,,1,70,,5251,43,,,1,31,,5252,43,,,1,70,,5253,43,,,1,30,,5254,43,,,1,70,,5255,43,,,1,29,,5256,43,,,1,70,,5257,43,,,1,30,,5258,43,,,1,29,,5259,43,,,1,70,,5265,43,,,1,72,,5266,43,,,1,30,,5273,43,,,1,22,,5267,43,,,1,64,,5274,43,,,1,23,,5268,43,,,1,100,,5269,43,,,1,100,,5270,43,,,1,100,,5271,43,,,1,100,,5272,43,,,1
5700,'65030',1007,,7321,97,4,,0,105,,7322,97,4,,0,120,,7323,97,4,,0,105,,7324,97,4,,0,120,,7325,97,4,,0,145,,7326,97,4,,0,120,,7327,97,4,,0
5700,'65031',1212,,7333,97,4,,0,113,,7332,97,4,,0,102,,7331,97,4,,0,111,,7330,97,4,,0,102,,7329,97,4,,0
5700,'65032',1212,,7339,97,4,,0,113,,7338,97,4,,0,102,,7337,97,4,,0,111,,7336,97,4,,0,102,,7335,97,4,,0
5701,'65030',855,,7340,1,,,0,160,8,7341,1,,,0,105,8,7342,1,,,0,120,8,7343,1,,,0,105,8,7344,1,,,0,160,48,7345,1,,,0,105,8,7346,1,,,0
5701,'65031',1115,,7352,1,,,0,102,5,7351,1,,,0,113,5,7350,1,,,0,102,5,7349,1,,,0,111,5,7348,1,,,0,113,16,7347,1,0,7 1 21,0
5701,'65032',1115,,7358,1,,,0,102,5,7357,1,,,0,113,5,7356,1,,,0,102,5,7355,1,,,0,111,5,7354,1,,,0,113,16,7353,1,0,7 1 21,0
90400,'65030',2514,,7817,54,4,,0
90400,'65031',2514,,7824,54,4,,0
90400,'65032',2514,,7831,54,4,,0
