300,'65030',603,,4213,6,,,0,15,,4269,6,,,0,15,,4214,6,,,0,14,,4215,6,,,0,53,,4216,6,,,0,10,,4217,6,,,0,8,,4218,6,,,0,5,,4219,6,,,0,7,,4220,6,,,0,8,,4221,6,,,0,10,,4222,6,,,0,58,,4223,6,,,0,17,,4224,6,,,0,17,,4270,6,,,0,15,,4225,6,,,0,60,,4226,6,,,0,20,,4227,6,,,0,20,,4228,6,,,0,60,,4229,6,,,0,20,,4230,6,,,0,19,,4231,6,,,0,60,,4232,6,,,0,20,,4233,6,,,0,20,,4234,6,,,0,59,,4235,6,,,0,20,,4236,6,,,0,20,,4237,6,,,0,60,,4238,6,,,0,20,,4239,6,,,0,20,,4240,6,,,0,60,,4241,6,,,0,15,,4242,6,,,0,14,,4243,6,,,0,14,,4245,6,,,0,55,,4251,6,,,0,9,,4246,6,,,0,10,,4247,6,,,0,9,,4248,6,,,0,10,,4249,6,,,0,10,,4250,6,,,0,58,,4252,6,,,0,14,,4253,6,,,0,15,,4254,6,,,0,55,,4255,6,,,0,24,,4256,6,,,0,24,,4257,6,,,0,60,,4258,6,,,0,21,,4259,6,,,0,25,,4260,6,,,0,71,,4261,6,,,0,30,,4262,6,,,0,71,,4267,6,,,0,25,,4263,6,,,0,60,,4264,6,,,0,21,,4265,6,,,0,78,,4266,6,,,0,32,,4244,6,,,0
300,'65031',704,,4287,6,,,0,24,,4288,6,,,0,73,,4289,6,,,0,23,,4300,6,,,0,23,,4271,6,,,0,68,,4272,6,,,0,30,,4273,6,,,0,68,,4274,6,,,0,30,,4275,6,,,0,69,,4276,6,,,0,30,,4277,6,,,0,70,,4278,6,,,0,30,,4279,6,,,0,70,,4280,6,,,0,29,,4281,6,,,0,69,,4282,6,,,0,30,,4283,6,,,0,70,,4284,6,,,0,31,,4285,6,,,0,70,,4286,6,,,0,28,,4290,6,,,0,62,,4291,6,,,0,18,,4292,6,,,0,30,,4293,6,,,0,75,,4294,6,,,0,35,,4295,6,,,0,72,,4301,6,,,0,71,,4296,6,,,0,100,,4297,6,,,0,101,,4298,6,,,0,101,,4299,6,,,0
300,'65032',704,,4318,6,,,0,24,,4319,6,,,0,73,,4320,6,,,0,23,,4331,6,,,0,23,,4302,6,,,0,68,,4303,6,,,0,30,,4304,6,,,0,68,,4305,6,,,0,30,,4306,6,,,0,69,,4307,6,,,0,30,,4308,6,,,0,70,,4309,6,,,0,30,,4310,6,,,0,70,,4311,6,,,0,29,,4312,6,,,0,69,,4313,6,,,0,30,,4314,6,,,0,70,,4315,6,,,0,31,,4316,6,,,0,70,,4317,6,,,0,28,,4321,6,,,0,62,,4322,6,,,0,18,,4323,6,,,0,30,,4324,6,,,0,75,,4325,6,,,0,35,,4326,6,,,0,72,,4332,6,,,0,71,,4327,6,,,0,100,,4328,6,,,0,101,,4329,6,,,0,101,,4330,6,,,0
5001,'65030',655,,7074,6,,,0,67,,7097,6,0,31 32,0,29,,7075,6,,,0,71,,7098,6,0,31 32,0,31,,7076,6,,,0,75,,7077,6,,,0,76,,7078,6,,,0,99,,7079,6,,,0,100,,7080,6,,,0,100,,7081,6,,,0,100,,7082,6,,,0,100,,7096,6,0,31 32,0,35,,7083,6,,,0,81,,7095,6,0,31 32,0,30,,7084,6,,,0,69,,7094,6,0,31 32,0,31,,7085,6,,,0,69,,7093,6,0,31 32,0,29,,7086,6,,,0,60,,7087,6,,,0,47,,7088,6,,,0,85,,7089,6,,,0,85,,7090,6,,,0,85,,7091,6,,,0,47,,7092,6,,,0
5001,'65031',853,,7112,6,,,0,104,,7113,6,,,0,100,,7114,6,,,0,100,,7111,6,,,0,100,,7110,6,,,0,99,,7109,6,,,0,95,,7108,6,,,0,97,,7107,6,,,0,94,,7106,6,,,0,93,,7104,6,,,0,92,,7105,6,,,0,88,,7102,6,,,0,93,,7103,6,,,0,100,,7101,6,,,0,94,,7100,6,,,0,101,,7099,6,,,0
5001,'65032',853,,7128,6,,,0,104,,7129,6,,,0,100,,7130,6,,,0,100,,7127,6,,,0,100,,7126,6,,,0,99,,7125,6,,,0,95,,7124,6,,,0,97,,7123,6,,,0,94,,7122,6,,,0,93,,7120,6,,,0,92,,7121,6,,,0,88,,7118,6,,,0,93,,7119,6,,,0,100,,7117,6,,,0,94,,7116,6,,,0,101,,7115,6,,,0
5001,'65035',1647,,7131,6,0,33 3 34,0
90300,'65030',2312,,7807,13,,,0,107,,7808,13,,,0
90300,'65031',2420,,7811,13,,,0
90300,'65032',2420,,7813,13,,,0
91301,'65030',2509,,7860,38,,,0
91301,'65031',2509,,7861,38,,,0
91301,'65032',2509,,7862,38,,,0
