800,'65040',618,,9013,9,,,1,27,,9014,9,,,1,55,,9065,9,,,1,16,,9015,9,,,1,15,,9016,9,,,1,15,,9017,9,,,1,54,,9018,9,,,1,15,,9019,9,,,1,10,,9020,9,,,1,17,,9021,9,,,1,60,,9022,9,,,1,22,,9023,9,,,1,20,,9024,9,,,1,58,,9025,9,,,1,20,,9026,9,,,1,21,,9027,9,,,1,60,,9028,9,,,1,19,,9029,9,,,1,20,,9030,9,,,1,60,,9031,9,,,1,19,,9032,9,,,1,20,,9033,9,,,1,61,,9034,9,,,1,20,,9035,9,,,1,19,,9036,9,,,1,62,,9037,9,,,1,11,,9038,9,,,1,13,,9039,9,,,1,22,,9040,9,,,1,54,,9041,9,,,1,10,,9042,9,,,1,15,,9043,9,,,1,15,,9044,9,,,1,10,,9045,9,,,1,55,,9046,9,,,1,10,,9047,9,,,1,9,,9048,9,,,1,16,,9049,9,,,1,13,,9050,9,,,1,57,,9051,9,,,1,14,,9052,9,,,1,20,,9053,9,,,1,61,,9054,9,,,1,21,,9055,9,,,1,18,,9056,9,,,1,70,,9057,9,,,1,30,,9058,9,,,1,71,,9059,9,,,1,31,,9060,9,,,1,81,,9061,9,,,1,21,,9062,9,,,1,67,,9063,9,,,1,101,,9064,9,,,1
800,'65041',616,,9082,9,,,1,99,,9083,9,,,1,29,,9084,9,,,1,68,,9085,9,,,1,24,,9086,9,,,1,68,,9066,9,,,1,31,,9067,9,,,1,69,,9068,9,,,1,30,,9069,9,,,1,70,,9070,9,,,1,30,,9071,9,,,1,69,,9072,9,,,1,29,,9073,9,,,1,71,,9074,9,,,1,30,,9075,9,,,1,70,,9076,9,,,1,30,,9077,9,,,1,70,,9078,9,,,1,30,,9079,9,,,1,70,,9080,9,,,1,30,,9081,9,,,1,70,,9087,9,,,1,32,,9088,9,,,1,71,,9094,9,,,1,33,,9089,9,,,1,77,,9095,9,,,1,101,,9090,9,,,1,101,,9091,9,,,1,101,,9092,9,,,1,100,,9093,9,,,1
800,'65042',616,,9112,9,,,1,99,,9113,9,,,1,29,,9114,9,,,1,68,,9115,9,,,1,24,,9116,9,,,1,68,,9096,9,,,1,31,,9097,9,,,1,69,,9098,9,,,1,30,,9099,9,,,1,70,,9100,9,,,1,30,,9101,9,,,1,69,,9102,9,,,1,29,,9103,9,,,1,71,,9104,9,,,1,30,,9105,9,,,1,70,,9106,9,,,1,30,,9107,9,,,1,70,,9108,9,,,1,30,,9109,9,,,1,70,,9110,9,,,1,30,,9111,9,,,1,70,,9117,9,,,1,32,,9118,9,,,1,71,,9124,9,,,1,33,,9119,9,,,1,77,,9125,9,,,1,101,,9120,9,,,1,101,,9121,9,,,1,101,,9122,9,,,1,100,,9123,9,,,1
900,'65040',715,,9236,9,,,0,109,,9237,9,,,0,103,,9238,9,,,0,99,,9239,9,,,0,100,,9240,9,,,0,31,,9241,9,,,0,101,,9242,9,,,0,100,,9243,9,,,0,70,,9244,9,,,0,28,,9245,9,,,0,170,,9246,9,,,0,100,,9247,9,,,0,101,,9248,9,,,0,85,,9249,9,,,0
900,'65041',1026,,9260,9,,,0,100,,9261,9,,,0,100,,9262,9,,,0,100,,9263,9,,,0,99,,9264,9,,,0,100,,9265,9,,,0,101,,9266,9,,,0
900,'65042',1026,,9275,9,,,0,100,,9276,9,,,0,100,,9277,9,,,0,100,,9278,9,,,0,99,,9279,9,,,0,100,,9280,9,,,0,101,,9281,9,,,0
1101,'65040',548,,9457,9,,,0,70,,9458,9,,,0,30,,9472,42,0,54,0,60,,9436,42,,,0,34,,9437,42,,,0,70,,9459,42,0,54,0,36,,9438,42,,,0,58,,9460,42,0,54,0,31,,9461,42,0,54,0,67,,9439,42,,,0,30,,9462,42,0,54,0,70,,9440,42,,,0,40,,9463,42,0,54,0,61,,9441,42,,,0,39,,9473,20,0,54,0,60,,9442,42,,,0,39,,9464,20,0,54,0,63,,9443,42,,,0,30,,9465,20,0,54,0,69,,9444,42,,,0,30,,9445,42,,,0,71,,9446,42,,,0,14,,9466,20,0,54,0,16,,9447,42,,,0,71,,9448,42,,,0,31,,9449,42,,,0,15,,9475,42,0,54,0,54,,9450,42,,,0,29,,9451,42,,,0,70,,9467,42,0,54,0,29,,9452,42,,,0,70,,9476,20,0,54,0,30,,9453,42,,,0,70,,9468,20,0,54,0,15,,9471,42,0,54,0,26,,9454,42,,,0,10,,9469,20,0,54,0,53,,9470,20,0,54,0,33,,9455,42,,,0,104,,9456,42,,,0,75,,9474,42,0,54,0
1101,'65041',642,,9495,9,,,0,87,,9496,9,,,0,102,,9494,42,,,0,69,,9477,20,,,0,45,,9486,42,0,54,0,70,,9478,42,,,0,30,,9487,42,0,54,0,70,,9479,42,,,0,29,,9488,42,0,54,0,70,,9480,42,,,0,30,,9489,42,0,54,0,70,,9481,42,,,0,30,,9490,42,0,54,0,70,,9482,42,,,0,30,,9491,42,0,54,0,70,,9483,42,,,0,30,,9492,42,0,54,0,70,,9484,42,,,0,30,,9493,42,0,54,0,70,,9485,42,,,0,22,,9497,42,0,54,0,64,,9498,42,,,0,27,,9499,42,0,54,0,16,,9500,42,,,0,100,,9501,42,,,0,100,,9502,42,,,0,99,,9503,42,,,0,98,,9504,42,,,0,99,,9505,42,,,0,100,,9506,42,0,54,0
1101,'65042',642,,9525,9,,,0,87,,9526,9,,,0,102,,9524,42,,,0,69,,9507,20,,,0,45,,9516,42,0,54,0,70,,9508,42,,,0,30,,9517,42,0,54,0,70,,9509,42,,,0,29,,9518,42,0,54,0,70,,9510,42,,,0,30,,9519,42,0,54,0,70,,9511,42,,,0,30,,9520,42,0,54,0,70,,9512,42,,,0,30,,9521,42,0,54,0,70,,9513,42,,,0,30,,9522,42,0,54,0,70,,9514,42,,,0,30,,9523,42,0,54,0,70,,9515,42,,,0,22,,9527,42,0,54,0,64,,9528,42,,,0,27,,9529,42,0,54,0,16,,9530,42,,,0,100,,9531,42,,,0,100,,9532,42,,,0,99,,9533,42,,,0,98,,9534,42,,,0,99,,9535,42,,,0,100,,9536,42,0,54,0
1400,'65040',633,,9702,9,,,0,74,,9703,9,,,0,16,,9704,9,,,0,29,,9705,9,,,0,67,,9706,9,,,0,32,,9707,9,,,0,62,,9708,9,,,0,39,,9709,9,,,0,62,,9710,9,,,0,19,,9711,9,,,0,80,,9712,9,,,0,20,,9713,9,,,0,20,,9714,9,,,0,61,,9715,9,,,0,32,,9716,9,,,0,62,,9717,9,,,0,26,,9718,9,,,0,20,,9719,9,,,0,81,,9739,9,,,0,68,,9720,9,,,0,32,,9721,9,,,0,66,,9722,9,,,0,12,,9723,9,,,0,37,,9724,9,,,0,70,,9725,9,,,0,20,,9726,9,,,0,75,,9727,9,,,0,24,,9728,9,,,0,66,,9729,9,,,0,27,,9730,9,,,0,70,,9731,9,,,0,30,,9732,9,,,0,27,,9733,9,,,0,63,,9734,9,,,0,82,,9735,9,,,0,97,,9736,9,,,0,29,,9737,9,,,0,92,,9738,9,,,0
1400,'65041',701,,9748,9,,,0,101,,9749,9,,,0,50,,9740,9,,,0,99,,9741,9,,,0,100,,9742,9,,,0,100,,9743,9,,,0,103,,9744,9,,,0,99,,9757,9,,,0,100,,9745,9,,,0,100,,9746,9,,,0,101,,9747,9,,,0,102,,9750,9,,,0,148,,9751,9,,,0,102,,9752,9,,,0,101,,9753,9,,,0,98,,9754,9,,,0,100,,9755,9,,,0,118,,9756,9,,,0
1400,'65042',701,,9766,9,,,0,101,,9767,9,,,0,50,,9758,9,,,0,99,,9759,9,,,0,100,,9760,9,,,0,100,,9761,9,,,0,103,,9762,9,,,0,99,,9775,9,,,0,100,,9763,9,,,0,100,,9764,9,,,0,101,,9765,9,,,0,102,,9768,9,,,0,148,,9769,9,,,0,102,,9770,9,,,0,101,,9771,9,,,0,98,,9772,9,,,0,100,,9773,9,,,0,118,,9774,9,,,0
5500,'65040',729,,10946,36,,,2,124,,10952,36,,,2,152,,10948,36,,,2,115,,10955,36,,,2,118,,10949,36,,,2,114,,10953,36,,,2,158,,10950,36,,,2,116,,10954,36,,,2,123,,10947,36,,,2,110,,10951,36,0,5 6 2 66,2
5500,'65041',832,,10961,36,,,2,111,,10963,36,,,2,110,,10962,36,,,2,150,,10960,36,,,2,113,,10959,36,,,2,110,,10958,36,,,2,110,,10957,36,,,2,107,,10956,36,0,5 6 2 66,2
5500,'65042',832,,10969,36,,,2,111,,10971,36,,,2,110,,10970,36,,,2,150,,10968,36,,,2,113,,10967,36,,,2,110,,10966,36,,,2,110,,10965,36,,,2,107,,10964,36,0,5 6 2 66,2
91900,'65040',604,,11539,23,,,0
