700,'65030',637,,4944,34,,,0,75,,4946,34,,,0,22,,4947,34,,,0,24,,4949,42,,,0,48,,4950,34,,,0,19,,4952,34,,,0,17,,4954,42,,,0,16,,4955,34,,,0,67,,4963,34,,,0,26,,4970,34,,,0,77,,4964,34,,,0,22,,4971,34,,,0,78,,4965,34,,,0,23,,4972,34,,,0,79,,4966,34,,,0,23,,4973,42,,,0,79,,4967,34,,,0,20,,4974,42,,,0,78,,4968,34,,,0,21,,4975,34,,,0,59,,4962,34,,,0,21,,4969,34,,,0,23,,4976,42,,,0,62,,4977,34,,,0,38,,4978,34,,,0,62,,4979,42,,,0,35,,4980,34,,,0,64,,4981,42,,,0,25,,4982,42,,,0,60,,4983,42,,,0,27,,4984,34,,,0,74,,4985,34,,,0,25,,4986,34,,,0,74,,4987,42,,,0,25,,4988,34,,,0,75,,4989,42,,,0,36,,4990,34,,,0,100,,4991,42,,,0
700,'65031',733,,5010,34,,,0,101,,5011,42,,,0,101,,4992,42,,,0,91,,4993,34,,,0,102,,4994,34,,,0,102,,4995,34,,,0,100,,4996,34,,,0,101,,4997,34,,,0,100,,4998,34,,,0,301,,5014,42,,,0,104,,5015,42,,,0,100,,5016,42,,,0,100,,5017,42,,,0,100,,5018,42,,,0,98,,5019,42,,,0
700,'65032',733,,5038,34,,,0,101,,5039,42,,,0,101,,5020,42,,,0,91,,5021,34,,,0,102,,5022,34,,,0,102,,5023,34,,,0,100,,5024,34,,,0,101,,5025,34,,,0,100,,5026,34,,,0,301,,5042,42,,,0,104,,5043,42,,,0,100,,5044,42,,,0,100,,5045,42,,,0,100,,5046,42,,,0,98,,5047,42,,,0
800,'65030',639,,5160,41,,,1,16,,5212,41,,,1,51,,5161,41,,,1,22,,5162,41,,,1,11,,5163,41,,,1,15,,5164,41,,,1,55,,5165,41,,,1,15,,5166,41,,,1,16,,5167,41,,,1,14,,5168,41,,,1,62,,5169,41,,,1,20,,5170,41,,,1,19,,5171,41,,,1,60,,5172,41,,,1,20,,5173,41,,,1,20,,5174,41,,,1,60,,5175,41,,,1,20,,5176,41,,,1,20,,5177,41,,,1,61,,5178,41,,,1,20,,5179,41,,,1,21,,5180,41,,,1,62,,5181,41,,,1,19,,5182,41,,,1,17,,5183,41,,,1,60,,5184,41,,,1,23,,5185,41,,,1,17,,5186,41,,,1,59,,5187,41,,,1,10,,5188,41,,,1,15,,5189,41,,,1,16,,5190,41,,,1,57,,5191,41,,,1,17,,5192,41,,,1,8,,5193,41,,,1,7,,5194,41,,,1,11,,5195,41,,,1,53,,5196,41,,,1,16,,5197,41,,,1,16,,5198,41,,,1,14,,5199,41,,,1,62,,5200,41,,,1,18,,5201,41,,,1,16,,5202,41,,,1,63,,5203,41,,,1,30,,5204,41,,,1,69,,5205,41,,,1,30,,5206,41,,,1,70,,5207,41,,,1,35,,5208,41,,,1,65,,5209,41,,,1,27,,5210,41,,,1,100,,5211,41,,,1
800,'65031',638,,5229,41,,,1,101,,5230,41,,,1,69,,5231,41,,,1,29,,5232,41,,,1,19,,5233,41,,,1,72,,5213,41,,,1,31,,5214,41,,,1,69,,5215,41,,,1,31,,5216,41,,,1,69,,5217,41,,,1,30,,5218,41,,,1,71,,5219,41,,,1,30,,5220,41,,,1,71,,5221,41,,,1,70,,5222,41,,,1,30,,5223,41,,,1,70,,5224,41,,,1,29,,5225,41,,,1,30,,5226,41,,,1,70,,5227,41,,,1,29,,5228,41,,,1,70,,5234,41,,,1,72,,5235,41,,,1,30,,5242,41,,,1,22,,5236,41,,,1,64,,5243,41,,,1,23,,5237,41,,,1,100,,5238,41,,,1,100,,5239,41,,,1,100,,5240,41,,,1,100,,5241,41,,,1
800,'65032',638,,5260,41,,,1,101,,5261,41,,,1,69,,5262,41,,,1,29,,5263,41,,,1,19,,5264,41,,,1,72,,5244,41,,,1,31,,5245,41,,,1,69,,5246,41,,,1,31,,5247,41,,,1,69,,5248,41,,,1,30,,5249,41,,,1,71,,5250,41,,,1,30,,5251,41,,,1,71,,5252,41,,,1,70,,5253,41,,,1,30,,5254,41,,,1,70,,5255,41,,,1,29,,5256,41,,,1,30,,5257,41,,,1,70,,5258,41,,,1,29,,5259,41,,,1,70,,5265,41,,,1,72,,5266,41,,,1,30,,5273,41,,,1,22,,5267,41,,,1,64,,5274,41,,,1,23,,5268,41,,,1,100,,5269,41,,,1,100,,5270,41,,,1,100,,5271,41,,,1,100,,5272,41,,,1
5500,'65030',831,,7269,113,,,0,113,,7270,113,,,0,110,,7271,113,,,0,155,,7278,113,,,0,122,,7272,113,,,0,111,,7273,113,,,0,160,,7274,113,,,0,119,,7275,113,,,0,111,,7276,113,,,0
5500,'65031',916,,7284,113,,,0,111,,7286,113,,,0,111,,7285,113,,,0,110,,7283,113,,,0,153,,7282,113,,,0,110,,7281,113,,,0,113,,7280,113,,,0
5500,'65032',916,,7292,113,,,0,111,,7294,113,,,0,111,,7293,113,,,0,110,,7291,113,,,0,153,,7290,113,,,0,110,,7289,113,,,0,113,,7288,113,,,0
90400,'65030',2512,,7817,52,,,0
90400,'65031',2512,,7824,52,,,0
90400,'65032',2512,,7831,52,,,0
