1201,'65030',645,,5829,36,,,0,68,,5830,36,,,0,30,,5825,36,,,0,70,,5826,36,,,0,28,,5827,36,,,0,66,,5828,36,,,0,23,,5831,36,,,0,28,,5832,36,,,0,72,,5833,36,,,0,28,,5834,36,,,0,72,,5835,36,,,0,71,,5836,36,,,0,32,,5837,36,,,0,14,,5860,36,,,0,54,,5838,36,,,0,30,,5839,36,,,0,70,,5840,36,,,0,31,,5841,36,,,0,72,,5842,36,,,0,27,,5843,36,,,0,71,,5844,36,,,0,25,,5845,36,,,0,15,,5846,36,,,0,16,,5847,36,,,0,52,,5848,36,,,0,15,,5849,36,,,0,19,,5850,36,,,0,15,,5851,36,,,0,65,,5852,36,,,0,24,,5853,36,,,0,69,,5854,36,,,0,35,,5855,36,,,0,95,,5856,36,,,0,100,,5857,36,,,0,79,,5858,36,,,0,118,,5859,36,,,0
1201,'65031',749,,5869,36,,,0,101,,5870,36,,,0,158,,5861,36,,,0,101,,5862,36,,,0,100,,5863,36,,,0,100,,5864,36,,,0,100,,5865,36,,,0,100,,5866,36,,,0,100,,5867,36,,,0,97,,5868,36,,,0,46,,5871,36,,,0,100,,5872,36,,,0,100,,5873,36,,,0,100,,5874,36,,,0,100,,5875,36,,,0
1201,'65032',749,,5884,36,,,0,101,,5885,36,,,0,158,,5876,36,,,0,101,,5877,36,,,0,100,,5878,36,,,0,100,,5879,36,,,0,100,,5880,36,,,0,100,,5881,36,,,0,100,,5882,36,,,0,97,,5883,36,,,0,46,,5886,36,,,0,100,,5887,36,,,0,100,,5888,36,,,0,100,,5889,36,,,0,100,,5890,36,,,0
1201,'65035',1637,,5891,36,,,0
91201,'65030',2257,,7854,40,,,0,100,,7855,40,,,0
91201,'65031',2250,,7856,40,,,0,100,,7857,40,,,0
91201,'65032',2250,,7858,40,,,0,100,,7859,40,,,0
91301,'65030',2506,,7860,32,,,0
91301,'65031',2506,,7861,32,,,0
91301,'65032',2506,,7862,32,,,0
