101,'65030',654,,4022,20,,,0,55,,4027,20,,,0,34,,4023,20,,,0,59,,4024,20,0,5 6,0,32,,4025,20,0,5 6,0,25,,4026,20,0,5 6,0,78,,4028,20,0,5 6,0,70,,4029,20,,,0,29,,4030,20,0,5 6,0,71,,4036,20,,,0,29,,4031,20,0,5 6,0,68,,4037,20,,,0,33,,4032,20,0,5 6,0,69,,4038,20,,,0,30,,4033,20,0,5 6,0,70,,4039,20,,,0,30,,4034,20,0,5 6,0,70,,4040,20,0,5 6,0,29,,4035,20,,,0,24,,4041,20,,,0,67,,4042,20,0,5 6,0,29,,4043,20,0,5 6,0,60,,4044,20,0,5 6,0,27,,4045,20,,,0,63,,4046,20,0,5 6,0,25,,4050,20,0,5 6,0,75,,4049,20,,,0,97,,4048,20,,,0,100,,4047,20,,,0,56,,4051,20,0,5 6,0
101,'65031',819,,4063,20,0,5 6,0,116,,4054,20,0,5 6,0,99,,4055,20,0,5 6,0,100,,4056,20,0,5 6,0,101,,4057,20,0,5 6,0,100,,4058,20,0,5 6,0,100,,4059,20,0,5 6,0,99,,4060,20,0,5 6,0,100,,4061,20,0,5 6,0,98,,4062,20,0,5 6,0,81,,4064,20,0,5 6,0
101,'65032',819,,4074,20,0,5 6,0,116,,4065,20,0,5 6,0,99,,4066,20,0,5 6,0,100,,4067,20,0,5 6,0,101,,4068,20,0,5 6,0,100,,4069,20,0,5 6,0,100,,4070,20,0,5 6,0,99,,4071,20,0,5 6,0,100,,4072,20,0,5 6,0,98,,4073,20,0,5 6,0,81,,4075,20,0,5 6,0
401,'65030',652,,4559,29,,,0,62,,4560,29,,,0,16,,4561,29,,,0,26,,4562,29,,,0,70,,4563,29,,,0,29,,4600,29,,,0,70,,4601,29,0,5 6,0,76,,4569,29,,,0,30,,4570,29,,,0,78,,4571,29,,,0,25,,4572,29,,,0,67,,4573,29,,,0,35,,4574,29,0,5 6,0,65,,4575,29,,,0,34,,4576,29,0,5 6,0,24,,4577,29,,,0,72,,4578,29,0,5 6,0,71,,4579,29,,,0,30,,4580,29,0,5 6,0,76,,4591,29,0,5 6,0,29,,4592,29,,,0,71,,4590,29,0,5 6,0,24,,4589,29,0,5 6,0,15,,4588,29,,,0,60,,4587,29,,,0,26,,4599,29,,,0,91,,4586,29,,,0,25,,4585,29,,,0,71,,4584,29,,,0,28,,4583,29,,,0,75,,4582,29,,,0,85,,4581,29,0,5 6,0
401,'65031',819,,4623,29,,,0,126,,4615,29,,,0,99,,4616,29,,,0,100,,4617,29,,,0,100,,4618,29,,,0,100,,4619,29,,,0,100,,4620,29,,,0,100,,4621,29,,,0,100,,4622,29,,,0,97,,4637,29,,,0,61,,4628,29,,,0,20,,4629,29,,,0
401,'65032',819,,4653,29,,,0,126,,4645,29,,,0,99,,4646,29,,,0,100,,4647,29,,,0,100,,4648,29,,,0,100,,4649,29,,,0,100,,4650,29,,,0,100,,4651,29,,,0,100,,4652,29,,,0,97,,4667,29,,,0,61,,4658,29,,,0,20,,4659,29,,,0
401,'65035',750,,4668,29,,,0
901,'65030',625,,5451,27,0,5 6,0,19,,5452,27,,,0,68,,5453,27,,,0,21,,5454,27,,,0,24,,5455,27,,,0,56,,5456,27,,,0,22,,5457,27,,,0,24,,5458,27,,,0,67,,5474,27,,,0,22,,5473,27,,,0,60,,5472,27,,,0,40,,5471,27,,,0,61,,5470,27,,,0,40,,5469,27,,,0,61,,5468,27,,,0,41,,5467,27,,,0,60,,5466,27,,,0,40,,5465,27,,,0,60,,5464,27,,,0,39,,5463,27,,,0,60,,5462,27,,,0,26,,5486,27,,,0,64,,5461,27,,,0,22,,5460,27,,,0,29,,5475,27,0,5 6,0,68,,5482,27,,,0,19,,5476,27,0,5 6,0,64,,5485,27,,,0,22,,5484,27,,,0,33,,5483,27,,,0,65,,5481,27,0,5 6,0,33,,5480,27,0,5 6,0,99,,5479,27,0,5 6,0,74,,5478,27,0,5 6,0,83,,5477,27,0,5 6,0
901,'65031',819,,5496,27,0,5 6,0,88,,5495,27,0,5 6,0,107,,5487,27,,,0,99,,5488,27,,,0,99,,5494,27,,,0,101,,5493,27,,,0,100,,5492,27,,,0,99,,5491,27,,,0,105,,5490,27,,,0,97,,5489,27,,,0,111,,5497,27,0,5 6,0,93,,5498,27,0,5 6,0,88,,5499,27,0,5 6,0,100,,5500,27,0,5 6,0,100,,5501,27,0,5 6,0
901,'65032',819,,5512,27,0,5 6,0,88,,5511,27,0,5 6,0,107,,5503,27,,,0,99,,5504,27,,,0,99,,5510,27,,,0,101,,5509,27,,,0,100,,5508,27,,,0,99,,5507,27,,,0,105,,5506,27,,,0,97,,5505,27,,,0,111,,5513,27,0,5 6,0,93,,5514,27,0,5 6,0,88,,5515,27,0,5 6,0,100,,5516,27,0,5 6,0,100,,5517,27,0,5 6,0
5501,'65030',736,,7295,37,,,0,121,,7296,37,,,0,155,,7297,37,,,0,115,,7298,37,,,0,115,,7299,37,,,0,115,,7300,37,,,0,155,,7301,37,,,0,115,,7302,37,,,0,118,,7303,37,,,0,112,,7304,37,0,5 6,0
5501,'65031',833,,7312,37,,,0,110,,7311,37,,,0,110,,7310,37,,,0,150,,7309,37,,,0,110,,7308,37,,,0,110,,7307,37,,,0,109,,7305,37,,,0,112,,7306,37,0,5 6,0
5501,'65032',833,,7320,37,,,0,110,,7319,37,,,0,110,,7318,37,,,0,150,,7317,37,,,0,110,,7316,37,,,0,110,,7315,37,,,0,109,,7313,37,,,0,112,,7314,37,0,5 6,0
5701,'65030',915,,7340,39,,,0,120,,7341,39,,,0,105,,7342,39,,,0,160,,7343,39,,,0,105,,7344,39,,,0,120,,7345,39,,,0,105,,7346,39,,,0
5701,'65031',1133,,7352,39,,,0,102,,7351,39,,,0,113,,7350,39,,,0,102,,7349,39,,,0,151,,7348,39,,,0,113,,7347,39,0,7 1 21,0
5701,'65032',1133,,7358,39,,,0,102,,7357,39,,,0,113,,7356,39,,,0,102,,7355,39,,,0,151,,7354,39,,,0,113,,7353,39,0,7 1 21,0
90401,'65030',616,,7832,36,,,0,1703,,7833,36,,,0
90401,'65031',624,,7834,36,,,0,100,,7835,36,,,0,1197,,7836,36,,,0,100,,7837,36,,,0,100,,7838,36,,,0,100,,7839,36,,,0,100,,7840,36,,,0
90401,'65032',624,,7841,36,,,0,100,,7842,36,,,0,1197,,7843,36,,,0,100,,7844,36,,,0,100,,7845,36,,,0,100,,7846,36,,,0,100,,7847,36,,,0
90801,'65030',2444,,7849,37,,,0
90801,'65031',2444,,7850,37,,,0
90801,'65032',2444,,7851,37,,,0
