300,'65040',642,,8132,61,4,,0,65,,8133,61,4,,0,16,,8134,61,4,,0,18,,8135,61,4,,0,13,,8136,61,4,,0,54,,8137,61,4,,0,17,,8138,61,4,,0,15,,8139,61,4,,0,13,,8140,61,4,,0,57,,8141,61,4,,0,20,,8142,61,4,,0,20,,8143,61,4,,0,61,,8144,61,4,,0,20,,8145,61,4,,0,20,,8146,61,4,,0,59,,8147,61,4,,0,20,,8148,61,4,,0,20,,8149,61,4,,0,61,,8150,61,4,,0,18,,8151,61,4,,0,22,,8152,61,4,,0,60,,8153,61,4,,0,20,,8154,61,4,,0,20,,8155,61,4,,0,60,,8156,61,4,,0,20,,8157,61,4,,0,15,,8158,61,4,,0,13,,8159,61,4,,0,57,,8181,61,4,,0,15,,8160,61,4,,0,16,,8161,61,4,,0,55,,8162,61,4,,0,25,,8163,61,4,,0,15,,8164,61,4,,0,60,,8165,61,4,,0,23,,8166,61,4,,0,25,,8167,61,4,,0,67,,8168,61,4,,0,20,,8169,61,4,,0,19,,8170,61,4,,0,60,,8171,61,4,,0,25,,8172,61,4,,0,68,,8173,61,4,,0,33,,8174,61,4,,0,67,,8175,61,4,,0,27,,8180,61,4,,0,20,,8176,61,4,,0,57,,8177,61,4,,0,36,,8178,61,4,,0,100,,8179,20,4,,0
300,'65041',737,,8198,61,4,,0,20,,8199,61,4,,0,71,,8200,61,4,,0,28,,8211,61,4,,0,71,,8182,61,4,,0,30,,8183,61,4,,0,70,,8184,61,4,,0,31,,8185,61,4,,0,70,,8186,61,4,,0,72,,8187,61,4,,0,30,,8188,61,4,,0,70,,8189,61,4,,0,30,,8190,61,4,,0,70,,8191,61,4,,0,30,,8192,61,4,,0,71,,8193,61,4,,0,30,,8194,61,4,,0,70,,8195,61,4,,0,30,,8196,61,4,,0,70,,8197,61,4,,0,30,,8201,61,4,,0,15,,8202,61,4,,0,58,,8203,61,4,,0,32,,8204,61,4,,0,73,,8205,61,4,,0,35,,8206,61,4,,0,71,,8212,61,4,,0,30,,8207,61,4,,0,100,,8208,61,4,,0,100,,8209,61,4,,0,98,,8210,61,4,,0
300,'65042',737,,8229,61,4,,0,20,,8230,61,4,,0,71,,8231,61,4,,0,28,,8242,61,4,,0,71,,8213,61,4,,0,30,,8214,61,4,,0,70,,8215,61,4,,0,31,,8216,61,4,,0,70,,8217,61,4,,0,72,,8218,61,4,,0,30,,8219,61,4,,0,70,,8220,61,4,,0,30,,8221,61,4,,0,70,,8222,61,4,,0,30,,8223,61,4,,0,71,,8224,61,4,,0,30,,8225,61,4,,0,70,,8226,61,4,,0,30,,8227,61,4,,0,70,,8228,61,4,,0,30,,8232,61,4,,0,15,,8233,61,4,,0,58,,8234,61,4,,0,32,,8235,61,4,,0,73,,8236,61,4,,0,35,,8237,61,4,,0,71,,8243,61,4,,0,30,,8238,61,4,,0,100,,8239,61,4,,0,100,,8240,61,4,,0,98,,8241,61,4,,0
2501,'65040',645,,10550,9,,,2,12,,10557,4,,,2,71,,10552,9,,,2,29,,10558,4,,,2,54,,10551,9,,,2,29,,10549,4,,,2,14,,10553,9,,,2,655,,10561,4,,,2,14,,10562,9,,,2,31,,10563,9,,,2,69,,10560,4,,,2,14,,10570,9,,,2,69,,10566,4,,,2,14,,10569,9,,,2,29,,10567,4,,,2,54,,10571,9,,,2,12,,10568,4,,,2
5500,'65040',828,,10946,116,4,,2,115,,10952,116,4,,2,111,,10948,116,4,,2,155,,10955,116,4,,2,120,,10949,116,4,,2,113,,10953,116,4,,2,165,,10950,116,4,,2,115,,10954,116,4,,2,115,,10947,116,4,,2
5500,'65041',918,,10961,116,4,,2,111,,10963,116,4,,2,112,,10962,116,4,,2,110,,10960,116,4,,2,153,,10959,116,4,,2,109,,10958,116,4,,2,113,,10957,116,4,,2
5500,'65042',918,,10969,116,4,,2,111,,10971,116,4,,2,112,,10970,116,4,,2,110,,10968,116,4,,2,153,,10967,116,4,,2,109,,10966,116,4,,2,113,,10965,116,4,,2
5700,'65040',1004,,11002,92,,,2,103,,11000,92,,,2,123,,11001,92,,,2,105,,10998,92,,,2,120,,11003,92,,,2,145,,10999,92,,,2,120,,11004,92,,,2
5700,'65041',1210,,11010,92,,,2,113,,11009,92,,,2,102,,11008,92,,,2,111,,11007,92,,,2,102,,11006,92,,,2
5700,'65042',1210,,11016,92,,,2,113,,11015,92,,,2,102,,11014,92,,,2,111,,11013,92,,,2,102,,11012,92,,,2
