100,10298,1,0
100,387,2,0
100,388,3,0
100,389,4,0
100,1486,5,0
100,1487,6,0
100,1546,7,0
100,332,8,0
100,333,9,0
100,334,10,0
100,1523,11,0
100,337,12,0
100,338,13,0
100,339,14,0
100,340,15,0
100,341,16,0
100,342,17,0
100,343,18,0
100,344,19,0
100,345,20,0
100,346,21,0
100,347,22,0
100,349,23,0
100,70001,24,0
100,2,25,0
100,208,26,0
100,499,27,0
100,500,28,0
100,60501,29,0
100,640,30,0
100,641,31,0
100,209,32,0
100,210,33,0
100,211,34,0
100,352,35,0
100,2049,36,0
100,2001,37,0
100,5,38,0
100,6,39,0
100,7,40,0
100,403,41,0
100,721,42,0
100,1459,43,0
100,2002,44,0
100,2428,45,0
100,2003,46,0
100,16,47,0
100,18,48,0
100,2005,49,0
100,2006,50,0
100,2007,51,0
100,2008,52,1
101,2009,1,0
101,2010,2,0
101,2011,3,0
101,2012,4,0
101,12,5,0
101,2013,6,0
101,2015,7,0
101,2016,8,0
101,2429,9,0
101,2017,10,0
101,1474,11,0
101,747,12,0
101,454,13,0
101,455,14,0
101,24,15,0
101,25,16,0
101,26,17,0
101,2018,18,0
101,374,19,0
101,254,20,0
101,255,21,0
101,256,22,0
101,257,23,0
101,499,24,0
101,500,25,0
101,10501,26,0
101,640,27,0
101,641,28,0
101,642,29,0
101,258,30,0
101,28,31,0
101,20001,32,0
101,260,33,0
101,261,34,0
101,262,35,0
101,1090,36,0
101,263,37,0
101,264,38,0
101,265,39,0
101,266,40,0
101,267,41,0
101,268,42,0
101,269,43,0
101,1340,44,0
101,270,45,0
101,272,46,0
101,1478,47,0
101,275,48,0
101,276,49,0
101,277,50,0
101,278,51,0
101,1483,52,0
101,1484,53,0
101,1485,54,0
101,1166,55,0
101,419,56,0
101,298,57,1
200,1152,1,0
200,1184,2,0
200,1151,3,0
200,764,4,0
200,765,5,0
200,766,6,0
200,767,7,0
200,768,8,0
200,92,9,0
200,93,10,0
200,94,11,0
200,103,12,0
200,104,13,0
200,106,14,0
200,107,15,0
200,2282,16,0
200,109,17,0
200,110,18,0
200,1174,19,0
200,112,20,0
200,113,21,0
200,114,22,0
200,115,23,0
200,116,24,0
200,1339,25,0
200,70001,26,0
200,2,27,0
200,915,28,0
200,2019,29,0
200,916,30,0
200,2020,31,0
200,2021,32,0
200,2022,33,0
200,2023,34,0
200,2024,35,0
200,793,36,0
200,794,37,0
200,638,38,0
200,501,39,1
201,60501,1,0
201,502,2,0
201,2380,3,0
201,504,4,0
201,505,5,0
201,1542,6,0
201,1543,7,0
201,511,8,0
201,512,9,0
201,513,10,0
201,514,11,0
201,515,12,0
201,100001,13,0
201,1057,14,0
201,78,15,0
201,79,16,0
201,80,17,0
201,81,18,0
201,82,19,0
201,1175,20,0
201,84,21,0
201,83,22,0
201,85,23,0
201,86,24,0
201,87,25,0
201,89,26,0
201,90,27,0
201,91,28,0
201,92,29,0
201,93,30,0
201,94,31,0
201,95,32,0
201,96,33,0
201,97,34,0
201,769,35,0
201,770,36,0
201,1152,37,0
201,1184,38,0
201,1151,39,1
300,10298,1,0
300,1326,2,0
300,1341,3,0
300,312,4,0
300,313,5,0
300,295,6,0
300,994,7,0
300,314,8,0
300,315,9,0
300,316,10,0
300,1186,11,0
300,318,12,0
300,319,13,0
300,320,14,0
300,321,15,0
300,322,16,0
300,324,17,0
300,325,18,0
300,326,19,0
300,327,20,0
300,271,21,0
300,328,22,0
300,2278,23,0
300,330,24,0
300,1321,25,0
300,332,26,0
300,333,27,0
300,334,28,0
300,1523,29,0
300,337,30,0
300,338,31,0
300,339,32,0
300,340,33,0
300,341,34,0
300,342,35,0
300,343,36,0
300,344,37,0
300,345,38,0
300,346,39,0
300,347,40,0
300,349,41,0
300,60001,42,0
300,2,43,0
300,208,44,0
300,499,45,0
300,500,46,0
300,60501,47,0
300,502,48,0
300,589,49,0
300,590,50,0
300,2028,51,0
300,2293,52,0
300,2029,53,0
300,1558,54,0
300,2030,55,0
300,414,56,0
300,415,57,0
300,2031,58,0
300,2032,59,0
300,731,60,0
300,821,61,0
300,822,62,0
300,823,63,0
300,2033,64,0
300,2034,65,0
300,2035,66,0
300,1032,67,0
300,2273,68,1
301,2037,1,0
301,1580,2,0
301,441,3,0
301,1404,4,0
301,1147,5,0
301,1167,6,0
301,1148,7,0
301,829,8,0
301,830,9,0
301,831,10,0
301,735,11,0
301,736,12,0
301,737,13,0
301,2025,14,0
301,2026,15,0
301,2027,16,0
301,1453,17,0
301,1454,18,0
301,2292,19,0
301,1456,20,0
301,1457,21,0
301,559,22,0
301,638,23,0
301,10501,24,0
301,640,25,0
301,641,26,0
301,642,27,0
301,258,28,0
301,28,29,0
301,40001,30,0
301,260,31,0
301,261,32,0
301,262,33,0
301,1090,34,0
301,263,35,0
301,264,36,0
301,265,37,0
301,266,38,0
301,267,39,0
301,268,40,0
301,269,41,0
301,1340,42,0
301,270,43,0
301,272,44,0
301,1478,45,0
301,275,46,0
301,276,47,0
301,277,48,0
301,278,49,0
301,279,50,0
301,280,51,0
301,281,52,0
301,282,53,0
301,283,54,0
301,842,55,0
301,844,56,0
301,287,57,0
301,288,58,0
301,289,59,0
301,290,60,0
301,291,61,0
301,1185,62,0
301,293,63,0
301,294,64,0
301,1299,65,0
301,1002,66,0
301,1380,67,0
301,297,68,0
301,1447,69,0
301,1342,70,0
301,298,71,1
400,10298,1,0
400,387,2,0
400,388,3,0
400,389,4,0
400,390,5,0
400,391,6,0
400,392,7,0
400,393,8,0
400,56,9,0
400,57,10,0
400,394,11,0
400,396,12,0
400,199,13,0
400,200,14,0
400,202,15,0
400,203,16,0
400,204,17,0
400,1290,18,0
400,792,19,0
400,793,20,0
400,794,21,0
400,638,22,0
400,20501,23,0
400,640,24,0
400,641,25,0
400,209,26,0
400,210,27,0
400,211,28,0
400,352,29,0
400,2049,30,0
400,354,31,0
400,355,32,0
400,356,33,0
400,357,34,0
400,358,35,0
400,1569,36,0
400,726,37,0
400,1570,38,0
400,2050,39,0
400,1466,40,0
400,1467,41,0
400,1468,42,0
400,1469,43,0
400,2051,44,0
400,2052,45,0
400,2053,46,0
400,2054,47,0
400,2263,48,0
400,2055,49,0
400,2056,50,0
400,2057,51,0
400,2058,52,0
400,2059,53,0
400,2060,54,0
400,2061,55,0
400,2062,56,0
400,2063,57,1
401,2038,1,0
401,2039,2,0
401,2040,3,0
401,2041,4,0
401,621,5,0
401,622,6,0
401,623,7,0
401,624,8,0
401,2042,9,0
401,2262,10,0
401,2043,11,0
401,2044,12,0
401,2045,13,0
401,629,14,0
401,1464,15,0
401,1465,16,0
401,364,17,0
401,365,18,0
401,366,19,0
401,368,20,0
401,369,21,0
401,370,22,0
401,2046,23,0
401,2047,24,0
401,2048,25,0
401,406,26,0
401,407,27,0
401,1056,28,0
401,408,29,0
401,374,30,0
401,254,31,0
401,255,32,0
401,256,33,0
401,257,34,0
401,499,35,0
401,500,36,0
401,30501,37,0
401,502,38,0
401,2380,39,0
401,562,40,0
401,120,41,0
401,121,42,0
401,69,43,0
401,122,44,0
401,124,45,0
401,125,46,0
401,378,47,0
401,379,48,0
401,380,49,0
401,381,50,0
401,382,51,0
401,383,52,0
401,384,53,0
401,385,54,0
401,386,55,0
401,1166,56,0
401,419,57,0
401,298,58,1
500,10501,1,0
500,502,2,0
500,589,3,0
500,796,4,0
500,1133,5,0
500,1327,6,0
500,421,7,0
500,422,8,0
500,1493,9,0
500,1494,10,0
500,426,11,0
500,2064,12,0
500,2065,13,0
500,2066,14,0
500,435,15,0
500,436,16,0
500,1106,17,0
500,1497,18,0
500,2067,19,0
500,239,20,0
500,240,21,0
500,241,22,0
500,2068,23,0
500,2037,24,1
501,2037,1,0
501,226,2,0
501,227,3,0
501,228,4,0
501,229,5,0
501,2069,6,0
501,2070,7,0
501,1502,8,0
501,1503,9,0
501,1514,10,0
501,2265,11,0
501,2071,12,0
501,2072,13,0
501,1506,14,0
501,1508,15,0
501,1509,16,0
501,437,17,0
501,438,18,0
501,1134,19,0
501,806,20,0
501,807,21,0
501,638,22,0
501,501,23,1
600,1382,1,0
600,1383,2,0
600,1479,3,0
600,1480,4,0
600,1388,5,0
600,1389,6,0
600,1390,7,0
600,1482,8,0
600,1408,9,0
600,1393,10,0
600,1394,11,0
600,2206,12,0
600,2078,13,0
600,488,14,0
600,489,15,0
600,490,16,0
600,491,17,0
600,492,18,0
600,493,19,0
600,494,20,0
600,2079,21,0
600,463,22,0
600,1548,23,0
600,1504,24,0
600,1505,25,0
600,1536,26,0
600,170,27,1
601,10170,1,0
601,169,2,0
601,171,3,0
601,172,4,0
601,1344,5,0
601,1488,6,0
601,1507,7,0
601,2277,8,0
601,472,9,0
601,474,10,0
601,475,11,0
601,483,12,0
601,2162,13,0
601,1527,14,0
601,478,15,0
601,2073,16,0
601,2075,17,0
601,676,18,0
601,677,19,0
601,678,20,0
601,2076,21,1
700,1281,1,0
700,1282,2,0
700,778,3,0
700,2080,4,0
700,2081,5,0
700,1322,5,0
700,2082,6,0
700,1323,6,0
700,2083,7,0
700,1324,7,0
700,2091,8,0
700,2084,8,0
700,543,9,0
700,1334,9,0
700,544,10,0
700,1277,10,0
700,545,11,0
700,1278,11,0
700,546,12,0
700,2092,12,0
700,547,13,0
700,1430,14,0
700,548,15,0
700,549,16,0
700,550,17,0
700,2085,18,0
700,552,19,0
700,553,20,0
700,554,21,0
700,347,22,0
700,349,23,0
700,80001,24,0
700,2,25,0
700,208,26,0
700,499,27,0
700,500,28,0
700,10501,29,0
700,502,30,0
700,589,31,0
700,796,32,0
700,1133,33,0
700,1327,34,0
700,803,35,0
700,800,36,0
700,2037,37,0
700,501,37,0
700,2086,38,0
700,2087,39,0
700,2280,40,0
700,2285,41,0
700,2286,42,0
700,2287,43,0
700,2283,44,0
700,2430,45,0
700,233,46,0
700,1041,47,0
700,234,48,1
701,234,1,0
701,2287,2,0
701,2283,3,0
701,2430,4,0
701,233,5,0
701,1041,6,0
701,2289,7,0
701,2290,8,0
701,2281,9,0
701,2088,10,0
701,2089,11,0
701,242,12,0
701,799,13,0
701,420,14,0
701,1134,15,0
701,806,16,0
701,807,17,0
701,638,18,0
701,40501,19,0
701,640,20,0
701,641,21,0
701,642,22,0
701,258,23,0
701,28,24,0
701,10001,25,0
701,20001,26,0
701,50001,27,0
701,532,28,0
701,260,28,0
701,261,29,0
701,1331,29,0
701,516,30,0
701,1332,30,0
701,518,31,0
701,1322,31,0
701,520,32,0
701,1323,32,0
701,521,33,0
701,1324,33,0
701,522,34,0
701,523,35,0
701,524,36,0
701,525,37,0
701,526,38,0
701,1043,39,0
701,1413,40,0
701,1412,41,0
701,2090,42,0
701,754,43,0
701,529,44,0
701,530,45,0
701,1231,46,0
701,531,47,0
701,758,48,0
701,759,49,0
701,760,50,0
701,1280,51,1
800,40170,1,0
800,169,2,0
800,171,3,0
800,172,4,0
800,173,5,0
800,174,6,0
800,577,7,0
800,578,8,0
800,580,9,0
800,581,10,0
800,582,11,0
800,583,12,0
800,584,13,0
800,1330,14,0
800,587,15,0
800,588,16,0
800,552,17,0
800,553,18,0
800,554,19,0
800,347,20,0
800,349,21,0
800,110001,22,0
800,1057,23,0
800,78,24,0
800,79,25,0
800,720,26,0
800,402,27,0
800,24,28,0
800,407,29,0
800,1056,30,0
800,408,31,0
800,409,32,0
800,410,33,0
800,214,34,0
800,215,35,0
800,216,36,0
800,1319,37,0
800,217,38,0
800,218,39,0
800,219,40,0
800,220,41,0
800,221,42,0
800,222,43,0
800,223,44,0
800,224,45,0
800,2037,46,0
800,226,47,0
800,2094,48,0
800,232,49,0
800,2280,50,0
800,2285,51,0
800,2286,52,0
800,2287,53,0
800,2283,54,0
800,2430,55,0
800,233,56,0
800,1041,57,0
800,234,58,1
801,234,1,0
801,2289,2,0
801,2287,2,0
801,2283,3,0
801,2290,3,0
801,2430,4,0
801,2281,4,0
801,233,5,0
801,2088,5,0
801,236,6,0
801,1041,6,0
801,241,7,0
801,242,8,0
801,243,9,0
801,244,10,0
801,245,11,0
801,246,12,0
801,247,13,0
801,248,14,0
801,249,15,0
801,250,16,0
801,251,17,0
801,252,18,0
801,452,19,0
801,373,20,0
801,354,21,0
801,355,22,0
801,417,23,0
801,2095,24,0
801,2379,25,0
801,2325,26,0
801,1,27,0
801,456,30,0
801,457,31,0
801,2096,32,0
801,1339,33,0
801,50001,34,0
801,60001,35,0
801,260,36,0
801,261,37,0
801,516,38,0
801,518,39,0
801,1059,40,0
801,564,41,0
801,565,42,0
801,566,43,0
801,567,44,0
801,568,45,0
801,569,46,0
801,570,47,0
801,571,48,0
801,572,49,0
801,573,50,0
801,574,51,0
801,461,52,0
801,462,53,0
801,463,54,0
801,1548,55,0
801,1504,56,0
801,1505,57,0
801,1536,58,0
801,170,59,1
900,50170,1,0
900,169,2,0
900,171,3,0
900,172,4,0
900,173,5,0
900,174,6,0
900,577,7,0
900,578,8,0
900,580,9,0
900,581,10,0
900,711,11,0
900,712,12,0
900,713,13,0
900,2085,14,0
900,552,15,0
900,553,16,0
900,554,17,0
900,376,18,0
900,377,19,0
900,2120,20,0
900,2121,21,0
900,119,22,0
900,2122,23,0
900,792,24,0
900,793,25,0
900,794,26,0
900,638,27,0
900,70501,28,0
900,640,29,0
900,641,30,0
900,209,31,0
900,210,32,0
900,1146,33,0
900,817,34,0
900,818,35,0
900,1127,36,0
900,594,37,0
900,595,38,0
900,1244,39,0
900,596,40,0
900,597,41,0
900,598,42,0
900,599,43,0
900,600,44,0
900,1306,44,0
900,601,45,0
900,1301,46,0
900,602,47,0
900,1518,48,0
900,1519,49,0
900,607,50,0
900,608,51,0
900,609,52,0
900,610,53,0
900,1520,54,0
900,612,55,0
900,613,56,0
900,614,57,0
900,615,58,0
900,616,59,0
900,2123,60,0
900,2124,61,1
901,2097,1,0
901,2098,2,0
901,2099,3,0
901,2100,4,0
901,2101,5,0
901,2102,6,0
901,2103,7,0
901,2104,8,0
901,2105,9,0
901,2107,10,0
901,2109,11,0
901,2110,12,0
901,2111,13,0
901,2112,14,0
901,2113,15,0
901,2114,16,0
901,631,17,0
901,600,17,0
901,2386,18,0
901,633,19,0
901,634,20,0
901,1448,21,0
901,1446,22,0
901,2115,23,0
901,1122,24,0
901,1123,25,0
901,834,26,0
901,835,27,0
901,256,28,0
901,257,29,0
901,499,30,0
901,500,31,0
901,50501,32,0
901,502,34,0
901,2380,35,0
901,562,36,0
901,2116,37,0
901,206,38,0
901,207,39,0
901,2117,40,0
901,2118,41,0
901,398,42,0
901,2119,43,0
901,516,44,0
901,518,45,0
901,520,46,0
901,751,47,0
901,752,48,0
901,570,49,0
901,571,50,0
901,572,51,0
901,573,52,0
901,574,53,0
901,461,54,0
901,462,55,0
901,463,56,0
901,1548,57,0
901,1504,58,0
901,1505,59,0
901,1536,60,0
901,170,61,1
1100,93,1,0
1100,94,2,0
1100,95,3,0
1100,96,4,0
1100,97,5,0
1100,769,6,0
1100,770,7,0
1100,1083,8,0
1100,1574,9,0
1100,1573,10,0
1100,2411,11,0
1100,771,12,0
1100,1334,13,0
1100,1277,14,0
1100,1278,15,0
1100,1279,16,0
1100,758,17,0
1100,759,18,0
1100,760,19,0
1100,1280,20,0
1100,1281,21,0
1100,1282,22,0
1100,778,23,0
1100,779,24,0
1100,540,25,0
1100,541,26,0
1100,542,27,0
1100,780,28,0
1100,781,29,0
1100,546,30,0
1100,547,31,0
1100,1430,32,0
1100,548,33,0
1100,782,34,0
1100,569,35,0
1100,570,36,0
1100,571,37,0
1100,572,38,0
1100,573,39,0
1100,574,40,0
1100,461,41,0
1100,462,42,0
1100,463,43,0
1100,1548,44,0
1100,1504,45,0
1100,1505,46,0
1100,1536,47,0
1100,50170,48,0
1100,1234,49,0
1100,3005,50,0
1100,1447,51,0
1100,1342,52,0
1100,20298,53,0
1100,1545,54,0
1100,299,55,0
1100,1552,56,0
1100,1553,57,0
1100,1554,58,0
1100,1555,59,0
1100,1556,60,0
1100,815,61,0
1100,2443,62,0
1100,304,63,0
1100,1398,64,0
1100,1399,65,0
1100,2125,66,0
1100,2436,67,0
1100,2373,68,0
1100,2126,69,0
1100,2127,70,0
1100,2418,71,0
1100,2128,72,0
1100,54,73,1
1101,54,1,0
1101,790,2,0
1101,2417,3,0
1101,1305,4,0
1101,795,5,0
1101,2374,6,0
1101,2375,7,0
1101,2343,8,0
1101,814,9,0
1101,303,10,0
1101,1550,11,0
1101,2444,12,0
1101,1551,13,0
1101,1176,14,0
1101,1312,15,0
1101,1177,16,0
1101,1178,17,0
1101,1179,18,0
1101,309,19,0
1101,310,20,0
1101,311,21,0
1101,10298,22,0
1101,1326,23,0
1101,1341,24,0
1101,993,25,0
1101,2419,26,0
1101,2242,27,0
1101,169,28,0
1101,171,29,0
1101,1548,30,0
1101,1504,31,0
1101,1505,32,0
1101,1536,33,0
1101,30170,34,0
1101,172,35,0
1101,173,36,0
1101,174,37,0
1101,577,38,0
1101,578,39,0
1101,580,40,0
1101,581,41,0
1101,582,42,0
1101,583,43,0
1101,523,44,0
1101,524,45,0
1101,525,46,0
1101,526,47,0
1101,563,48,0
1101,527,49,0
1101,753,50,0
1101,754,51,0
1101,755,52,0
1101,756,53,0
1101,757,54,0
1101,758,55,0
1101,1272,56,0
1101,759,56,0
1101,1273,57,0
1101,760,57,0
1101,1274,58,0
1101,1280,58,0
1101,1275,59,0
1101,776,60,0
1101,777,61,0
1101,778,62,0
1101,1276,63,0
1101,532,64,0
1101,1331,65,0
1101,1332,66,0
1101,763,67,0
1101,2412,68,0
1101,1572,69,0
1101,1575,70,0
1101,2129,71,0
1101,764,72,0
1101,765,73,0
1101,766,74,0
1101,767,75,0
1101,768,76,0
1101,92,77,0
1101,93,78,1
1200,20298,1,0
1200,1545,2,0
1200,299,3,0
1200,300,4,0
1200,301,5,0
1200,1088,6,0
1200,302,7,0
1200,2125,8,0
1200,2291,9,0
1200,1233,10,0
1200,784,11,0
1200,1292,12,0
1200,787,13,0
1200,1228,14,0
1200,788,15,0
1200,789,16,0
1200,1293,17,0
1200,1271,18,0
1200,62,19,0
1200,63,20,0
1200,64,21,0
1200,65,22,0
1200,66,23,0
1200,67,24,0
1200,2131,25,0
1200,69,26,0
1200,70,27,0
1200,398,28,0
1200,399,29,0
1200,347,30,0
1200,349,31,0
1200,70001,32,0
1200,2,33,0
1200,208,34,0
1200,499,35,0
1200,500,36,0
1200,501,37,1
1201,20501,1,0
1201,640,2,0
1201,641,3,0
1201,642,4,0
1201,258,5,0
1201,28,6,0
1201,20001,7,0
1201,260,8,0
1201,261,9,0
1201,262,10,0
1201,376,11,0
1201,377,12,0
1201,34,13,0
1201,2130,14,0
1201,1078,15,0
1201,37,16,0
1201,38,17,0
1201,39,18,0
1201,40,19,0
1201,41,20,0
1201,42,21,0
1201,43,22,0
1201,44,23,0
1201,45,24,0
1201,46,25,0
1201,1227,26,0
1201,47,27,0
1201,1052,28,0
1201,48,29,0
1201,1232,30,0
1201,2343,31,0
1201,814,32,0
1201,1409,33,0
1201,1089,34,0
1201,815,35,0
1201,1044,36,0
1201,816,37,0
1201,311,38,0
1201,298,39,1
1400,40170,1,0
1400,169,2,0
1400,171,3,0
1400,172,4,0
1400,173,5,0
1400,174,6,0
1400,577,7,0
1400,578,8,0
1400,580,9,0
1400,581,10,0
1400,582,11,0
1400,583,12,0
1400,584,13,0
1400,585,14,0
1400,693,15,0
1400,694,16,0
1400,1139,17,0
1400,697,18,0
1400,698,19,0
1400,699,20,0
1400,700,21,0
1400,701,22,0
1400,702,23,0
1400,703,24,0
1400,1541,25,0
1400,1053,26,0
1400,705,27,0
1400,706,28,0
1400,707,29,0
1400,708,30,0
1400,709,31,0
1400,710,32,0
1400,349,33,0
1400,90001,34,0
1400,2,35,0
1400,208,36,0
1400,499,37,0
1400,500,38,0
1400,501,39,1
1401,70501,1,0
1401,640,2,0
1401,641,3,0
1401,642,4,0
1401,258,5,0
1401,28,6,0
1401,30001,7,0
1401,643,8,0
1401,644,9,0
1401,645,10,0
1401,646,11,0
1401,647,12,0
1401,1137,13,0
1401,648,14,0
1401,2132,15,0
1401,2133,16,0
1401,2275,17,0
1401,2134,18,0
1401,2135,19,0
1401,2136,20,0
1401,1534,21,0
1401,1535,22,0
1401,982,23,0
1401,657,24,0
1401,658,25,0
1401,566,26,0
1401,567,27,0
1401,568,28,0
1401,569,29,0
1401,570,30,0
1401,571,31,0
1401,572,32,0
1401,573,33,0
1401,574,34,0
1401,461,35,0
1401,462,36,0
1401,463,37,0
1401,1548,38,0
1401,1504,39,0
1401,1505,40,0
1401,1536,41,0
1401,170,42,1
1500,10170,1,0
1500,169,2,0
1500,171,3,0
1500,467,4,0
1500,468,5,0
1500,2137,6,0
1500,2138,7,0
1500,2139,8,0
1500,1475,9,1
1501,1475,1,0
1501,1476,2,0
1501,1316,3,0
1501,164,4,0
1501,165,5,0
1501,166,6,0
1501,1549,7,0
1501,167,8,0
1501,1548,9,0
1501,1504,10,0
1501,1505,11,0
1501,1536,12,0
1501,170,13,1
1600,20170,1,0
1600,169,2,0
1600,171,3,0
1600,172,4,0
1600,173,5,0
1600,174,6,0
1600,175,7,0
1600,176,8,0
1600,177,9,0
1600,1294,10,0
1600,2461,11,0
1600,178,12,0
1600,179,13,0
1600,1018,14,0
1600,58,15,0
1600,59,16,0
1600,60,17,0
1600,45,18,0
1600,46,19,0
1600,1227,20,0
1600,47,21,0
1600,1052,22,0
1600,48,23,0
1600,1159,24,0
1600,1160,25,0
1600,812,26,0
1600,1161,27,0
1600,1162,28,0
1600,149,29,0
1600,1229,30,0
1600,1047,31,0
1600,183,32,0
1600,184,33,0
1600,1522,34,0
1600,1489,35,0
1600,185,35,0
1600,190,36,0
1600,186,36,0
1600,191,37,0
1600,187,37,0
1600,1296,38,0
1600,192,38,0
1600,193,39,0
1600,188,39,0
1600,194,40,0
1600,189,40,0
1600,195,41,1
1601,129,1,0
1601,130,2,0
1601,131,3,0
1601,132,4,0
1601,133,5,0
1601,134,6,0
1601,135,7,0
1601,141,7,0
1601,136,8,0
1601,142,8,0
1601,137,9,0
1601,143,9,0
1601,138,10,0
1601,2140,10,0
1601,139,11,0
1601,144,11,0
1601,140,12,0
1601,145,12,0
1601,1087,13,0
1601,1579,14,0
1601,785,15,0
1601,1156,16,0
1601,1157,17,0
1601,1158,18,0
1601,1292,19,0
1601,787,20,0
1601,1228,21,0
1601,788,22,0
1601,789,23,0
1601,1293,24,0
1601,784,25,0
1601,154,25,0
1601,155,26,0
1601,1525,27,0
1601,156,28,0
1601,157,29,0
1601,158,30,0
1601,159,31,0
1601,160,32,0
1601,461,33,0
1601,462,34,0
1601,463,35,0
1601,1548,36,0
1601,1504,37,0
1601,1505,38,0
1601,1536,39,0
1601,170,40,1
1700,963,1,0
1700,1338,2,0
1700,965,3,0
1700,967,4,0
1700,2271,5,0
1700,1209,6,0
1700,1211,7,0
1700,1513,8,0
1700,1353,9,0
1700,1354,10,0
1700,1355,11,0
1700,1012,12,0
1700,1013,13,0
1700,1014,14,0
1700,1015,15,0
1700,1373,16,0
1700,1374,17,0
1700,1375,18,0
1700,1376,19,0
1700,1377,20,0
1700,1378,21,0
1700,1379,22,0
1700,898,23,0
1700,900,24,0
1700,901,25,0
1700,902,26,0
1700,903,27,0
1700,905,28,0
1700,906,29,0
1700,907,30,0
1700,908,31,0
1700,418,32,0
1700,324,33,0
1700,325,34,0
1700,3005,35,0
1700,1447,36,0
1700,1342,37,0
1700,10298,38,0
1700,387,39,0
1700,388,40,0
1700,389,41,0
1700,390,42,0
1700,391,43,0
1700,392,44,0
1700,393,45,0
1700,56,46,0
1700,57,47,0
1700,394,48,0
1700,396,49,0
1700,199,50,0
1700,200,51,0
1700,202,52,0
1700,203,53,0
1700,204,54,0
1700,1290,55,0
1700,792,56,0
1700,793,57,0
1700,794,58,0
1700,638,59,0
1700,501,60,1
1701,30501,1,0
1701,502,2,0
1701,2380,3,0
1701,562,4,0
1701,120,5,0
1701,121,6,0
1701,69,7,0
1701,122,8,0
1701,124,9,0
1701,125,10,0
1701,378,11,0
1701,379,12,0
1701,380,13,0
1701,381,14,0
1701,382,15,0
1701,383,16,0
1701,384,17,0
1701,385,18,0
1701,386,19,0
1701,1166,20,0
1701,419,21,0
1701,20298,22,0
1701,1326,23,0
1701,1341,24,0
1701,993,25,0
1701,842,26,0
1701,734,27,0
1701,1003,28,0
1701,847,29,0
1701,848,30,0
1701,849,31,0
1701,851,32,0
1701,852,33,0
1701,853,34,0
1701,854,35,0
1701,856,36,0
1701,857,37,0
1701,1365,38,0
1701,1366,39,0
1701,1367,40,0
1701,1368,41,0
1701,1369,42,0
1701,1370,43,0
1701,1371,44,0
1701,975,45,0
1701,976,46,0
1701,977,47,0
1701,1208,48,0
1701,1256,49,0
1701,1197,50,0
1701,1314,51,0
1701,948,52,0
1701,950,53,0
1701,2272,54,0
1701,1352,55,0
1701,951,56,0
1701,2454,57,0
1701,2457,58,1
1800,2148,1,0
1800,2149,2,0
1800,2150,3,0
1800,2151,4,0
1800,2152,5,0
1800,2153,6,0
1800,2154,7,0
1800,2155,8,0
1800,2156,9,0
1800,1220,10,0
1800,878,11,0
1800,879,12,0
1800,880,13,0
1800,881,14,0
1800,1357,15,0
1800,2157,16,0
1800,2158,17,0
1800,2159,18,0
1800,2160,19,0
1800,2161,20,0
1800,1361,21,0
1800,1362,22,0
1800,1363,23,0
1800,1203,24,0
1800,1204,25,0
1800,1364,26,0
1800,322,27,0
1800,324,28,0
1800,325,29,0
1800,2419,30,0
1800,2242,31,0
1800,169,32,0
1800,171,33,0
1800,1548,34,0
1800,1504,35,0
1800,1505,36,0
1800,1536,37,0
1800,170,38,1
1801,20170,1,0
1801,1234,2,0
1801,842,3,0
1801,844,4,0
1801,287,5,0
1801,288,6,0
1801,1200,7,0
1801,1201,8,0
1801,1345,9,0
1801,1347,10,0
1801,1348,11,0
1801,2141,12,0
1801,2142,13,0
1801,2143,14,0
1801,2144,15,0
1801,2145,16,0
1801,1351,17,0
1801,873,18,0
1801,874,19,0
1801,875,20,0
1801,876,21,0
1801,939,22,0
1801,940,23,0
1801,1251,24,0
1801,942,25,0
1801,943,26,0
1801,945,27,0
1801,971,28,0
1801,946,29,0
1801,947,30,0
1801,1255,31,0
1801,1254,32,0
1801,2147,33,1
1900,2162,1,0
1900,1527,2,0
1900,478,3,0
1900,479,4,0
1900,480,5,0
1900,2075,6,0
1900,676,7,0
1900,677,8,0
1900,678,9,0
1900,2076,10,0
1900,487,11,0
1900,488,12,0
1900,489,13,0
1900,490,14,0
1900,491,15,0
1900,492,16,0
1900,493,17,0
1900,494,18,0
1900,2079,19,0
1900,173,20,0
1900,174,21,0
1900,577,22,0
1900,1565,23,0
1900,1566,24,0
1900,1405,25,0
1900,689,26,0
1900,690,27,0
1900,691,28,0
1900,692,29,0
1900,2163,30,0
1900,713,31,0
1900,2085,32,0
1900,716,33,0
1900,717,34,0
1900,707,35,0
1900,708,36,0
1900,709,37,0
1900,710,38,0
1900,349,39,0
1900,90001,40,0
1900,2,41,0
1900,208,42,0
1900,499,43,0
1900,500,44,0
1900,501,45,1
1901,50501,1,0
1901,640,2,0
1901,641,3,0
1901,642,4,0
1901,258,5,0
1901,28,6,0
1901,30001,7,0
1901,643,8,0
1901,644,9,0
1901,645,10,0
1901,646,11,0
1901,750,12,0
1901,520,13,0
1901,751,14,0
1901,2164,15,0
1901,660,16,0
1901,661,17,0
1901,662,18,0
1901,1406,19,0
1901,663,20,0
1901,2165,21,0
1901,574,22,0
1901,575,23,0
1901,161,24,0
1901,162,25,0
1901,163,26,0
1901,164,27,0
1901,165,28,0
1901,2277,29,0
1901,472,30,0
1901,474,31,0
1901,475,32,0
1901,1381,33,0
1901,1382,34,0
1901,1383,35,0
1901,1479,36,0
1901,1480,37,0
1901,1388,38,0
1901,1389,39,0
1901,1390,40,0
1901,2267,41,0
1901,2268,42,0
1901,1408,43,0
1901,1393,44,0
1901,1394,45,0
1901,2206,46,1
2000,40501,1,0
2000,502,2,0
2000,2380,3,0
2000,504,4,0
2000,1458,5,0
2000,917,6,0
2000,2223,7,0
2000,978,8,0
2000,987,9,0
2000,988,10,0
2000,979,11,0
2000,918,12,0
2000,919,13,0
2000,920,14,0
2000,772,15,0
2000,773,16,0
2000,921,17,0
2000,922,18,0
2000,990,19,1
2001,990,1,0
2001,923,2,0
2001,511,3,0
2001,512,4,0
2001,793,5,0
2001,794,6,0
2001,638,7,0
2001,501,8,1
2100,600,1,0
2100,601,2,0
2100,1301,3,0
2100,2463,4,0
2100,2451,5,0
2100,1567,6,0
2100,1568,7,0
2100,929,8,0
2100,928,9,0
2100,927,10,0
2100,1297,11,0
2100,1041,12,0
2100,234,13,1
2101,234,1,0
2101,2287,2,0
2101,2283,3,0
2101,2430,4,0
2101,233,5,0
2101,1298,6,0
2101,635,7,0
2101,1416,8,0
2101,1582,9,0
2101,925,10,0
2101,600,11,1
2200,2295,1,0
2200,601,2,0
2200,1301,3,0
2200,602,4,0
2200,1518,5,0
2200,1519,6,0
2200,607,7,0
2200,608,8,0
2200,2254,9,0
2200,2255,10,0
2200,621,11,0
2200,622,12,0
2200,2296,13,0
2200,629,14,0
2200,600,15,0
2200,926,16,0
2200,2297,17,0
2200,1027,18,0
2200,2298,19,0
2200,2299,20,0
2200,2280,21,0
2200,1297,22,0
2200,1041,23,0
2200,234,24,1
2201,234,1,0
2201,2289,2,0
2201,2290,3,0
2201,2281,4,0
2201,2301,5,0
2201,2303,6,0
2201,1026,7,0
2201,2302,8,0
2201,1582,9,0
2201,925,10,0
2201,2295,11,1
2400,965,1,0
2400,1415,2,0
2400,1414,3,0
2400,953,4,0
2400,954,5,0
2400,1240,6,0
2400,1250,7,0
2400,955,8,0
2400,1264,9,0
2400,956,10,0
2400,957,11,0
2400,1267,12,0
2400,1268,13,0
2400,1336,14,0
2400,2419,15,0
2400,2242,16,0
2400,169,17,0
2400,171,18,0
2400,1548,19,0
2400,1504,20,0
2400,1505,21,0
2400,1536,22,0
2400,170,23,1
2401,30170,1,0
2401,1234,2,0
2401,2420,3,0
2401,1315,4,0
2401,1259,5,0
2401,1260,6,0
2401,958,7,0
2401,1438,8,0
2401,1439,9,0
2401,960,10,0
2401,1440,11,0
2401,1239,12,0
2401,961,13,0
2401,962,14,0
2401,1431,15,0
2401,1415,16,0
2401,1414,17,0
2401,1444,18,0
2401,1445,19,0
2401,1188,20,0
2401,1194,21,0
2401,965,22,1
2500,2037,1,0
2500,1033,2,0
2500,1580,2,0
2500,1034,3,0
2500,441,3,0
2500,1035,4,0
2500,1307,4,0
2500,1404,4,0
2500,1038,5,0
2500,1147,5,0
2500,1400,5,0
2500,1417,6,0
2500,2413,6,0
2500,2448,6,0
2500,1037,7,0
2500,2449,7,0
2500,1401,7,0
2500,1039,8,0
2500,2450,8,0
2500,1026,8,0
2500,2322,9,0
2500,436,9,0
2500,1028,9,0
2500,2226,10,0
2500,437,10,0
2500,1403,10,0
2500,1032,11,0
2500,438,11,0
2500,1402,11,0
2500,2273,12,0
2500,803,12,0
2500,1030,12,0
2500,800,13,0
2500,2252,13,0
2500,1308,13,0
2500,1309,14,1
2600,10298,1,0
2600,1326,2,0
2600,1341,3,0
2600,2256,4,0
2600,2257,5,0
2600,2258,6,0
2600,996,7,0
2600,997,8,1
2601,997,1,0
2601,2445,2,0
2601,2259,3,0
2601,2260,4,0
2601,1447,5,0
2601,1342,6,0
2601,298,7,1
2700,965,1,0
2700,1415,2,0
2700,1414,3,0
2700,1432,4,0
2700,2452,5,0
2700,1433,6,0
2700,1434,7,0
2700,1435,8,0
2700,1436,9,0
2700,169,10,0
2700,171,11,0
2700,1548,12,0
2700,1504,13,0
2700,1505,14,0
2700,1536,15,0
2700,170,16,1
2701,10170,1,0
2701,992,2,0
2701,1425,3,0
2701,2453,4,0
2701,1424,5,0
2701,1427,6,0
2701,2279,7,0
2701,1428,8,0
2701,1317,9,0
2701,1189,10,0
2701,986,11,0
2701,1190,12,0
2701,2390,13,0
2701,1431,14,0
2701,965,15,1
2800,93,1,0
2800,2359,2,0
2800,2355,2,0
2800,2356,3,0
2800,2364,3,0
2800,2360,3,0
2800,2357,4,0
2800,2365,4,0
2800,2361,4,0
2800,2358,5,0
2800,2362,5,0
2800,2363,6,1
2801,2357,1,0
2801,2366,2,0
2801,2358,3,0
2801,93,4,1
4900,2294,1,0
4900,393,2,0
4900,396,3,0
4900,209,4,0
4900,354,5,0
4900,355,6,0
4900,25,7,1
4901,25,1,0
4901,378,2,0
4901,382,3,0
4901,2294,4,1
5000,972,1,0
5000,910,1,0
5000,843,2,0
5000,924,2,0
5000,930,3,0
5000,2370,3,0
5000,931,4,0
5000,2368,4,0
5000,968,5,0
5000,969,6,0
5000,933,7,0
5000,934,8,0
5000,935,9,0
5000,936,10,0
5000,937,11,0
5000,805,12,0
5000,941,13,0
5000,952,14,0
5000,964,15,0
5000,1283,16,0
5000,1284,17,0
5000,1285,18,0
5000,1286,19,0
5000,1287,20,0
5000,2441,21,0
5000,1288,21,0
5000,1289,22,0
5000,2237,23,0
5000,1299,24,0
5000,1002,25,0
5000,1380,26,0
5000,297,27,0
5000,1447,28,0
5000,1342,29,0
5000,298,30,1
5001,20298,1,0
5001,1326,2,0
5001,1341,3,0
5001,312,4,0
5001,313,5,0
5001,295,6,0
5001,994,7,0
5001,314,8,0
5001,2442,9,0
5001,1284,10,0
5001,2440,10,0
5001,1285,11,0
5001,802,11,0
5001,832,12,0
5001,1286,12,0
5001,2464,13,0
5001,1287,13,0
5001,1288,14,0
5001,804,14,0
5001,1289,15,0
5001,938,15,0
5001,808,16,0
5001,2238,17,0
5001,2239,18,0
5001,809,19,0
5001,2240,20,0
5001,813,21,0
5001,819,22,0
5001,820,23,0
5001,824,24,0
5001,825,25,0
5001,2369,26,0
5001,833,27,0
5001,980,28,0
5001,973,29,0
5001,972,30,1
5100,40501,1,0
5100,502,2,0
5100,2380,3,0
5100,562,4,0
5100,2300,5,0
5100,1004,6,0
5100,1021,7,0
5100,1005,8,0
5100,1006,9,0
5100,2446,10,0
5100,1007,11,0
5100,1008,12,0
5100,1009,13,0
5100,1010,14,0
5100,1011,15,0
5100,1017,16,0
5100,1019,17,0
5100,1020,18,0
5100,1023,19,0
5100,1036,20,0
5100,1024,21,0
5100,1031,22,0
5100,2466,23,0
5100,1042,24,0
5100,1050,25,1
5101,1050,1,0
5101,1061,2,0
5101,2465,3,0
5101,1062,4,0
5101,1063,5,0
5101,1064,6,0
5101,1065,7,0
5101,1067,8,0
5101,1069,9,0
5101,1070,10,0
5101,1073,11,0
5101,1077,12,0
5101,1079,13,0
5101,1095,14,0
5101,2447,15,0
5101,1096,16,0
5101,1098,17,0
5101,1049,18,0
5101,1099,19,0
5101,2305,20,0
5101,792,21,0
5101,793,22,0
5101,794,23,0
5101,638,24,0
5101,501,25,1
5200,482,1,0
5200,654,2,0
5200,484,3,0
5200,655,4,0
5200,485,5,0
5200,486,6,0
5200,656,7,0
5200,495,8,0
5200,965,9,0
5200,1415,10,0
5200,1414,11,0
5200,496,12,0
5200,696,13,0
5200,497,14,0
5200,1220,15,1
5201,1220,1,0
5201,878,2,0
5201,858,3,0
5201,860,4,0
5201,877,5,0
5201,649,6,0
5201,439,7,0
5201,440,8,0
5201,650,9,0
5201,458,10,0
5201,473,11,0
5201,651,12,0
5201,652,13,0
5201,653,14,0
5201,481,15,0
5201,482,16,1
5300,50170,1,0
5300,1234,2,0
5300,3011,3,0
5300,2285,4,0
5300,2286,5,0
5300,2287,6,0
5300,2283,7,0
5300,2430,8,0
5300,233,9,0
5300,1041,10,0
5300,234,11,1
5301,234,1,0
5301,2289,2,0
5301,2290,3,0
5301,3012,4,0
5301,2419,5,0
5301,10298,5,0
5301,2242,6,0
5301,1548,7,0
5301,1504,8,0
5301,1505,9,0
5301,1536,10,0
5301,170,11,1
5400,2294,1,0
5400,3011,2,0
5400,2285,3,0
5400,2286,4,0
5400,2287,5,0
5400,2283,6,0
5400,2430,7,0
5400,233,8,0
5400,1041,9,0
5400,234,10,1
5401,234,1,0
5401,2289,2,0
5401,2290,3,0
5401,3012,4,0
5401,2294,5,1
5500,2166,1,0
5500,2382,2,0
5500,2435,3,0
5500,2167,4,0
5500,2168,5,0
5500,10298,6,0
5500,2169,7,0
5500,2170,8,0
5500,2171,9,0
5500,2387,10,0
5500,2172,11,0
5500,2276,12,0
5500,2278,13,0
5500,330,14,0
5500,1321,15,0
5500,332,16,0
5500,333,17,0
5500,334,18,0
5500,335,19,0
5500,762,20,0
5500,336,21,0
5500,337,22,0
5500,338,23,0
5500,158,24,0
5500,159,25,0
5500,160,26,0
5500,2398,27,0
5500,2173,28,0
5500,687,29,0
5500,688,30,0
5500,1405,31,0
5500,689,32,0
5500,2174,33,0
5500,582,34,0
5500,2392,35,0
5500,583,36,0
5500,523,37,0
5500,2439,38,0
5500,2437,39,0
5500,2438,40,0
5500,524,41,0
5500,525,42,0
5500,526,43,0
5500,563,44,0
5500,2394,45,0
5500,694,46,0
5500,2175,47,0
5500,2203,48,0
5500,2284,49,0
5500,2176,50,0
5500,2177,51,0
5500,2178,52,0
5500,2459,53,0
5500,750,54,0
5500,552,55,0
5500,553,56,0
5500,2179,57,0
5500,2180,58,0
5500,710,59,0
5500,349,60,0
5500,60001,61,0
5500,2,62,0
5500,915,63,0
5500,2019,64,0
5500,916,65,0
5500,2020,66,0
5500,2337,67,0
5500,2388,68,0
5500,2338,69,0
5500,2397,70,0
5500,2023,71,0
5500,2024,72,0
5500,793,73,0
5500,794,74,0
5500,638,75,0
5500,40501,76,0
5500,640,77,0
5500,641,78,0
5500,209,79,0
5500,210,80,0
5500,211,81,0
5500,352,82,0
5500,2049,83,0
5500,354,84,0
5500,355,85,0
5500,356,86,0
5500,357,87,0
5500,453,88,0
5500,2185,89,0
5500,2186,90,0
5500,2270,91,0
5500,2187,92,0
5500,2182,93,0
5500,2183,94,0
5500,364,95,0
5500,365,96,0
5500,366,97,0
5500,729,98,0
5500,2414,99,0
5500,251,100,0
5500,2349,101,0
5500,2339,102,0
5500,2350,103,0
5500,2188,104,0
5500,2189,105,0
5500,415,106,0
5500,219,107,0
5500,220,108,0
5500,221,109,0
5500,222,110,0
5500,223,111,0
5500,224,112,1
5501,224,1,0
5501,2037,2,0
5501,1580,3,0
5501,441,4,0
5501,416,5,0
5501,1329,6,0
5501,244,7,0
5501,245,8,0
5501,246,9,0
5501,2190,10,0
5501,2191,11,0
5501,2340,12,0
5501,214,13,0
5501,215,14,0
5501,738,15,0
5501,739,16,0
5501,740,17,0
5501,1466,18,0
5501,1467,19,0
5501,2197,20,0
5501,2198,21,0
5501,2181,22,0
5501,2269,23,0
5501,2193,24,0
5501,2194,25,0
5501,747,26,0
5501,405,27,0
5501,2048,28,0
5501,406,29,0
5501,407,30,0
5501,1056,31,0
5501,408,32,0
5501,374,33,0
5501,254,34,0
5501,255,35,0
5501,256,36,0
5501,257,37,0
5501,499,38,0
5501,500,39,0
5501,20501,40,0
5501,502,41,0
5501,2380,42,0
5501,504,43,0
5501,505,44,0
5501,2396,45,0
5501,2341,46,0
5501,2389,47,0
5501,2342,48,0
5501,511,49,0
5501,512,50,0
5501,513,51,0
5501,514,52,0
5501,515,53,0
5501,10001,54,0
5501,643,55,0
5501,644,56,0
5501,2199,57,0
5501,518,58,0
5501,716,59,0
5501,717,60,0
5501,718,61,0
5501,647,62,0
5501,2201,63,0
5501,2202,64,0
5501,1072,65,0
5501,982,66,0
5501,657,67,0
5501,2395,68,0
5501,2204,69,0
5501,546,70,0
5501,547,71,0
5501,1430,72,0
5501,548,73,0
5501,2439,74,0
5501,2437,75,0
5501,2438,76,0
5501,782,77,0
5501,569,78,0
5501,2391,79,0
5501,2205,80,0
5501,1406,81,0
5501,663,82,0
5501,2165,83,0
5501,574,84,0
5501,177,85,0
5501,1294,86,0
5501,2381,87,0
5501,1340,88,0
5501,270,89,0
5501,272,90,0
5501,273,91,0
5501,1328,92,0
5501,274,93,0
5501,275,94,0
5501,276,95,0
5501,277,96,0
5501,278,97,0
5501,279,98,0
5501,280,99,0
5501,2207,100,0
5501,2304,101,0
5501,2208,102,0
5501,2431,103,0
5501,537,104,0
5501,36,105,0
5501,1342,106,0
5501,10298,107,0
5501,387,108,0
5501,2209,109,0
5501,2166,110,1
5700,10298,1,0
5700,387,2,0
5700,388,3,0
5700,389,4,0
5700,1486,5,0
5700,1487,6,0
5700,1546,7,0
5700,332,8,0
5700,333,9,0
5700,334,10,0
5700,335,11,0
5700,762,12,0
5700,336,13,0
5700,2306,14,0
5700,2383,15,0
5700,2307,16,0
5700,2308,17,0
5700,56,18,0
5700,57,19,0
5700,394,20,0
5700,2309,21,0
5700,2344,22,0
5700,2405,23,0
5700,2310,24,0
5700,2311,25,0
5700,2312,26,0
5700,194,27,0
5700,195,28,0
5700,65,29,0
5700,66,30,0
5700,67,31,0
5700,2131,32,0
5700,69,33,0
5700,70,34,0
5700,398,35,0
5700,2313,36,0
5700,2399,37,0
5700,2314,38,0
5700,2315,39,0
5700,2316,40,0
5700,2404,41,0
5700,2317,42,0
5700,60001,43,0
5700,2318,44,0
5700,2376,45,0
5700,2377,46,0
5700,402,47,0
5700,24,48,0
5700,2346,49,0
5700,25,50,0
5700,2407,51,0
5700,26,52,0
5700,2367,53,0
5700,2319,54,0
5700,2348,55,0
5700,2196,56,0
5700,209,57,0
5700,210,58,0
5700,1146,59,0
5700,817,60,0
5700,2408,61,0
5700,818,62,0
5700,1127,63,0
5700,594,64,0
5700,595,65,0
5700,1244,66,0
5700,596,67,0
5700,2401,68,0
5700,597,69,0
5700,598,70,0
5700,599,71,0
5700,1306,72,0
5700,2416,73,0
5700,2320,74,0
5700,2321,75,0
5700,2351,76,0
5700,2354,77,0
5700,2322,78,0
5700,2226,79,0
5700,821,80,0
5700,822,81,0
5700,823,82,0
5700,2033,83,0
5700,2034,84,0
5700,1309,85,0
5700,2035,86,0
5700,1032,87,0
5700,2273,88,0
5700,2252,89,0
5700,2068,90,0
5700,242,91,0
5700,2385,92,0
5700,224,93,1
5701,224,1,0
5701,2037,2,0
5701,1580,3,0
5701,441,4,0
5701,1404,5,0
5701,1147,6,0
5701,1167,7,0
5701,1148,8,0
5701,829,9,0
5701,830,10,0
5701,831,11,0
5701,1560,12,0
5701,2261,13,0
5701,2353,14,0
5701,2352,15,0
5701,2323,16,0
5701,2324,17,0
5701,2415,18,0
5701,2114,19,0
5701,631,20,0
5701,2386,21,0
5701,633,22,0
5701,2402,23,0
5701,634,24,0
5701,1448,25,0
5701,1446,26,0
5701,2115,27,0
5701,1122,28,0
5701,1123,29,0
5701,2409,30,0
5701,834,31,0
5701,835,32,0
5701,256,33,0
5701,257,34,0
5701,2184,35,0
5701,2347,36,0
5701,2001,37,0
5701,5,38,0
5701,6,39,0
5701,2346,40,0
5701,2095,41,0
5701,2378,42,0
5701,2379,43,0
5701,2325,44,0
5701,10001,45,0
5701,2326,46,0
5701,2403,47,0
5701,2327,48,0
5701,2328,49,0
5701,2329,50,0
5701,2400,51,0
5701,2330,52,0
5701,377,53,0
5701,34,54,0
5701,2130,55,0
5701,1078,56,0
5701,37,57,0
5701,38,58,0
5701,39,59,0
5701,129,60,0
5701,130,61,0
5701,2331,62,0
5701,2332,63,0
5701,2333,64,0
5701,2406,65,0
5701,2345,66,0
5701,2334,67,0
5701,378,68,0
5701,379,69,0
5701,380,70,0
5701,381,71,0
5701,2335,72,0
5701,2336,73,0
5701,2384,74,0
5701,272,75,0
5701,273,76,0
5701,1328,77,0
5701,274,78,0
5701,275,79,0
5701,276,80,0
5701,277,81,0
5701,278,82,0
5701,1483,83,0
5701,1484,84,0
5701,1485,85,0
5701,1166,86,0
5701,419,87,0
5701,298,88,1
999900,2432,1,0
999900,2434,2,0
999900,2294,3,1
999901,2294,1,0
999901,2433,2,0
999901,2432,3,1
1900300,10298,1,0
1900300,1326,2,0
1900300,1341,3,0
1900300,2256,4,0
1900300,2257,5,0
1900300,2258,6,0
1900300,996,7,0
1900300,997,8,0
1900300,2445,9,0
1900300,2259,10,0
1900300,2260,11,0
1900300,313,12,0
1900300,295,13,0
1900300,994,14,0
1900300,314,15,0
1900300,315,16,0
1900300,316,17,0
1900300,1186,18,0
1900300,318,19,0
1900300,319,20,0
1900300,320,21,0
1900300,321,22,0
1900300,322,23,0
1900300,324,24,0
1900300,325,25,0
1900300,326,26,0
1900300,327,27,0
1900300,271,28,0
1900300,328,29,0
1900300,2278,30,0
1900300,330,31,0
1900300,1321,32,0
1900300,332,33,0
1900300,333,34,0
1900300,334,35,0
1900300,1523,36,0
1900300,337,37,0
1900300,338,38,0
1900300,339,39,0
1900300,340,40,0
1900300,341,41,0
1900300,342,42,0
1900300,343,43,0
1900300,344,44,0
1900300,345,45,0
1900300,346,46,0
1900300,347,47,0
1900300,349,48,0
1900300,1,49,1
1900301,40001,1,0
1900301,260,2,0
1900301,261,3,0
1900301,262,4,0
1900301,1090,5,0
1900301,263,6,0
1900301,264,7,0
1900301,265,8,0
1900301,266,9,0
1900301,267,10,0
1900301,268,11,0
1900301,269,12,0
1900301,1340,13,0
1900301,270,14,0
1900301,272,15,0
1900301,1478,16,0
1900301,275,17,0
1900301,276,18,0
1900301,277,19,0
1900301,278,20,0
1900301,1483,21,0
1900301,1484,22,0
1900301,1485,23,0
1900301,2343,24,0
1900301,814,25,0
1900301,1409,26,0
1900301,1089,27,0
1900301,815,28,0
1900301,1044,29,0
1900301,816,30,0
1900301,311,31,0
1900301,1341,32,0
1900301,312,33,0
1900301,313,34,0
1900301,295,35,0
1900301,994,36,0
1900301,314,37,0
1900301,315,38,0
1900301,316,39,0
1900301,1186,40,0
1900301,324,41,0
1900301,325,42,0
1900301,2419,43,0
1900301,2242,44,0
1900301,169,45,0
1900301,171,46,0
1900301,172,47,0
1900301,1344,48,0
1900301,1488,49,0
1900301,1507,50,0
1900301,2277,51,0
1900301,472,52,0
1900301,474,53,0
1900301,475,54,0
1900301,1381,55,1
1900400,10298,1,0
1900400,80001,1,0
1900400,387,2,0
1900400,2,2,0
1900400,388,3,0
1900400,208,3,0
1900400,389,4,0
1900400,209,4,0
1900400,390,5,0
1900400,210,5,0
1900400,391,6,0
1900400,211,6,0
1900400,352,7,0
1900400,392,7,0
1900400,2049,8,0
1900400,393,8,0
1900400,354,9,0
1900400,56,9,0
1900400,355,10,0
1900400,57,10,0
1900400,417,11,0
1900400,394,11,0
1900400,2421,12,0
1900400,396,12,0
1900400,2009,13,0
1900400,199,13,0
1900400,2010,14,0
1900400,200,14,0
1900400,202,15,0
1900400,2422,15,0
1900400,203,16,0
1900400,2423,16,0
1900400,2015,17,0
1900400,204,17,0
1900400,2016,18,0
1900400,1290,18,0
1900400,2116,19,0
1900400,2429,19,0
1900400,2017,20,0
1900400,206,20,0
1900400,207,21,0
1900400,2185,21,0
1900400,1,22,0
1900400,2186,22,0
1900400,1569,23,0
1900400,726,24,0
1900400,1570,25,0
1900400,2050,26,0
1900400,1466,27,0
1900400,1467,28,0
1900400,1468,29,0
1900400,1469,30,0
1900400,2051,31,0
1900400,2058,32,0
1900400,2059,33,0
1900400,2060,34,0
1900400,2109,35,0
1900400,2110,36,0
1900400,2111,37,0
1900400,2112,38,0
1900400,2113,39,0
1900400,2114,40,0
1900400,631,41,0
1900400,2386,42,0
1900400,633,43,0
1900400,634,44,0
1900400,1448,45,0
1900400,1446,46,0
1900400,217,47,0
1900400,218,48,0
1900400,219,49,0
1900400,220,50,0
1900400,221,51,0
1900400,222,52,0
1900400,223,53,0
1900400,224,54,1
1900401,602,1,0
1900401,70001,1,0
1900401,1518,2,0
1900401,2427,2,0
1900401,2121,3,0
1900401,1519,3,0
1900401,607,4,0
1900401,119,4,0
1900401,608,5,0
1900401,120,5,0
1900401,2254,6,0
1900401,121,6,0
1900401,69,7,0
1900401,2255,7,0
1900401,621,8,0
1900401,122,8,0
1900401,622,9,0
1900401,124,9,0
1900401,629,10,0
1900401,125,10,0
1900401,378,11,0
1900401,1464,11,0
1900401,379,12,0
1900401,1465,12,0
1900401,364,13,0
1900401,380,13,0
1900401,365,14,0
1900401,381,14,0
1900401,382,15,0
1900401,366,15,0
1900401,383,16,0
1900401,368,16,0
1900401,384,17,0
1900401,369,17,0
1900401,385,18,0
1900401,370,18,0
1900401,386,19,0
1900401,2046,19,0
1900401,2047,20,0
1900401,1166,20,0
1900401,419,21,0
1900401,2194,21,0
1900401,2002,22,0
1900401,298,22,0
1900401,2428,23,0
1900401,2003,24,0
1900401,16,25,0
1900401,18,26,0
1900401,2424,27,0
1900401,2008,28,0
1900401,2426,29,0
1900401,24,30,0
1900401,407,31,0
1900401,1056,32,0
1900401,408,33,0
1900401,374,34,0
1900401,254,35,0
1900401,255,36,0
1900401,256,37,0
1900401,257,38,0
1900401,258,39,0
1900401,28,40,0
1900401,1,41,1
1900700,1281,1,0
1900700,1282,2,0
1900700,778,3,0
1900700,779,4,0
1900700,540,5,0
1900700,541,6,0
1900700,542,7,0
1900700,543,8,0
1900700,544,9,0
1900700,545,10,0
1900700,546,11,0
1900700,2394,12,0
1900700,694,13,0
1900700,1139,14,0
1900700,1130,15,0
1900700,1129,16,0
1900700,1072,17,0
1900700,1053,17,0
1900700,705,18,0
1900700,566,18,0
1900700,706,19,0
1900700,567,19,0
1900700,707,20,0
1900700,568,20,0
1900700,708,21,0
1900700,569,21,0
1900700,709,22,0
1900700,570,22,0
1900700,710,23,0
1900700,571,23,0
1900700,349,24,0
1900700,572,24,0
1900700,1,25,0
1900700,573,25,0
1900700,574,26,0
1900700,177,27,0
1900700,1340,28,0
1900700,270,29,0
1900700,272,30,0
1900700,1478,31,0
1900700,275,32,0
1900700,276,33,0
1900700,277,34,0
1900700,278,35,0
1900700,1483,36,0
1900700,1484,37,0
1900700,1485,38,0
1900700,1166,39,0
1900700,419,40,0
1900700,10298,41,1
1900800,110001,1,0
1900800,1057,2,0
1900800,78,3,0
1900800,79,4,0
1900800,720,5,0
1900800,402,6,0
1900800,24,7,0
1900800,407,8,0
1900800,1056,9,0
1900800,408,10,0
1900800,409,11,0
1900800,410,12,0
1900800,214,13,0
1900800,215,14,0
1900800,216,15,0
1900800,1319,16,0
1900800,217,17,0
1900800,218,18,0
1900800,219,19,0
1900800,220,20,0
1900800,221,21,0
1900800,222,22,0
1900800,223,23,0
1900800,224,24,0
1900800,2037,25,0
1900800,799,25,0
1900800,226,26,0
1900800,420,26,0
1900800,227,27,0
1900800,421,27,0
1900800,2229,28,0
1900800,228,28,0
1900800,1106,29,0
1900800,229,29,0
1900800,232,30,0
1900800,1497,30,0
1900800,2067,31,0
1900800,2280,31,0
1900800,2285,32,0
1900800,2286,33,0
1900800,2287,34,0
1900800,2283,35,0
1900800,2430,36,0
1900800,233,37,0
1900800,1041,38,0
1900800,234,39,1
1900801,234,1,0
1900801,2287,2,0
1900801,2283,3,0
1900801,2430,4,0
1900801,233,5,0
1900801,1041,6,0
1900801,2289,7,0
1900801,2290,8,0
1900801,2281,9,0
1900801,2088,10,0
1900801,236,11,0
1900801,2069,12,0
1900801,2070,13,0
1900801,1502,14,0
1900801,437,15,0
1900801,438,16,0
1900801,803,17,0
1900801,800,18,0
1900801,243,19,0
1900801,244,20,0
1900801,245,21,0
1900801,246,22,0
1900801,247,23,0
1900801,248,24,0
1900801,249,25,0
1900801,250,26,0
1900801,251,27,0
1900801,252,28,0
1900801,452,29,0
1900801,373,30,0
1900801,354,31,0
1900801,355,32,0
1900801,417,33,0
1900801,2095,34,0
1900801,456,35,0
1900801,457,36,0
1900801,2096,37,0
1900801,1339,38,0
1900801,1,39,1
1901200,20298,1,0
1901200,1545,2,0
1901200,299,3,0
1901200,300,4,0
1901200,301,5,0
1901200,1088,6,0
1901200,302,7,0
1901200,2125,8,0
1901200,2291,9,0
1901200,1233,10,0
1901200,784,11,0
1901200,1292,12,0
1901200,787,13,0
1901200,1228,14,0
1901200,788,15,0
1901200,789,16,0
1901200,183,17,0
1901200,184,18,0
1901200,1522,19,0
1901200,1489,20,0
1901200,190,21,0
1901200,191,22,0
1901200,192,23,0
1901200,193,24,0
1901200,194,25,0
1901200,195,26,0
1901200,65,27,0
1901200,66,28,0
1901200,67,29,0
1901200,2131,30,0
1901200,69,31,0
1901200,70,32,0
1901200,398,33,0
1901200,399,34,0
1901200,347,35,0
1901200,349,36,0
1901200,1,37,1
1901201,20001,1,0
1901201,260,2,0
1901201,261,3,0
1901201,262,4,0
1901201,376,5,0
1901201,377,6,0
1901201,34,7,0
1901201,2130,8,0
1901201,1078,9,0
1901201,37,10,0
1901201,38,11,0
1901201,39,12,0
1901201,40,13,0
1901201,129,14,0
1901201,130,15,0
1901201,131,16,0
1901201,132,17,0
1901201,133,18,0
1901201,134,19,0
1901201,141,20,0
1901201,142,21,0
1901201,143,22,0
1901201,2140,23,0
1901201,45,24,0
1901201,46,25,0
1901201,1227,26,0
1901201,47,27,0
1901201,1052,28,0
1901201,48,29,0
1901201,1232,30,0
1901201,2343,31,0
1901201,814,32,0
1901201,1409,33,0
1901201,1089,34,0
1901201,815,35,0
1901201,1044,36,0
1901201,816,37,0
1901201,311,38,0
1901201,298,39,1
1901700,963,1,0
1901700,1338,2,0
1901700,965,3,0
1901700,967,4,0
1901700,2271,5,0
1901700,1209,6,0
1901700,1211,7,0
1901700,1513,8,0
1901700,1353,9,0
1901700,2151,10,0
1901700,2152,11,0
1901700,2153,12,0
1901700,2154,13,0
1901700,2155,14,0
1901700,2156,15,0
1901700,1220,16,0
1901700,878,17,0
1901700,879,18,0
1901700,880,19,0
1901700,881,20,0
1901700,1357,21,0
1901700,2157,22,0
1901700,2158,23,0
1901700,2159,24,0
1901700,2160,25,0
1901700,2274,26,0
1901700,1113,27,0
1901700,894,28,0
1901700,896,29,0
1901700,1441,30,0
1901700,1426,31,0
1901700,418,32,0
1901700,324,33,0
1901700,325,34,0
1901700,3005,35,0
1901700,1447,36,0
1901700,1342,37,0
1901700,10298,38,0
1901700,387,39,0
1901700,388,40,0
1901700,389,41,0
1901700,390,42,0
1901700,391,43,0
1901700,392,44,0
1901700,393,45,0
1901700,56,46,0
1901700,57,47,0
1901700,394,48,0
1901700,396,49,0
1901700,199,50,0
1901700,200,51,0
1901700,202,52,0
1901700,203,53,0
1901700,204,54,0
1901700,1290,55,0
1901700,792,56,0
1901700,793,57,0
1901700,794,58,0
1901700,638,59,0
1901700,501,60,1
1901800,963,1,0
1901800,1338,2,0
1901800,965,3,0
1901800,967,4,0
1901800,2271,5,0
1901800,1209,6,0
1901800,1211,7,0
1901800,1513,8,0
1901800,1353,9,0
1901800,2151,10,0
1901800,2152,11,0
1901800,2153,12,0
1901800,2154,13,0
1901800,2155,14,0
1901800,2156,15,0
1901800,1220,16,0
1901800,878,17,0
1901800,879,18,0
1901800,880,19,0
1901800,881,20,0
1901800,1357,21,0
1901800,2157,22,0
1901800,2158,23,0
1901800,2159,24,0
1901800,2160,25,0
1901800,2274,26,0
1901800,1113,27,0
1901800,894,28,0
1901800,896,29,0
1901800,1441,30,0
1901800,1426,31,0
1901800,418,32,0
1901800,324,33,0
1901800,325,34,0
1901800,2419,35,0
1901800,2242,36,0
1901800,169,37,0
1901800,171,38,0
1901800,1548,39,0
1901800,1504,40,0
1901800,1505,41,0
1901800,1536,42,0
1901800,170,43,1
1901801,20170,1,0
1901801,1234,2,0
1901801,3005,3,0
1901801,1447,4,0
1901801,1342,5,0
1901801,20298,6,0
1901801,1326,7,0
1901801,1341,8,0
1901801,993,9,0
1901801,842,10,0
1901801,734,11,0
1901801,1003,12,0
1901801,853,13,0
1901801,1442,14,0
1901801,1443,15,0
1901801,1116,16,0
1901801,1121,17,0
1901801,2142,18,0
1901801,2143,19,0
1901801,2144,20,0
1901801,2145,21,0
1901801,1351,22,0
1901801,873,23,0
1901801,874,24,0
1901801,875,25,0
1901801,876,26,0
1901801,939,27,0
1901801,940,28,0
1901801,1251,29,0
1901801,942,30,0
1901801,943,31,0
1901801,945,32,0
1901801,971,33,0
1901801,946,34,0
1901801,947,35,0
1901801,1314,36,0
1901801,948,37,0
1901801,950,38,0
1901801,2272,39,0
1901801,1352,40,0
1901801,951,41,0
1901801,2454,42,0
1901801,2457,43,1
1901900,2162,1,0
1901900,1527,2,0
1901900,478,3,0
1901900,479,4,0
1901900,480,5,0
1901900,2075,6,0
1901900,676,7,0
1901900,677,8,0
1901900,678,9,0
1901900,2076,10,0
1901900,487,11,0
1901900,488,12,0
1901900,489,13,0
1901900,490,14,0
1901900,491,15,0
1901900,492,16,0
1901900,493,17,0
1901900,494,18,0
1901900,2079,19,0
1901900,173,20,0
1901900,174,21,0
1901900,577,22,0
1901900,578,23,0
1901900,580,24,0
1901900,581,25,0
1901900,582,26,0
1901900,583,27,0
1901900,584,28,0
1901900,585,29,0
1901900,693,30,0
1901900,694,31,0
1901900,1139,32,0
1901900,697,33,0
1901900,698,34,0
1901900,699,35,0
1901900,700,36,0
1901900,701,37,0
1901900,702,38,0
1901900,703,39,0
1901900,1541,40,0
1901900,1053,41,0
1901900,705,42,0
1901900,706,43,0
1901900,707,44,0
1901900,708,45,0
1901900,709,46,0
1901900,710,47,0
1901900,349,48,0
1901900,90001,49,0
1901900,2,50,0
1901900,208,51,0
1901900,499,52,0
1901900,500,53,0
1901900,501,54,1
2400100,10298,1,0
2400100,70001,1,0
2400100,1,2,0
2400100,2009,2,1
2400101,2008,1,0
2400101,501,2,1
2400300,60501,1,0
2400300,2037,2,1
2400301,2037,1,0
2400301,1,2,0
2400301,501,2,1
2400400,10298,1,0
2400400,501,2,1
2400401,2063,1,0
2400401,30501,1,0
2400401,1464,2,0
2400401,298,2,1
2400500,10501,1,0
2400500,2037,2,1
2400600,2076,1,0
2400600,170,2,1
2400601,10170,1,0
2400601,1382,2,1
2400700,80001,1,0
2400700,10501,1,0
2400700,2037,2,0
2400700,501,2,1
2400701,234,1,0
2400701,501,2,1
2400800,40170,1,0
2400800,110001,1,0
2400800,1,2,0
2400800,2037,2,1
2400801,60001,1,0
2400801,170,2,1
2400900,50170,1,0
2400900,70501,1,0
2400900,501,2,0
2400900,2097,2,1
2401100,20298,1,0
2401100,50170,1,0
2401100,54,2,0
2401100,298,2,1
2401101,10298,1,0
2401101,30170,1,0
2401101,54,1,0
2401101,298,2,0
2401101,1280,2,1
2401200,195,1,0
2401200,20298,1,0
2401200,501,2,0
2401200,129,2,0
2401200,1,2,1
2401201,195,1,0
2401201,20501,1,0
2401201,298,2,0
2401201,129,2,1
2401600,20170,1,0
2401600,129,2,1
2401601,195,1,0
2401601,170,2,1
2401700,10298,1,0
2401700,501,2,1
2401701,30501,1,0
2401701,298,2,1
2401901,1381,1,0
2401901,478,2,1
